7211
463595
907883
991829
869868
690871
646615
659989
455315
693463
279734
353913
221358
785068
53425
256406
263276
877125
705840
107970
916994
919933
616911
799242
374705
376021
564828
230776
523714
118472
362136
626234
415358
699336
663110
38614
232255
195889
327193
193886
439293
895190
710527
294535
212493
434157
393152
762860
139802
570951
523249
652872
707824
855208
825684
107642
732057
239842
402980
685454
930353
444607
504090
402579
294435
480411
143222
361602
907827
417779
619300
395208
375894
442703
429347
722251
434217
411375
258479
717296
659014
932318
360799
620751
640656
243616
687676
549763
208834
665735
557880
240459
541601
382089
276828
364369
626077
161723
352661
351522
293356
516245
767753
455226
436411
654881
717673
592561
363061
981135
498838
484741
626129
764991
401472
944033
696026
520544
428513
165562
884154
870304
865603
294541
320487
550085
475212
286018
982218
373887
189681
786272
35610
100507
191738
317230
649863
549006
806401
867229
395363
959584
392475
654983
425620
285362
804960
56166
527645
570909
341248
341043
214463
216693
864665
454197
241844
11529
292161
475428
881504
104648
130793
527440
911824
673110
770818
455934
515694
713008
86164
205674
998500
263332
707531
400998
975353
259920
602848
968150
939122
356407
946400
419872
293226
245904
587277
81822
677497
694975
612019
344155
496403
442139
505824
291229
868009
888787
199337
678192
257315
623272
714195
697248
706704
486038
961356
361034
707399
843200
855903
801692
189111
492633
284575
362640
919177
197035
490915
703588
427779
361090
203611
682415
40965
780347
422387
478873
665556
891641
60266
371427
19580
273105
856233
343581
812935
157297
256255
772308
599076
146196
9836
865178
508087
762621
652447
192846
948853
418492
466443
512435
460838
151231
92023
546172
565301
608238
133440
995544
390359
78224
265898
556112
479851
555175
815824
628045
858638
555000
944410
708845
348390
759688
894048
659570
533711
562520
562845
350771
875225
618336
763335
885265
457173
401018
845927
103097
164699
521321
667486
353348
871340
100852
560841
673549
79015
47833
531695
760653
496819
672027
631147
397738
932272
577407
88799
78024
79353
456147
514962
398423
278814
545053
105242
366195
182567
677357
892799
558204
136638
572753
955392
755617
240164
330966
373410
816253
409352
563099
905778
714598
300660
59967
943848
812500
518827
151969
572920
898913
751414
850273
801041
333936
49213
6431
383950
393656
643291
900308
395254
277886
785200
789885
455033
28032
117801
972126
452075
281307
625102
493368
52288
37110
766481
338762
228177
355809
420790
378012
356021
834248
509289
302645
584955
264161
270632
507454
909399
575206
330904
818692
358825
491807
972872
873802
352622
772775
764853
7841
593497
433647
336466
377541
260697
536108
684771
663498
73658
215570
603223
548809
19930
431920
263249
14971
876293
77230
582017
643498
950448
891147
567308
310694
242096
839903
510843
16670
752068
140690
64560
12113
568734
849353
759885
235138
480860
45862
760430
833653
854928
328696
422286
132722
540120
381722
574183
72136
570816
707599
811432
337818
521318
10377
917049
462689
893350
400574
282171
760876
481761
816283
518409
782772
796094
847821
900429
752726
137741
651724
130794
697714
211755
970089
73363
280120
171694
148234
977492
537483
624755
597408
420627
294257
805000
892996
574477
975223
905047
193239
762881
227341
309828
449547
372430
704488
413114
197113
834766
312035
486712
293214
318990
416351
819969
469974
343997
658062
962745
184483
449706
451197
412549
170889
208686
127227
223070
244312
764930
734017
532006
779590
431881
26694
253720
574148
310156
798329
305648
739775
542965
828140
479251
428509
439406
125004
205365
597707
394521
853510
25728
9153
878375
841870
899354
462240
847237
354696
683280
356981
412672
159515
980011
924650
566203
197043
651771
473669
825473
167655
800715
793619
829214
332689
156242
784666
205156
965670
169214
970096
771320
889250
328896
353012
363469
220103
132688
721707
811988
824705
93871
173785
134999
253648
751573
553510
803758
887779
902925
873710
665594
910851
29403
574689
464491
721970
24056
143758
243858
547689
965356
281357
90208
112933
537081
766779
433396
304804
429142
396423
191688
865091
741915
525079
970577
333876
183705
950667
850299
224541
471349
937286
55472
207689
819888
56621
387968
714758
363656
236386
614920
816498
92268
721998
367049
895397
466411
19564
412547
450826
282765
277137
75639
445412
65419
829594
313353
523339
164586
651311
79299
80459
930165
239401
199397
338619
179026
658826
977625
783553
979261
187156
158393
495650
485540
118014
188556
461290
285354
160523
560649
751689
566666
873112
621615
532074
625703
185929
308172
199473
103643
156085
99991
867878
913960
977860
17640
977348
29526
212326
618576
223163
868972
46947
459995
104748
564422
70583
308603
47557
138528
449483
415335
137755
487360
125902
419927
572753
25926
802536
906173
891901
944765
938286
841151
730438
967752
151016
644857
988021
282613
859369
743987
953770
38799
537717
719586
667648
558637
667080
580895
917077
10747
722438
32566
142802
73146
782955
219177
81346
943585
112611
652915
538576
863345
457106
182072
669531
30908
704093
57163
670016
184449
374083
493421
101025
685606
123645
886998
881610
797272
316117
805342
924685
560790
791586
887868
933523
229645
441100
679853
180093
319669
964503
335192
909320
529166
28006
504978
129611
752700
732715
86902
217587
511947
954147
386169
60794
880018
104060
820280
740775
283614
953824
937630
192733
618938
395225
654000
203750
13356
971972
600753
728000
494540
16433
247967
473556
642234
739586
923988
741859
977918
532350
82217
297497
506412
954630
315912
255175
34633
14631
325494
17719
951996
432617
462534
288693
359657
873553
211003
897708
433052
368888
885563
197933
242170
483729
300967
491358
314245
758722
862450
655722
808539
329700
364918
664791
54432
221587
749561
156202
561250
19969
808578
412606
669101
410722
706031
962682
419798
689182
491403
294585
681361
631419
556768
464608
39291
381016
370907
446594
970685
387065
772148
242723
860628
244104
66143
614485
832675
953446
105126
339326
586096
740447
830032
402597
389198
149319
301430
188781
244765
641789
708915
505312
805529
723419
248464
830284
445519
355018
559957
860907
503133
544231
897759
489068
434649
257392
695462
516292
899902
347241
186524
93758
452055
867259
133459
548805
487765
640146
512302
722802
16266
947954
862895
323104
537150
515835
485963
16207
665940
819503
714851
99062
460126
23639
379850
739586
26487
157228
108635
167820
483591
395589
398689
822484
959309
377990
195309
50827
234104
268858
863326
181470
264584
174058
622210
535258
505303
813317
40190
218497
746189
745946
341749
122007
852815
148346
814750
931990
27463
852504
861368
328722
132966
419181
747727
778675
647113
33883
130147
472092
801241
223728
97372
531607
190040
933925
577922
203425
411854
764306
971822
302020
497990
757245
458745
142792
509678
720427
88810
628013
69416
103734
663176
330891
619931
530094
52540
213122
927132
968299
264531
729096
639145
563393
882527
935523
500141
594317
194131
815560
540259
815113
663289
409781
997394
824921
185042
356700
380516
455745
693522
547903
292657
122983
284222
272424
191641
241120
886528
490482
516312
184054
853772
963782
437535
57328
958190
504268
408983
147018
743571
667909
785221
271717
217426
493053
412883
306944
386776
918907
129309
652413
741360
631299
5749
113687
862121
854563
137887
854200
395688
180251
290242
51686
681902
751428
433979
689889
595697
425047
802521
903654
427854
497495
157797
549764
378062
446625
532840
894445
233906
394385
940190
883207
308402
45294
604988
255868
607317
667532
697185
282500
502064
532605
450652
469886
487083
208818
851653
612129
480488
409803
820182
98340
989366
387765
702450
612634
280298
822755
394205
973663
363551
401610
582564
651529
294900
376808
922890
325798
64397
988405
276709
159862
142144
574915
669656
511866
70476
369359
857072
530675
470611
55626
900753
627615
54246
700810
930164
238682
246152
230223
82049
975249
263744
347133
22714
398196
347891
202900
744980
894328
738927
275511
396528
910339
579609
959271
661189
362929
395480
527274
65233
432277
84191
206568
668582
439423
312800
603224
215762
843563
724433
428475
257991
860620
55754
864879
240395
54236
582214
724128
35582
338570
218736
40480
487731
193006
978023
881825
947082
891597
274265
590169
305144
937975
563946
974458
489659
7489
197806
120489
626203
345413
366259
827225
457196
43172
121417
318106
838489
745331
951268
370467
609403
996874
398725
663679
449319
45643
741753
690728
237166
627563
59984
806126
74467
636478
484561
429011
917135
734093
219172
85116
289122
5245
346558
955185
115830
248136
962649
723010
459893
785269
843658
422549
610733
854741
192214
588888
567908
525241
841190
20900
733436
293011
452632
966995
218230
890880
813156
318959
634170
127226
917031
799387
499293
470636
719966
959338
511498
614470
891745
785064
12778
965179
660283
661853
24092
101898
541979
841016
571062
500034
122635
396126
781654
967502
236735
444893
35185
989545
503008
585742
157583
564024
74948
522928
553033
559483
657320
544156
155041
362549
445934
25447
887226
297527
362943
700018
946691
775080
598897
234784
620695
826707
130038
576584
783178
968016
690539
849341
467616
819903
16136
456739
581622
119746
491809
432646
258543
466797
183342
392198
340677
5893
559198
73478
195161
66551
687912
638049
526029
161521
107983
543124
327606
829594
363193
89177
775603
825254
941943
244241
993247
179349
958464
452089
265542
973838
151936
747293
632645
549632
177483
176215
67664
618113
435106
854108
804158
678200
1718
384887
501028
648374
327562
542658
826706
134892
728964
148910
543846
348064
152341
211869
467574
217589
727178
218485
367098
586555
702928
493052
539553
947748
18375
465219
61152
859998
836031
250303
780844
742553
199600
611533
442192
806318
258597
908153
680516
608423
38381
719230
553715
646350
134835
29432
905436
508045
385527
283334
239727
375848
533593
688288
745191
835228
630214
535895
858193
366547
656042
940158
560965
58759
123393
822240
542555
490976
669046
20453
463317
863324
318853
877778
57868
410879
715849
879516
955604
742213
120510
866166
793803
522008
850201
450918
96539
610000
319327
170356
818610
504050
418823
246902
301805
679964
250169
398123
601183
193042
764356
245865
872960
659271
997058
856763
204217
183730
895143
352984
802300
786771
100911
640459
833738
364394
507106
955367
527059
771739
51064
299820
456042
230118
489359
152746
477486
941910
849855
329960
643320
250440
259464
720712
100262
638745
19927
144577
767195
760793
908393
20143
391574
230768
822957
917841
889270
45249
936921
158116
855895
203376
146849
952742
352948
69143
785215
745551
772415
667361
715990
71907
687628
419647
819561
56087
143557
322446
242268
270107
747192
193867
153157
518987
794011
153255
307239
931709
83776
945990
782947
108151
795191
641162
751035
233809
158833
778144
489644
85867
622159
497273
464777
664657
769037
737918
744380
947819
869365
755831
983885
385312
653309
147106
310007
244617
708788
460237
517738
649939
8401
537404
876874
54692
830193
268771
594815
304590
110141
161533
504914
209372
701202
571539
544169
943382
744104
731978
29779
12267
497093
725470
841539
323414
410831
820448
386078
593743
953294
928922
56701
55499
357831
987694
171993
283456
204983
874871
86171
560816
801736
106351
382526
148657
953639
902327
125420
131694
899091
588648
203492
864263
885806
507927
53875
172429
31245
751264
683616
223176
846183
377641
663905
568250
949825
934174
42033
807448
404413
34219
537840
841516
146254
405851
733537
540530
407821
295175
684725
485398
361294
395597
179474
152984
814454
433854
957039
234112
286919
630376
160298
669630
169538
396636
707875
333491
853879
758286
39691
847427
931409
665358
131263
531852
700172
593174
156197
340096
670711
399105
889600
223449
221766
693807
641314
160829
754211
589753
149862
167846
523175
776815
882555
855098
385385
698406
887809
990220
531989
918692
36135
431011
156006
886452
965607
617384
959006
761268
980854
726010
198929
60085
408875
435025
973605
584266
42514
883144
584211
538539
733157
470139
796971
372723
1709
590182
846810
938570
913587
332177
63234
647725
383220
650285
198908
457492
79802
660128
478791
723910
2040
492917
11394
687232
366025
183828
29837
404880
563882
232852
77302
239926
865290
625895
352660
68183
964517
393825
512783
296020
584351
