10356
76935
899543
806866
175744
829003
836583
63305
29615
465052
191778
548172
199509
934396
359290
923009
475870
208552
375093
433298
113414
975400
80079
991078
534558
164966
370903
241681
367236
154956
165901
763390
746099
569067
774187
776810
5808
721101
690708
807248
684972
787999
422378
560737
419163
939931
693391
204846
201788
394703
666727
883289
741257
76419
305442
223094
691794
703817
525258
329136
338865
252028
426746
432482
714304
593542
805403
683263
466271
574353
739040
709050
935480
147234
132891
447858
277550
435978
373566
62887
901210
934456
345856
470044
26508
969743
261882
508692
97702
440372
364815
87207
47372
105461
561723
893339
161321
676093
83824
504694
240736
528916
825438
459432
309010
989172
38206
569615
225849
538252
659714
882287
520778
690545
460186
104628
25455
917446
656087
128903
119335
406662
115995
818965
461635
860694
942453
391086
787106
201836
924083
534239
186980
444739
591836
483144
315119
398497
538607
54244
370795
21728
853069
849946
55721
150300
26622
365641
660352
565380
746099
824417
948704
431044
234788
415097
420307
659174
185286
467464
881177
246473
632054
850591
182223
873155
470343
314823
176293
415362
912920
719439
481637
872819
584451
847532
234572
14321
470283
632073
590980
362910
758098
222754
494267
713074
706653
968927
630551
578308
879816
438557
533590
518506
357409
94908
524031
397664
971179
858919
892721
13648
392302
677697
471814
726268
280236
955747
637258
17747
214295
525083
866553
882477
868919
216440
306395
690209
482092
444373
498891
7123
153679
336176
314741
821682
141332
180455
111029
126595
323519
853031
543676
446747
154718
950146
677187
321385
404260
757351
527566
70284
301119
273873
835301
777666
80221
464209
378202
21503
326148
562397
505759
964074
705429
490005
531131
77536
685594
917638
132144
303570
365014
994826
186515
328733
91466
707332
377091
32552
842862
768436
365164
427199
575141
984831
343000
153443
515417
222112
850231
188270
855407
247329
791823
444658
332935
267027
971564
300766
204137
229418
346114
991589
198091
712672
523151
271612
559067
788563
159712
337909
638459
870152
950770
276131
245624
55475
200954
134927
764317
616372
290639
273772
497083
61145
959144
752420
25096
84026
223470
622497
753692
710613
318163
885390
901934
965091
888270
376845
845763
616812
854965
551416
318439
723324
476359
544459
238653
134194
943808
474189
727645
862957
194590
914236
458442
790099
146291
302941
720565
491310
275299
293017
267154
215400
98341
349628
64736
788173
808440
27031
346561
555761
807123
401775
113626
140584
868082
289522
632480
212603
262493
223886
392268
775140
560625
132306
4902
728158
669228
528838
868869
717419
498572
570629
507910
980895
929926
88595
103504
79618
405674
507585
949716
843667
926667
382793
203396
921972
833955
381735
85354
669676
263089
489622
954813
926123
555493
883971
824012
951765
830336
437407
882704
167063
261633
282677
81816
172624
765151
965565
622086
585370
13515
101373
777167
888550
165680
356683
860052
650758
897398
517496
111398
890314
215491
360886
706945
564005
822101
115653
535310
498473
428188
306441
13306
979739
794896
930811
681231
358214
359460
173849
952816
540792
76973
74967
179365
446556
627074
331536
150722
847064
887389
853635
277299
608417
565566
130922
662040
79331
606490
859556
916188
854633
197566
654614
123171
33356
460321
597609
352302
593767
486823
26651
120994
939031
789281
332105
509093
868761
98638
939287
945677
279493
478815
597877
208673
974443
955213
944489
274852
355796
574357
282222
77280
287060
414615
759275
570496
757493
677687
655855
210002
787143
429063
285165
895369
861634
400726
186885
883699
552740
548462
449122
268862
675436
396171
447518
917407
994216
358279
102
491333
137587
998226
255757
664786
915786
780566
526331
538727
884249
544753
34855
806821
766611
661210
595970
442930
907323
380539
411182
875429
165512
690816
290984
475407
954874
647828
386981
295914
914037
620392
626785
216725
868155
995207
586760
178825
436022
90452
31266
29626
409072
714301
291889
20174
54876
235705
866699
538931
361752
10835
92344
624353
53871
766096
275167
14315
163227
317965
652698
621974
551068
359810
389001
549251
414678
589245
557675
491886
993731
571050
895274
324110
825532
255842
814264
590767
793757
985572
915877
641494
288448
150725
134079
553590
409338
724038
183553
17227
13893
424886
1748
856126
813209
389906
86024
372936
7765
12828
412049
932670
233076
374699
91643
537846
885289
658185
704443
377837
864188
739037
313379
847053
582542
87580
552533
656707
349526
432269
440694
739704
302487
282252
950285
393739
533917
459527
774562
452527
186987
273295
366518
464933
415988
191549
502682
383444
947024
118707
965842
493721
81247
129365
274176
671169
692245
461488
418084
698355
343703
807175
66465
667643
459692
774244
887159
80913
42552
616017
959203
936504
966950
332352
70713
225273
893138
774444
759560
803448
552307
600990
886817
306897
554576
21742
379477
971159
516671
168920
570615
103808
691903
239048
897819
124084
762105
54648
69652
409967
433546
201245
982765
78937
749670
698374
425533
840331
696929
82828
681853
458133
211881
474953
474573
646800
201428
568594
771761
410224
859186
299913
398749
237446
627254
79490
457372
875553
511880
469460
679578
544033
248427
48441
98484
883268
364609
434643
795585
572536
619771
212664
826293
971239
525832
614108
494824
613151
169879
75673
924636
586924
369661
944581
954847
805355
756435
50209
35406
523636
784132
204883
348523
961595
656144
342571
854756
338879
923401
584567
196974
95619
698804
481461
217016
343652
741826
703975
140926
75389
337297
374116
104090
359912
30046
710700
258949
3666
703130
717858
424648
584765
345669
353765
91251
856369
434736
15256
138469
416834
415309
738218
500397
655043
44524
637125
597617
507724
961874
415662
834973
962158
501089
435173
89637
686376
574875
401342
753112
769418
671576
447750
483582
201869
605753
350448
490228
913558
410190
173127
110310
175832
31569
642336
653090
689295
692358
23090
279709
667229
734697
253378
777739
640715
498700
400969
664200
34177
246089
253281
731027
703646
202365
940089
584823
285858
969516
873867
160942
606161
93897
622844
38674
166160
72128
185809
446299
3217
350170
25689
62606
445530
355494
767681
410400
786691
346511
809995
145990
371879
671862
304993
791208
262327
862856
457343
226087
925658
249010
244225
979575
943501
709321
605073
766691
409831
40924
273660
840913
98097
191010
264680
629716
919672
128143
600997
825618
686104
278597
317198
897767
706692
397217
905420
939186
538395
158066
503957
546563
345348
419692
233668
535804
393271
404954
276083
778379
750625
538018
735715
603221
839275
493017
439223
128312
282469
169568
553418
971243
202520
931378
555062
8825
290432
176705
525675
323623
405539
274096
848510
496928
455572
899989
528812
810747
62540
721921
829090
66667
47477
117055
326121
189490
396650
133424
732761
900801
787741
552667
186284
38467
343246
644593
457735
559208
547586
614110
176470
325818
527453
996861
454908
850253
643031
22655
704049
243813
664184
312108
715447
561472
971267
984699
475795
458106
278353
268076
851445
974143
265730
539144
181045
475815
592067
668747
542247
747632
151547
644885
751654
317548
449716
622126
29010
919250
516056
179470
459305
995525
950951
686919
980657
52245
25471
784757
595132
224330
49309
957978
109942
203329
331786
680733
228158
59482
384420
382295
782999
618636
263665
573935
247746
646964
387325
399580
389846
313881
680949
171922
487801
743172
300971
739371
776273
813771
785078
552178
64585
984287
138733
99323
422452
745113
160979
937349
328341
340358
197690
101118
84425
440889
465087
384121
547378
611847
979141
786192
508454
823256
755324
191042
654274
671780
978207
29782
458939
576725
803217
42406
395556
298953
868637
561809
342313
718645
894431
632156
772754
13994
488369
656708
445525
239401
455822
68153
712331
163165
860013
704621
401267
941758
709332
677214
702099
963384
853187
317626
270789
721437
637539
115684
920403
451162
741054
227782
562758
223022
748650
353747
729312
412556
606778
313200
370776
435675
31055
89120
701922
62005
1045
356512
339885
241908
640334
652119
806966
339338
752077
373669
651988
952296
639841
352119
778726
987820
998605
238471
102138
775249
796073
386787
447897
879283
430924
102746
215768
166469
281148
581414
689741
859924
173663
305577
347894
955099
448221
696028
177726
355755
617112
896601
571722
579457
261688
487943
257795
311827
659525
901614
658054
19468
578972
921273
381385
81949
336436
418140
245883
553637
940588
391537
690769
869003
824142
370879
990034
532212
302905
281227
362612
838383
960314
500
841541
603842
416036
754292
315487
470497
925274
882753
888998
79941
833818
909950
466032
517660
475405
546189
203528
997641
629641
493398
35238
781321
425297
719327
535850
800084
168684
212969
939877
530325
298880
176049
916098
514268
983113
646645
583086
697955
875904
999008
556715
267772
891598
982278
127733
312089
580311
154696
19494
952298
638899
859195
450127
363955
904806
451469
392603
334113
84538
40187
841988
253792
503032
616851
446381
99189
933816
149078
563013
355127
75001
780190
684053
656914
733782
808671
136506
273751
585875
818727
629603
161859
503494
809277
414070
632656
602042
248152
99252
106145
179179
115035
621876
831312
707
181294
242382
766782
639123
327194
977927
439772
233109
786725
919218
989088
460567
640621
690142
393492
341087
238892
737726
89040
629793
919922
432448
811311
373004
562138
901536
682672
718658
774220
531846
165747
177737
984613
720576
482972
433492
365859
4242
505262
499275
277932
504360
776042
868184
42513
55116
824012
485977
570415
432027
318707
793373
684355
695692
19626
651207
593158
229759
155387
341674
300460
92141
593387
50298
419474
20826
867253
747089
38969
828181
819252
100067
721388
544302
182969
926285
868210
886293
147019
533735
568770
581677
105635
312497
983366
937596
91302
133322
382241
878957
438133
90876
358261
977403
269581
321571
721510
676775
129817
461707
748104
22066
868888
152236
928508
851195
336719
337676
491490
592111
450412
954033
115228
908319
371972
862732
511939
925805
551080
218405
44264
667286
483712
725807
926003
619488
899850
81034
428481
831848
741128
454794
466921
711502
526578
710392
211158
516425
552275
598761
52049
935196
208198
39487
525827
186674
830473
778824
902622
891873
535479
177868
760123
195947
351460
446870
365736
599589
899856
639150
420284
162210
480428
369210
628519
753663
197659
573609
731841
832004
165768
780918
30798
196126
576510
671691
160119
428863
412618
51420
917577
841544
768793
212813
503967
77377
830034
396619
625549
547787
117081
680910
314402
122353
592556
973961
393850
505011
87471
677699
124442
23399
462704
696211
173942
849467
471331
681860
112368
411197
784620
539150
254720
729613
114610
763759
181935
968940
971241
221045
239800
371972
71073
974812
141457
93590
84521
121781
628177
175138
513219
740249
628145
588767
569423
131770
933727
665405
465200
759588
500071
768636
252328
975865
191125
461391
609694
104064
615958
335137
805596
586258
821091
399755
185940
460884
335401
926684
408624
616843
630615
918464
649290
827276
108525
3995
235706
261115
123404
477050
274068
34417
711489
724992
772937
754882
193142
493430
387333
268217
991568
54258
520001
964949
584019
829574
99761
794883
880198
526777
719165
980294
997292
133704
151665
466945
63355
733630
909428
684198
450646
759535
745982
281205
194405
949287
851396
843012
699333
351230
146240
813027
302960
933852
390311
780688
763507
758399
589105
836678
440416
786339
568669
88308
739037
237595
47073
83089
125190
571822
404237
11330
93324
874147
348969
386270
629627
279548
951399
648955
402027
943585
146271
286808
768570
973805
349800
257822
477216
784379
136970
374726
967863
297189
878726
313110
613603
881172
927725
119148
237335
692516
929243
849589
28974
741054
42326
607610
59599
740543
310210
5853
871001
682368
884695
111553
989110
107747
310307
257671
506659
528251
109179
149992
877189
552956
477925
620752
818681
601738
542651
213428
179374
36916
235052
665283
127736
615937
447885
511829
599681
368961
99537
298757
853341
935550
606682
32220
891524
816812
474194
364086
192413
495774
59333
331143
190514
549950
281802
258532
948888
32470
368875
970249
15694
30370
675201
395218
278642
613760
42097
44460
352940
169695
773117
89301
35159
578041
427567
409193
834426
298625
611525
616475
221088
905204
872185
310141
887612
549997
889804
218237
987286
861541
605683
470294
182822
874197
29043
934697
39922
555988
333185
878643
809869
727611
82001
83240
162842
229429
206787
537847
619143
501165
831412
160169
186498
248968
290681
594019
376481
92141
681404
284758
257428
536382
847247
829292
722853
875665
480743
601602
582341
267148
402390
145532
919691
392888
915268
568840
439610
447919
171888
385704
420980
808431
871045
397594
498503
632766
640456
119770
679623
857644
353786
191802
943189
864025
489924
195270
128885
829766
641396
582071
130938
435062
43435
817816
483579
514552
401365
124191
418547
861057
712349
637522
430085
100248
833054
938023
825984
157480
511634
541762
906616
872881
156231
435573
160101
334234
52896
263073
349846
478779
468799
441429
939385
140211
697930
218023
464337
459183
978140
954904
125972
723028
522062
635952
921253
521708
949751
726119
181250
135859
310313
654981
371141
355069
615206
421120
424404
112377
435621
341940
832355
454109
207479
288183
230151
166894
292956
987959
678972
618873
70852
400040
613375
815008
603630
55767
565350
575953
819872
488970
67909
103779
912146
854056
237178
204922
183105
636007
969135
403458
774432
173599
32395
588143
733044
485441
557879
150692
595666
645355
53428
916588
797201
543739
516601
94991
696966
253917
271418
641721
327239
787240
548172
50225
741410
527059
769003
570801
261981
358863
529004
886499
708266
126809
444146
693840
472075
698408
517733
813734
698882
976780
85601
538710
391771
498110
439967
658088
524443
13425
285877
330012
1643
385249
131774
528826
849169
109189
305431
759128
700138
314607
916105
832792
13190
250172
819569
49412
750854
41823
909951
590454
901784
222301
734947
104448
212955
526728
942722
212044
13454
658515
899935
330986
171606
915180
346385
906575
268178
128662
789850
932991
422182
881766
745204
977801
517282
976580
943051
422536
946823
139868
215684
166025
383799
223017
165770
468378
48710
22800
657439
308627
780410
460556
20805
735763
198609
755525
442690
81853
17286
228299
283967
716308
173053
162590
632083
664347
325570
499140
710941
163106
645814
863189
962958
671266
959532
28678
209532
329035
24678
253330
429910
507121
692049
657426
946980
203862
727034
248613
610017
130261
69731
458979
100264
738684
795155
463405
424829
259857
390704
874948
735788
649405
991373
381945
310066
211744
1265
512396
935871
444692
507937
766227
311046
849679
57236
172617
349946
827607
282883
697648
705172
304110
902276
130056
375219
158693
730835
817548
203267
800685
825763
677309
915150
543213
163156
6211
552704
282197
398492
742059
846617
186651
145448
848072
246658
269355
989140
825788
578812
123117
604085
1130
881901
338324
679990
137973
93252
670408
206791
434834
206603
980503
180749
594722
516588
14205
546395
451816
817914
850815
227728
460119
702883
972099
87342
54087
347543
235129
637720
404529
53202
617721
873102
293885
338857
931889
762651
16318
970670
823867
195018
707578
165095
996985
535459
270937
54610
771810
697383
62766
183309
548291
691211
338011
156537
592808
944887
346283
379889
960908
992696
214359
241722
276005
45130
152656
997972
224191
847632
79913
544470
461665
227735
151238
898856
1465
535156
669430
658932
583836
233181
108022
294172
712364
602009
722705
906847
617001
837814
723744
938217
248704
708454
559819
775196
571613
141073
447158
997727
564682
186068
121080
922391
351948
912005
953278
678080
969102
35505
181992
35485
577155
979886
359299
457412
824575
10478
631057
84875
567198
876857
107773
505672
39003
193861
912451
198814
165600
944973
123190
758850
127796
794987
136697
455345
922257
307278
345585
230594
697334
344752
272030
532271
602512
212559
816584
5718
192192
456718
58146
483482
724603
289481
633424
31272
944744
663756
537928
611102
640265
253009
842799
856334
676391
448149
207828
311663
822692
256600
390027
321659
188068
281178
280410
325316
721826
51090
705475
18001
155127
312106
217281
185704
421208
717749
76471
705058
756054
13434
445376
187922
818445
200725
29972
903629
630453
145177
419560
164937
667390
700683
56000
695593
22113
242702
499579
854466
606165
922253
813843
780815
830
716443
692391
284821
677844
275242
549637
947295
386405
654382
503032
320007
94301
933867
307825
684830
120194
769877
830224
986302
119484
635279
483728
190514
428135
29426
410418
714205
428558
638570
580023
881899
673711
775450
835738
169645
327355
875287
289172
101580
19564
555588
792678
822455
608359
63374
633488
855329
750411
372187
105084
317664
749735
148802
924713
256399
610952
764745
674323
139434
277461
33303
921042
366357
907496
344620
519381
60693
720960
732444
904524
50913
461169
845489
530403
791772
954992
948577
500514
889117
26202
365785
778819
490330
774343
568752
581753
874751
898128
861166
222052
751608
803648
349750
12642
56011
762444
832197
405375
574615
747103
312175
581400
589326
547500
803396
79224
617618
80143
949968
541190
60050
11961
500985
255848
543413
882377
819255
734658
842474
60438
280816
161416
732325
206962
565577
558809
245377
122728
238190
753468
87254
450638
184959
908654
614639
198762
232520
247331
8523
734130
24487
327479
355684
528454
115144
422143
373903
689138
759715
640833
220947
153847
307740
415029
68933
363928
953946
604297
87207
659072
153276
967416
407237
560150
278429
842619
197763
258498
724009
116739
12029
886461
114931
883395
647407
735293
453172
220934
75111
592748
679057
323308
630884
707618
469832
374355
272227
539015
775917
960248
956925
888341
415518
362308
822999
289142
426367
88929
971299
541585
368487
618636
169106
842237
511815
604679
466691
293943
619001
733538
968670
750546
662652
93036
9650
626178
384801
942768
300076
134927
987531
554892
413932
1586
558913
326056
199135
568970
637577
485433
66401
861988
969542
584765
494629
697468
510770
540875
901540
545455
180480
308313
142136
385801
941293
60546
567427
208714
680375
598076
510900
230929
280840
4135
669242
12970
502875
758368
165685
746736
893811
575692
110614
11371
986123
91686
213107
204034
904431
560135
105039
673462
712716
323948
807526
559287
968217
491169
807495
771020
315528
25002
985063
687311
814471
642006
620600
190034
206763
387769
106338
598625
873791
74168
884225
942725
155658
641636
590665
707605
276025
346338
782962
413533
216616
35217
289260
185204
574543
257726
907772
152777
772448
537480
807593
846650
994555
292546
786009
546582
27449
671075
500693
691093
890010
837495
106947
700858
564002
827248
594750
704285
261138
661668
299055
457025
989553
277351
806832
800681
767743
501565
515408
58566
883421
102359
781102
82902
811236
709536
363957
973448
176379
347766
511019
610595
848974
29043
949197
755118
288063
67761
335755
79853
476924
635670
238996
863419
37078
805977
860355
445641
256368
152356
69746
898651
911496
795577
442777
270670
256259
602839
714898
340821
712612
883303
600874
444597
895022
329473
84759
127593
69492
973600
427036
479422
822544
225630
757692
368620
653811
863682
104160
285715
564282
628572
69545
726385
234592
578437
85723
819577
395389
205665
556445
458498
55819
374232
758080
688153
115195
961720
195813
179618
439372
174218
446466
821741
319069
27107
844847
679169
996185
705762
284509
1401
168251
864812
764745
532767
303535
103983
994163
875861
147076
894400
744023
123752
697632
121230
736800
59418
77662
219813
159621
428625
894174
313884
192260
600589
867417
493148
361730
786791
323250
865333
113864
113645
420161
508143
851346
743475
764244
811498
276522
165150
707067
609680
109751
225976
797727
477215
198910
960335
480963
942646
654461
85106
995284
242673
85009
604402
156511
749272
462264
15325
974452
166702
106644
934360
511470
331782
874176
143145
103261
671901
408820
405823
697728
595176
999272
336253
399959
834501
313868
267154
145349
694585
868982
277553
483268
257079
3299
896238
932078
9501
218536
307084
36838
917925
425663
12424
730861
564567
832027
149798
748617
792280
118418
567882
424710
539928
13191
760985
44801
504382
123386
2534
458899
65344
558185
542361
167177
806272
335696
698270
564749
619556
357698
972513
550970
847176
957246
72609
513526
274420
513503
582348
862934
900551
949961
119646
246622
250309
722181
972698
496832
800176
819645
987074
759255
288229
204649
60021
624718
401263
231109
469690
725281
953099
690538
792850
597053
312370
420878
984035
255412
698659
529554
993973
542290
859074
271430
116389
955155
175999
760510
527967
26253
888223
163704
942715
156006
769370
966466
46482
753923
149806
304590
567660
749224
53883
299958
860783
53539
624760
4648
2396
934534
30655
897791
915258
526328
518077
103017
756322
138387
895236
429955
416529
681914
651888
925717
510932
354623
917988
880831
272905
83466
410205
763253
529187
352285
216466
784146
467716
967057
392447
47564
207123
217650
267484
355530
435118
675175
143860
461362
328104
838608
895572
977689
906471
39271
423977
557029
302220
4806
204528
751061
218212
430637
414420
853499
207817
671908
192990
513549
883706
453606
936966
119679
654821
667456
166872
993511
946350
544680
310264
526438
134972
262658
969852
384077
130782
621053
101173
266424
453507
598651
543055
625421
253282
223055
937114
956614
973973
701576
267670
356704
209347
43209
172306
8603
185074
819625
595894
677288
40855
104014
186589
211204
172572
299438
759227
843084
352690
680310
169597
234950
115686
335183
528852
888788
430524
653796
279015
253914
671543
299439
544154
328859
887657
779327
806056
212488
798660
13677
804314
143397
352643
475005
414966
296792
211218
155754
939446
821416
142767
353053
54959
595538
506462
102213
844110
34730
453000
305791
241906
75394
122789
848046
540617
499455
915058
569216
594777
373675
255960
539420
712715
366431
673292
939776
544095
608332
249452
714884
753011
492908
710949
482395
165025
658301
287688
113322
268713
454616
141641
691028
936131
343103
179437
87683
145217
817983
640741
79676
711781
951363
756857
397080
51278
101450
887187
418511
411514
956246
902396
954857
153438
19189
315248
171720
932276
798406
930178
289166
899460
730813
410587
799640
650142
548308
968867
122675
55071
763682
642172
676493
821939
766069
981112
333015
744463
526776
72104
819279
162543
320390
396956
739473
546873
485659
363008
224768
951247
202391
120481
611099
663448
762602
239107
628624
571962
1544
126497
749904
334947
366765
591410
127950
185405
420576
135502
554168
727637
388435
720524
473297
533402
798397
384903
731100
255689
796254
716985
698650
318552
384789
718772
643834
950612
470406
331357
626418
589618
450465
675094
946674
228380
638794
379140
666477
684944
752795
499636
634960
953514
75278
28167
973357
753435
294973
217942
286443
190766
633196
773731
646248
267507
437713
221867
905707
691543
956394
112762
569636
935842
543823
863832
792677
332068
769083
466818
131816
844492
11911
360903
311100
767989
325997
693641
283445
850622
682511
874317
615361
286630
487384
661622
369492
7167
116983
414299
838969
550678
17844
406335
854493
56792
894941
314553
909116
938568
858451
364764
944885
76810
456611
451987
198003
11189
293452
49972
1184
840198
615988
271508
372195
379289
565113
278333
679084
873451
976542
977131
873780
681876
850708
820484
129749
39707
41941
405038
426282
928872
750379
924558
860795
720126
429992
138411
656857
198481
882542
410133
627144
367940
775519
83162
948817
102799
729558
224768
924154
890741
321637
256489
272490
78530
197818
394313
721775
387156
765873
791853
429886
176289
776373
281862
896702
709277
221280
233238
935666
983779
665023
431164
911156
106380
76788
120855
916608
853810
993827
92151
117795
880079
663148
940281
72542
962375
642352
251380
303928
179623
166120
691296
546150
920078
518130
412655
402262
848675
31963
170708
973121
646621
588940
33329
585458
487650
585140
888823
195132
653422
145988
93991
465942
829565
698389
839043
785927
482727
304622
974679
4306
244756
760493
894416
401093
263092
96579
350799
735783
685812
238034
44526
831013
531422
703869
224307
848231
745650
437841
29945
552471
477592
970378
160174
391054
915251
679057
630572
991315
839793
989467
590706
826362
551
57098
568451
71770
84137
759739
632130
390560
741477
937824
623522
12493
479402
491461
790723
632664
596048
889799
574609
659089
373285
381377
936169
538356
336670
274558
657896
454957
925394
573583
622045
746326
758581
494976
110596
654138
569515
486688
360877
2558
356176
844277
273786
997399
838593
431049
618889
195846
311099
553013
912891
985196
51540
286333
697107
523295
684254
127865
411592
635952
987010
596964
832144
153260
189224
704635
840882
473375
51839
171979
142541
540147
634046
230834
690827
367863
574817
463275
227381
763579
23039
335018
623691
885882
360744
156354
436469
872106
386092
758212
608988
651242
43030
54172
562908
471111
740601
347126
668419
478477
560209
35189
28990
994259
663005
933185
673342
819209
717858
298864
899460
76594
552293
749780
67699
388743
894150
172808
834788
196678
48888
907814
205884
462949
111131
762028
208384
913879
505266
724479
60314
367997
805681
148879
978528
122464
824902
965070
358007
83848
367160
8780
472469
345792
564152
835229
890225
887240
865197
513071
419612
680443
963870
903239
76899
964250
782166
517401
890184
454887
542215
111030
274176
315663
906339
9366
399907
944575
693696
803899
964188
947990
139362
953209
537751
855004
838833
835941
354514
979736
813092
519260
356018
441007
138096
864010
444333
113749
738871
169717
679204
970499
164811
33556
766206
803704
727570
86122
781560
136831
256434
183536
289082
231513
998300
669018
740453
932811
256132
230309
800142
580225
702466
435680
95192
691340
627314
47053
492620
598132
884808
476520
840373
618731
39891
125426
174810
511737
964034
571581
709473
365481
23173
449030
324627
970950
201571
612955
675537
750486
473918
838832
506330
951214
664891
902169
129358
412076
774843
423613
21397
223141
1496
326585
704059
941664
386716
741077
295145
306121
146178
799356
56862
813908
313877
714685
278342
464548
475182
588199
470318
592743
31077
151268
524935
941848
61504
683786
83687
756881
174469
706105
106081
549902
869957
386240
321428
675161
473420
86511
268842
514417
507281
704261
165826
661391
176766
999460
992409
554032
799650
148551
702392
177912
273682
231037
463843
698719
108152
986343
130090
316098
378098
50091
321369
276199
418033
90002
737197
385502
373510
686500
138234
664421
474697
385738
688333
959070
298827
265397
677101
569099
878556
394549
646965
869589
18870
233517
143700
975085
679024
827934
578329
805742
696934
26238
470439
331344
836157
615116
491170
233784
935603
18475
293017
61923
651269
845278
89173
892584
392657
859202
125226
479188
36003
730632
204560
944426
589512
313822
240901
600366
418385
993571
494569
164419
210418
299828
952538
184229
945309
429229
722157
119052
868191
820497
120884
288567
672207
913785
734525
705649
742944
435111
124652
643225
421092
438699
799890
311765
926828
344967
946600
698834
504916
983641
368454
325445
574741
155256
898174
200436
85808
400944
643217
941854
495087
136943
575171
532766
355990
649254
525249
825299
767725
57164
79928
169735
581160
53745
21108
382264
916443
31034
86697
409519
997990
588850
651833
45292
891006
749968
742613
180313
21368
475366
216277
55035
495063
901880
751245
697443
419256
195197
990337
932163
791977
827284
408189
942512
740169
681192
379716
674869
139187
819569
546107
135032
161532
509751
184763
141044
890219
790856
769509
690840
995287
960979
457857
783289
440755
550129
25945
333484
953640
154820
557372
456328
909622
657260
690780
964164
374424
616124
491288
78280
805521
122863
250247
236226
130515
221004
314586
142882
557136
731732
142066
342657
321595
707938
716086
681836
609800
633969
10750
685221
568744
545046
690950
599563
492522
771953
207019
278984
96822
327518
204998
189264
79662
336137
298064
234177
76717
5073
533688
848414
22960
99841
282216
526688
287363
80762
828443
338331
167972
811752
703160
463986
127573
779178
656256
593827
789332
866348
464975
941237
934065
979768
922839
162421
72409
42983
811754
863971
425922
129760
457262
937127
926569
127759
170980
570585
297981
727013
337348
157959
219342
980535
553385
809248
810178
38844
409884
959145
675911
14459
446459
692147
913528
150203
200278
817749
636078
711008
951286
267392
6777
508444
494585
917297
732268
168738
977769
807568
101723
62342
133072
392130
868830
944982
638320
374864
506912
432154
543788
172978
281522
673854
783974
423958
987147
893030
246979
212301
534921
417735
398330
716518
158788
984046
647521
777354
337056
891665
968230
664508
205882
502820
265553
998226
509721
135399
659624
478991
262559
994817
829861
811297
315158
436427
985981
118819
475121
774868
226632
979834
160828
833982
396974
667424
72437
489686
274023
89970
643444
778940
735188
236141
487
644803
953495
168762
687755
421899
617994
989812
595576
738035
249420
332232
581687
888658
824212
387891
356916
343182
581245
622201
472483
838634
796517
857521
640920
662662
154074
568959
162010
447493
111911
830550
122429
991842
242247
929752
971023
306295
328056
199405
58802
339145
343400
260017
757117
56354
801743
742955
220700
574789
324009
688628
193384
889594
695101
711426
739934
455152
266875
537908
433811
703501
261050
730370
846345
780252
439727
807728
416817
152409
980160
388142
659691
425240
668252
861128
936364
138092
902405
931122
491911
934115
215788
479289
703817
555028
282647
373765
674227
468317
994166
780713
163575
206337
262679
230247
222088
714207
314445
605513
313146
467430
530949
348298
807212
589616
496604
362305
961952
718790
294403
638673
583480
129204
640950
497347
337222
619576
55134
718222
231932
262945
603551
742792
198355
776426
298879
669464
905419
676111
615869
864253
844015
160597
957273
445692
510694
586054
716700
877313
267847
166945
358113
493891
682895
316353
895209
153496
489781
303957
720246
940150
733503
585979
810726
85640
315232
799449
29816
253010
548333
59649
902826
476085
883449
847456
60520
581621
826165
972936
415901
907685
199452
210111
478083
72412
703100
179469
10083
426774
459530
18224
474088
625973
316631
895023
573564
358589
545447
929407
390449
366027
571724
696182
781985
495913
90061
624239
67611
589151
416228
829142
871785
850695
114928
295823
535678
131114
124394
212229
768425
650756
103071
831036
70611
843579
528895
170363
304290
318760
190978
116600
450373
454098
235211
170086
316525
258906
840253
645292
208978
277803
836925
909899
956998
345993
598765
261576
31503
455033
755946
807850
235225
358428
289767
851669
707981
129691
379998
967247
367881
459821
757188
625222
761306
723047
411828
923423
460235
620610
120109
77235
340596
251502
965363
962698
974770
103211
27901
135501
369908
61986
501649
338948
41206
128556
293304
225979
574187
721134
750506
528296
672082
119097
972468
831704
142630
329454
67938
813599
831656
425586
710633
178473
329894
415741
843319
329496
971045
999130
419781
307300
809105
211683
22004
99189
248349
62557
547246
690189
109153
481793
555487
152793
735947
531989
290980
39160
854871
492421
896152
246547
877189
49363
351314
342003
301352
539072
386933
703086
58280
863421
343346
490365
996739
756800
684385
559132
180718
548954
661241
596513
596537
414094
622782
936360
892446
130103
346763
201242
802595
263186
416401
839718
951617
623664
234089
265614
384453
308367
120504
346354
60874
594155
956989
134094
693167
787385
374310
490737
902361
421142
677786
5347
25682
930785
97283
611408
112361
523616
995994
828893
186447
231648
868658
527205
579333
311659
771299
465604
375370
454632
56401
344736
638057
87301
350705
160156
816066
547503
876271
205590
566248
603710
631674
56644
337000
409271
72827
680513
116056
288344
899535
945575
906902
230320
992968
157185
268555
165754
64339
738753
882815
533649
593497
407117
344579
774872
423348
670127
878320
883211
778097
146885
278876
386966
73258
961690
772766
372018
556991
48915
549778
662301
838307
365972
300902
771547
35689
990963
754207
821050
743378
721159
878294
110334
440115
800434
475034
245646
29768
753574
778515
991758
512471
769493
535352
496652
346703
42475
969833
906026
182406
780587
926233
508936
351877
121740
149475
228349
191642
707756
698133
594901
260960
607957
353674
605155
822856
245875
452016
684738
141185
825914
182315
598640
348200
342646
810869
486158
242021
975108
688381
355459
257618
703831
298381
944374
62864
407644
358336
573382
234905
363900
615852
407409
508654
584682
203396
105454
710811
834686
714341
93551
370921
954889
389078
935573
553919
932109
287765
676711
298503
406067
176658
223716
277972
106918
271818
789710
173561
158441
760988
466910
693066
401345
65143
94810
103714
819373
267266
836274
164684
916086
692267
574920
585273
126863
68716
412338
676028
386282
857299
514056
389368
494041
13425
8379
857980
380641
907475
787739
63383
732338
803366
309804
361580
223661
358587
717113
182772
567125
912623
114201
654566
321920
882453
653766
900865
404571
583884
972019
6160
996436
147566
472174
489273
397332
38239
838315
415153
348957
777568
637509
667085
732133
813937
726123
436490
830713
405359
989645
518762
554380
852293
291655
447667
28536
52755
316490
751622
408644
316414
528975
185012
801155
261070
588310
526529
461273
252525
743244
673906
460589
507927
135035
926180
335729
911760
979656
732962
883570
966146
47968
135863
130984
430770
604713
879167
461616
179363
82567
608335
231286
430065
904021
587198
88359
874608
724411
778326
740283
71514
500287
641121
988458
424871
621894
768237
151397
986289
950643
732752
970459
11449
482526
420091
249605
547490
824909
165273
388360
591897
628249
740042
89149
835350
27616
547717
992714
858468
461265
33244
194608
5039
723050
427734
367945
773650
24215
607158
887079
379278
50146
753868
243225
189262
196389
631182
304708
650034
398740
657773
514844
874301
697665
718679
521023
218512
862663
632647
500330
2002
11317
493968
297809
518040
329252
573892
185665
871811
510416
846773
430006
271426
628082
400419
784653
25998
782117
681488
819373
668852
583514
982717
400815
228445
384448
346946
830021
964059
470253
597308
685270
954017
401374
23510
714569
74823
626613
867328
392451
39146
14640
319
69649
603689
600714
106872
935205
951468
45443
662719
323039
573239
696917
119891
368297
953577
803880
294923
691591
622559
721686
258695
685156
162421
745594
797134
644479
44822
942486
568712
29702
117468
879653
804330
855501
411610
397777
497466
43205
334342
218861
658109
597177
710778
280600
883613
655353
612302
30265
800395
835053
572479
727947
134656
127721
603411
843455
20111
790858
232277
613707
731433
962110
704065
217879
546701
584685
883533
745148
622570
918458
721026
761551
382430
170329
61576
103853
334521
968093
246862
36976
776009
568917
6889
229007
608138
99144
182205
152073
446425
883553
827775
959957
657664
975047
282065
171157
331767
22703
823145
117459
653105
535497
149367
534183
62906
359299
43085
817665
554703
313914
258298
691998
170812
974085
845420
544274
47903
66297
479744
705204
332323
315054
783431
42951
699406
60736
357167
582967
458098
574416
105949
236402
311173
757493
256378
349123
684615
970343
283157
479468
8986
974488
626997
92238
771734
906859
943428
380657
40361
950836
234931
745384
31096
234895
393549
60058
10113
51431
487909
694345
982205
819889
278325
798124
521291
787430
58333
684998
536172
471004
253650
763965
123717
955074
446290
810948
680933
970484
416130
571363
324077
792884
175223
548105
166738
143119
640396
830557
638937
679761
806636
459512
770772
581649
998104
608105
775644
422498
390135
825149
166980
556808
331130
367695
317127
88761
400353
296303
613136
33441
846859
506010
137736
130855
884017
809515
687431
747785
482343
136558
672148
79297
643409
755473
800610
334581
311882
587451
823469
186830
893369
842167
301715
813563
955172
125384
809690
658036
202882
866339
881101
158953
170447
471660
505776
209959
859639
156307
192142
98692
743979
540551
65191
879423
454100
887079
429999
397344
717702
207400
86158
195883
97857
526948
492990
638154
242885
934091
373387
742597
1412
422713
105253
368592
601760
43983
342580
836260
665543
479459
416205
963188
73187
563770
870036
291378
612570
681795
569920
591500
620665
667978
364457
541139
739381
421416
335325
513420
643221
33156
419354
805023
402215
664195
630741
724054
567502
230244
386637
205678
945463
714887
263883
298996
860875
250645
496195
246447
527975
8469
596403
547349
153077
107211
658964
97813
493310
729222
509769
217157
195813
468762
611626
193485
442930
116941
15510
20583
987789
822920
952713
491078
503596
943091
581644
546842
212689
79928
232627
876813
549295
64084
302814
675492
687936
462217
854956
850227
199562
925145
859737
613973
822371
695052
744336
193197
361595
349822
201652
836105
839716
997344
339578
483312
493989
29531
723418
82480
409453
403802
226335
87392
460899
983784
163337
832332
439766
421122
280465
763637
819291
70797
563762
979402
393135
553095
747890
821813
134644
174883
592447
994814
632504
971093
459512
208925
556226
998154
991503
863809
513851
913520
262433
288284
219467
352498
921343
364429
458635
298760
141132
623272
596378
931061
758689
859425
766059
399783
618133
963524
313370
912152
220841
633385
369430
188898
346096
108499
161748
880945
63482
137076
256600
805458
682524
744127
956613
732216
704519
102985
450972
530193
857556
418599
716474
655930
491799
113618
614778
187551
785931
84501
774802
84007
641282
937102
137342
366216
465611
334124
651823
979364
532144
936210
837376
699943
983216
266028
235929
313895
718376
89341
220232
455260
658637
992686
151524
183226
312186
665377
937790
973649
379494
810765
9158
671343
165950
707434
561624
378503
470247
252254
621688
21243
683220
658683
290863
472802
913138
359051
658380
737874
456332
53150
581291
346187
874515
230306
601713
29847
688
324482
270099
865483
658372
838775
541901
888410
767139
537437
11867
375531
587187
886353
916121
431580
205579
332232
173634
109522
191648
647633
637224
974397
246634
474458
397315
49302
967847
985919
973855
338723
57013
381778
909014
937541
306261
215689
242810
393739
245997
425745
331779
120312
705513
62086
314090
483147
260467
219281
399447
428157
510204
887295
980798
112762
799982
949400
503245
785090
781546
146761
241592
79781
847268
63538
139768
91970
604808
663171
907003
262512
330293
454825
445394
760099
419878
711184
947508
936503
525190
18671
24316
359082
331003
94486
250040
386654
333449
69419
770259
534203
33027
664049
526511
810962
919111
843980
904524
646469
534827
754625
734637
624597
165476
859727
927796
929888
110540
253777
372846
680032
908887
450461
165237
823056
353987
331819
730399
316311
78977
21060
700268
951141
940403
886479
479238
924384
735588
892557
892302
10942
134813
692493
708188
620604
415638
104487
727278
237469
861287
641756
220770
843162
109612
606646
541921
598325
190445
978662
147558
597448
15016
192889
471964
837966
718621
58397
475556
385598
337793
393869
38843
819567
319930
441381
563655
952327
902986
68442
599827
662632
223790
465767
199611
648025
153303
2896
478970
286998
323340
507943
447427
111042
475885
518452
666743
82199
565223
179172
59672
706586
217710
727843
81241
102450
97217
521142
889515
536916
200879
11912
451793
714282
671853
646386
975286
47152
18188
532495
646292
723739
17564
625045
74606
424711
166212
801830
202621
762334
819226
886325
79788
474289
982762
787566
290243
679263
974592
695101
406800
18156
836350
681076
793338
721658
427865
285173
691554
285836
370491
816020
183713
315011
159693
157742
505642
904928
827636
618672
409354
210779
885555
555482
527900
953556
736334
301237
150508
198415
806417
282184
346841
53911
485513
379991
748988
54937
842003
702813
878116
977267
270074
808635
245287
106739
536200
979271
874355
828789
319292
78619
582192
821735
765396
951118
721758
965723
745650
314402
39217
995900
39117
235256
349085
684683
418900
966871
275552
18647
334925
42277
594132
867894
978242
823473
957733
867892
524331
805607
525670
864009
445435
626440
811468
151472
282780
747478
730154
806201
56379
268238
765797
532026
706740
891260
890419
745276
493746
912100
836716
348149
73019
128809
363658
807278
776677
327548
151258
637028
15999
870402
269998
172647
186663
157998
160333
56258
720487
21784
947002
72129
453405
410418
173141
252688
126237
858195
132975
162782
824516
392462
43064
119486
784282
973842
565113
871614
520189
160346
664459
43174
348775
674425
355529
861878
342636
311438
39621
622137
165451
494720
372587
235621
177269
369900
261862
563638
909825
934515
949408
489307
922987
163124
325581
331981
773890
148361
660749
966508
448387
304129
269430
143134
244019
371227
848390
409308
226190
750229
986513
930735
846832
69974
281578
237448
567808
216827
287532
148552
83987
720162
662098
261424
17365
704788
262803
760907
171709
611019
363856
956246
144469
207089
658708
715673
372765
389836
700263
368427
788151
215269
36866
609084
961379
339344
479916
279316
942970
32280
523608
767827
20352
736797
416318
898846
434733
432309
818522
427561
897036
364947
715282
452487
301039
440129
712804
990879
623840
213923
235985
555141
478116
240555
807836
980768
357433
682432
295909
214720
19857
125451
142194
766145
434141
793391
50846
324979
885772
996691
646373
371141
743258
923946
301303
380886
633109
846213
480436
607254
169976
116353
915952
292244
84527
437554
742140
30198
89354
333774
267331
523480
818228
391375
853751
110411
928132
921734
179471
162867
271491
376402
968940
669305
362072
452932
48944
594318
522665
905419
42101
811812
22691
21328
750532
881929
694933
464212
348159
747814
572199
992504
464258
786891
527242
144546
389245
369382
975718
575958
601167
268373
84753
858284
740902
305170
829413
280511
128878
362317
782858
424468
21896
586335
486743
172203
697196
383159
178940
963460
656049
744588
801889
355110
528846
5957
934792
798981
809264
668399
609676
285291
79510
249472
586454
153572
192274
65494
322497
999539
121930
520283
105760
366957
778455
38487
998853
998202
72867
270485
929950
334809
863073
922314
599362
842561
723210
391783
702580
428891
235587
245473
532415
398425
9532
940577
942678
304201
725806
667400
535005
913291
679734
305261
281075
592853
624065
882651
644868
593300
93499
689097
130046
932182
580867
78828
361349
761162
743736
837756
782097
461897
839143
895522
480679
353756
724464
945516
84755
482674
909997
996594
103744
410833
232867
255522
756053
29726
554214
746479
656975
398284
180554
399188
875187
155579
941511
345204
361204
343393
282199
698165
950971
954515
380306
412296
466103
280876
470585
835546
959829
100467
776172
489575
348085
619813
856989
318219
177701
497179
612803
758488
467818
756941
960269
782157
638401
462592
276713
178395
276774
603648
103527
30884
464358
537666
550161
708259
365869
778450
330504
973581
815346
713861
782283
265274
557910
989505
432479
350904
29732
478347
51554
62011
727601
187481
452995
222183
708824
176077
417868
420206
60603
832400
585380
571810
110431
136209
386704
479026
332305
431502
762110
773652
578476
900173
298415
400467
721659
881104
583602
148779
251728
673893
822707
669304
198428
170737
134778
970105
611414
684537
385504
142034
416715
288971
621320
287919
815443
817148
888709
282453
624104
658540
125268
895595
379792
726175
775542
248496
112730
456825
756959
313508
348915
498016
977764
12602
95517
918037
684688
264868
931825
151217
172977
478656
524594
63741
245723
437090
99543
653895
10571
48311
297753
142688
578518
766435
169998
699463
624022
273143
149833
488516
213887
56288
194901
642665
282223
523122
376544
776694
751480
258194
549849
226620
320148
307156
685
526386
190820
226375
547502
295829
817272
221197
405837
904062
227527
829945
706118
287934
928013
782972
874028
747258
224013
589035
934634
54295
171624
560617
437069
867676
310649
178306
6932
601810
177005
257797
963679
11768
479177
465865
736473
603685
208315
759932
32748
835802
617802
718779
718969
772115
926147
337527
657824
575085
334205
466994
270139
409250
825691
98211
254591
392087
909068
444408
273619
609809
670649
127912
878897
336108
405003
618884
700731
139810
926746
312001
259751
581546
986005
419286
391647
815213
558453
355577
925108
272783
660825
640369
410267
653635
100982
433833
241581
144121
474505
733684
930092
378656
629716
637911
764517
283259
103795
967491
552635
873229
18842
152457
753266
47857
108590
430344
666985
115519
635745
49468
238350
644164
14879
261880
145889
36812
264291
699564
772034
909867
352997
682671
221154
654466
965519
10902
594567
219922
183476
561581
684490
28534
613727
841218
342531
706353
727603
950179
955147
511206
876131
252658
415153
949864
823073
855814
364099
231012
708396
323779
113117
775110
874748
47722
776000
837451
111808
137508
769596
456948
413962
290431
492544
598588
293264
517529
292009
239165
977837
58766
828404
86305
44707
371992
248807
244578
670561
346488
745217
672292
728123
919639
961998
649135
382827
397232
494574
255640
484058
359978
669658
957904
900442
479408
348869
134445
314760
960618
517697
350460
837198
145203
215388
632918
614780
708959
524963
998338
711531
438978
127600
755318
592738
161709
821348
456151
277806
929690
708109
520470
620729
683000
57522
484637
937728
138709
682478
533869
259479
707592
267372
351538
268724
503842
417433
647830
73246
863116
674610
339632
533449
39999
431276
492060
249118
432938
777048
678129
991631
515559
334491
555997
980741
268664
530241
766985
939992
738810
244361
656914
952528
496444
998363
818609
754278
881498
332206
742848
147589
608407
443917
470721
555121
963469
830313
3634
229059
461728
638231
65460
959887
126545
707137
896838
5759
791395
367366
642825
772101
695797
511253
201531
464196
456561
703130
845106
75043
904340
853601
74631
593243
174533
41235
81029
607092
178488
660554
793751
450706
539937
53122
337538
256291
53787
825477
398939
979909
713891
80856
419909
481045
22800
190497
275708
68861
234404
768096
697377
823867
167532
745001
585479
433931
543910
161223
750091
142729
65058
578795
603518
738754
577301
195869
421439
729395
935433
732684
329762
721349
779654
874107
375345
473361
691560
265270
967076
818078
125070
863207
582424
876491
226378
952809
464505
758896
750796
155319
984838
264321
85240
768667
809089
465045
544900
730020
992277
244351
32370
517198
64596
990770
229220
34825
623379
2985
151861
454224
445203
45458
811053
782083
831328
114440
39507
489336
9801
595804
87237
110485
858603
528503
116783
786044
188166
431760
607143
898564
779808
390693
50088
716954
898585
416991
825972
39189
824529
545391
961087
424289
447196
631168
910726
973377
500489
878309
136290
251526
317998
435683
724054
57546
718575
810591
875105
968787
498516
591879
491511
814964
746651
801965
838443
563399
954361
958275
394437
816340
662204
567517
499424
721592
133228
245953
495791
523519
403364
66958
576149
803617
215552
280937
801893
497760
195846
691994
747188
451176
890610
243514
719228
977370
263566
948745
348555
649286
397789
87935
691207
377598
572492
857482
479582
766421
259937
422894
355514
572680
395810
555464
451520
631580
611020
582827
960770
137680
188607
698153
997841
22831
391155
94418
157877
806747
456561
597967
382151
699399
732381
335581
892349
161463
496749
596092
850713
113969
942031
648798
256431
545313
833481
820727
979820
484336
655400
548556
860355
799898
941742
938394
628598
839916
775642
501415
950017
392657
676383
139506
11046
924197
958729
616042
426262
860456
162822
225571
267175
118074
161423
222423
525501
434627
489248
793271
705758
764881
171601
401520
513548
388422
836929
194934
507455
688432
609843
846697
513473
613080
669075
311750
965724
685998
729676
809563
416782
154244
379034
987847
81935
164160
535313
631517
803815
28974
929759
392420
826619
437494
352242
130056
93578
478957
687891
154829
242728
939670
865147
199952
287698
666836
845499
505834
891665
540011
307416
886243
293534
308799
714385
16548
983532
41744
421350
194938
555452
33213
430813
909659
612735
292278
685245
164243
914440
984308
353009
459737
614266
677007
643635
20996
978524
950205
541623
825739
146946
521453
176916
796646
199982
992323
61100
186743
519074
941273
248460
692908
638247
859702
312967
266206
501942
507316
838609
453124
284642
76134
391212
215988
664587
502232
810588
411723
345061
224773
335725
126442
296278
44714
836460
683117
173599
931980
883827
687927
530325
811634
200339
878277
9422
871388
544031
381526
420580
972789
308267
383590
624047
44048
632545
541040
858996
78599
844843
982585
490190
743571
335994
785922
872558
609677
336510
421748
161553
287853
909998
493193
974593
117501
280209
860770
420394
699744
122589
44322
895937
92307
172962
381882
531299
353167
992161
51959
691921
37972
808666
652602
938388
99243
472637
961029
620537
28318
315232
236800
223590
871364
260226
571700
887384
192791
512076
258207
880821
842642
46243
25621
162085
53269
335877
491570
370093
943108
156582
159854
914628
403159
238083
872831
681417
483811
246442
624888
980985
104513
871144
422635
341664
352923
882825
631528
987024
221099
816734
684092
929236
104840
516330
111585
622199
560907
300408
101491
529110
585184
921805
204551
126241
38537
109269
170988
275356
550112
45171
403529
119335
676576
813910
792398
161176
775796
597525
860517
123292
847785
260440
776365
474953
409972
352954
463704
950279
68450
939873
996161
789936
878509
581206
436443
111578
13791
36878
713157
587409
338457
777227
432786
540652
218383
668578
186282
242630
319386
503868
446696
187604
59696
158919
692860
616793
656984
933292
135104
622923
552888
242995
162361
527754
614977
922076
445668
179276
143809
484846
646336
389344
147250
882464
320476
904636
544085
70705
45830
200661
141128
128014
447234
390090
979937
441301
575574
281705
267354
135764
488506
285875
667565
129477
241326
612993
102666
808701
807936
397897
750328
196644
323877
579614
480236
422944
857508
459965
111610
798999
80105
962065
410
855539
99155
761816
638545
379889
954842
32898
583824
753182
831221
62996
967792
744903
402040
818147
393577
368228
818129
448548
348348
99935
709646
647555
533439
413987
166673
981505
371246
518979
190005
717455
98113
585204
902925
196601
276504
40917
635438
936297
106959
500026
55031
633912
742017
104740
526189
3568
273410
350900
646364
172146
571446
466137
939598
60596
678761
278259
50798
428144
673267
678771
33362
29972
814183
881743
963334
271920
205937
449163
783834
362558
604984
656536
468160
949134
558508
46136
697388
880983
882804
233033
907663
910196
40987
360847
6117
558175
221572
383407
438445
286863
878122
250997
637597
815206
285269
245150
580643
136062
613581
927158
189966
957366
107259
544255
599267
85681
723318
888788
312036
566177
95820
733908
773903
906581
773920
150235
680120
851108
54027
266808
811098
793244
277304
699532
459600
140314
481412
595067
661441
577018
986690
793859
266398
666062
178646
427787
332749
559793
864993
74530
974117
233531
91315
760858
116490
819636
483953
527882
202374
888843
603272
994446
908387
620197
27459
210402
512972
26528
500123
91294
194815
38035
362629
936652
459043
124580
652358
624301
793026
266249
537589
132293
488689
266125
954998
152052
983149
701140
810636
956407
905241
564495
420400
412141
103537
113782
916396
803039
939390
458785
885948
904780
885167
713722
650049
97879
636055
584147
264168
92068
707262
24574
373788
322367
645196
125139
452263
466175
708451
662298
546113
369575
936336
859948
635690
170822
895078
705847
467865
567862
266372
210012
501795
770464
400220
644028
119499
703173
584764
490076
776147
930170
273876
458810
845815
986756
563286
639484
860297
227272
985677
46699
839263
125471
148264
937426
741529
911655
895711
254158
311305
486132
856546
255761
578525
585433
668783
586464
440463
266741
842881
250652
362512
674903
511962
402166
116547
708581
960057
985140
150696
577195
698438
709850
263163
474821
613005
637077
782440
35027
387542
941806
628305
766990
720310
176148
64856
411165
442775
940686
285426
334757
292893
737367
938649
149182
340121
115872
36307
756373
961422
711577
44728
518817
943808
410855
360456
65086
132868
708918
186651
288968
512954
555705
726652
982152
684069
191471
980716
700926
235444
606639
736720
145720
291918
31219
731746
126805
823637
622088
804984
45403
513212
458543
982217
57429
188553
812123
534558
546847
623282
150751
927125
460402
452230
491461
336759
196487
426871
457081
611817
278894
382264
344832
117408
536636
884328
453890
922842
219128
594456
532941
973893
329463
349067
365568
133129
945144
261975
481661
288128
755016
629517
849517
824634
990799
313312
945178
995336
854112
439566
860091
600292
317233
338319
700238
254402
139949
384429
736430
832443
734515
533005
26012
394467
661044
440023
656330
86554
26965
84669
803689
52952
672871
451742
990783
445709
717432
256962
185770
951813
879518
498973
590678
477656
969260
95167
377300
537664
467818
93251
724195
614171
437690
835147
484662
678151
695831
116885
840770
970395
777724
433578
829443
854220
640282
281654
928275
658458
327737
314338
852501
316262
389464
3433
341167
114187
149593
62779
48397
324252
475480
404113
623268
545569
367220
318097
714916
946079
55127
859713
430557
349617
637404
279406
679727
57355
440081
198919
613768
24160
642867
438929
378451
337576
156296
904368
156731
109532
349939
855898
893010
800413
781541
365209
764069
698958
669025
86865
158172
882740
880920
867844
570942
718103
770490
832451
427757
599760
141925
779355
41003
898474
239053
409300
100164
730942
448469
756280
764414
306718
950612
869892
563249
489744
457186
49504
818390
574726
207618
617036
51435
822456
349119
826430
936282
736622
896802
452986
942407
525158
184023
406111
556983
397361
834059
712086
123615
906711
439545
599817
47094
123859
15535
395528
759964
441577
955449
898062
647024
8048
415671
792588
422110
749726
930584
805896
222638
212782
522086
494556
865238
983155
157956
399925
112397
170423
328371
570515
523586
771552
568768
674383
613367
382209
341042
592556
328026
815368
312186
126684
485629
138369
482481
368902
780387
803919
906630
157210
383642
172231
900441
131361
917884
137586
802930
304753
919977
609735
351522
699006
381871
381326
596867
206714
917355
642549
239361
793629
583889
454198
933928
561401
707623
996739
175367
579405
620880
204322
345672
605780
554295
694904
78440
220953
768646
347946
754265
55730
360918
141260
357917
405284
616720
718340
684145
647131
31918
693638
508015
126987
719202
978495
929031
91064
166908
116290
228732
146763
961772
208185
636398
800681
559016
762830
708430
192792
727279
353382
572945
527780
373399
294479
708516
257797
695793
817541
175292
214412
946497
819725
590892
346635
3645
401035
328265
969710
494607
347256
313951
835757
164586
51506
704714
943183
196852
618415
532110
416399
858335
651360
375696
251437
838389
563501
791093
99967
139415
429539
845155
285156
247663
834973
502319
434793
889029
388847
797492
639289
415662
960269
998656
32821
843147
778756
897541
535872
157583
355909
456129
581427
191927
835941
490072
732301
925659
182996
32360
793608
515289
835336
639241
735114
847367
809498
385862
348353
885608
298270
3126
591011
459727
768295
168337
952325
319261
168243
918522
329630
909471
638956
213676
690573
870992
903450
248130
184975
225163
772422
552120
675340
275340
380297
150461
705847
152722
999041
258568
769247
799939
957662
765414
656347
648370
640203
238580
529936
316868
168968
921324
619415
657256
402589
861073
756859
742099
54723
432909
946246
38196
833411
145509
687907
144682
420281
143746
677376
114766
888113
224130
166095
713411
146177
740822
448349
718805
186869
16548
371974
363413
326457
664730
172603
173400
913970
336769
170447
370324
641756
230674
426043
90239
784571
792792
799593
200592
249257
76001
809259
761530
299069
262413
763274
91078
568265
489791
604506
222918
686451
815038
101959
741367
99221
831272
872128
389777
944583
404351
396152
986527
177931
829608
714096
614913
946162
682811
33182
760902
963467
138448
425365
350934
778398
494474
276308
253174
550007
658562
556894
668940
995699
670419
459137
895522
447889
110654
636448
286144
604489
968763
830865
157342
511539
613120
963087
281713
206851
854182
446749
71170
390096
220326
244981
334479
290035
516215
915384
712219
429419
246732
879010
598077
768885
889807
546619
881665
197703
598174
991180
417368
268785
134252
778537
595675
546847
510271
213677
696395
864184
127724
62686
251911
11842
964925
344262
7597
427353
635410
574897
611058
952627
174537
61043
161350
309798
606888
876304
293659
406705
816089
959072
861572
708930
963832
979104
808612
602032
838548
515208
105927
99018
842233
240166
987470
570435
549014
289775
725501
395043
806076
483444
830717
744783
598020
134145
382588
545456
929576
490355
462052
204086
907517
485195
805531
374907
217119
781910
904393
65484
180962
109131
875325
256116
662100
627224
81734
765014
519054
311224
926616
715626
541825
232096
490697
489978
957255
543439
161853
219828
339930
778493
508521
265682
160039
706248
472803
229278
857344
901319
435134
700673
254313
455278
760352
707621
782250
761567
77353
878361
708453
298107
985331
862409
420802
111225
39173
737459
931284
459184
179795
237148
598489
689987
972483
624437
459085
80299
49131
953120
995022
105900
555288
770719
351574
709910
838241
713842
820273
652516
945814
648883
90390
660537
489165
634035
134823
583916
903149
729607
338410
127952
821750
54063
909008
456085
18720
962128
318996
944415
677839
580894
411765
482974
188258
337355
173957
625508
700316
169382
30692
819867
534518
802782
964016
169138
107231
919999
27914
742469
844279
930645
91999
961539
572808
623353
491281
518881
219048
291867
886125
230340
410576
211359
777521
82355
797736
474011
943545
400336
600773
437589
605058
64982
180631
458897
58481
621224
695714
956661
454418
271022
501390
153847
877045
68394
536188
646287
840222
607515
394193
855495
976133
355735
532130
885410
858121
154130
523895
236404
38298
808313
986614
321355
923881
359592
489791
755483
219678
391934
808928
263370
44778
534011
407239
68427
256850
121607
251973
693156
89513
446185
576793
193729
555528
342648
114467
797321
103480
255904
434872
540745
866432
539425
652192
313923
805996
136318
601337
504936
897389
874129
776147
969317
756747
721268
121581
704158
401836
81391
295496
134222
285596
871426
605666
582095
301474
937622
759576
162102
368558
222253
930930
621417
985551
394308
982879
780511
439979
500467
470807
188522
904210
830801
682253
948065
754046
682316
924348
540586
832424
242511
917776
301022
679737
846271
277065
118648
319196
982994
350795
191647
794719
99382
433206
731644
25096
877386
506514
727419
68422
345235
551901
177954
212243
413275
579488
482899
552291
480609
112730
414987
657353
222820
267365
667917
225960
319522
374716
94167
738506
526366
403233
936537
757696
100583
824450
777253
582601
340182
634429
281205
122712
612431
71656
403982
25636
731728
319338
313147
613978
887860
795457
409681
268853
932042
84575
961936
542757
485994
545404
218522
392458
222596
711216
87487
205656
126330
698699
177949
639743
229231
163000
138226
444106
295813
496652
604590
256085
242089
848585
928015
705049
963349
610177
744876
913307
991071
60773
462514
882829
610164
473466
617774
831633
353382
784306
999807
353692
342436
383444
570964
803101
104619
628096
633125
834298
87031
389191
336190
414632
866472
379575
106777
528006
542892
169345
31754
69912
752245
402332
85967
283717
680565
883337
938365
321481
208373
398193
741955
504683
390692
274173
979590
352122
182685
654274
491937
299709
218832
701316
960023
384287
744496
17103
398567
163159
80075
651855
552054
297419
142398
146043
482407
900234
302049
476400
345592
937799
823725
787474
357593
119922
537816
611688
900036
675921
930465
733488
356631
836343
648663
5861
999460
609138
927380
804948
319017
568451
875490
269005
756152
708484
946442
43730
415947
990938
991015
92326
123155
315766
581753
606894
57128
498878
589553
805369
42047
99338
193876
996670
726958
606029
904312
968308
762237
89061
692055
396868
547372
12335
541498
864241
806283
876794
482457
471294
849914
467536
944071
626020
717816
504648
85123
231527
766691
657608
867125
397399
124720
277963
113242
268278
800211
183051
409059
213027
773410
736141
281322
28466
202337
798900
316597
185400
251122
870301
824560
479371
250855
444424
846323
454208
456133
672100
218127
136164
390030
658341
910548
630802
251153
143242
769967
821970
809580
66263
120919
27861
526478
889708
653234
990448
674858
63449
61635
89341
494087
919117
278674
714371
627875
122550
148746
329463
813389
642567
246745
864781
854700
938877
706709
204020
44840
811821
185247
9152
452429
77319
581450
568181
963384
616724
203062
93918
953902
231008
82249
335537
765243
606807
675544
801168
723922
725259
117860
825510
992544
800619
209747
482561
526599
178439
110356
148394
512995
586044
513142
259004
584423
184597
360501
462586
311297
845041
635401
551068
518209
227931
557282
473864
855001
213293
561368
355900
437810
623378
878137
176658
720423
514399
852644
240921
178601
837388
635869
977634
652734
941985
387927
852239
539708
994575
161036
85805
458280
739790
927314
725338
375004
821943
881073
236621
498161
758031
961529
857972
321410
491110
130513
721931
336451
292986
986722
570496
909991
397054
298420
193288
243543
129204
771673
532114
910109
147982
79510
829175
945884
175744
359044
27446
778139
692563
137381
396585
943464
256921
799911
119303
953051
602141
366856
662522
907422
613946
998784
652925
637373
92650
172553
207263
480193
391162
718841
196571
319478
474722
323719
236679
897843
431180
210628
802309
66913
116151
437584
64821
848990
226018
578663
92098
854236
214969
216499
564600
735404
394437
9276
826087
806180
95504
477778
401864
910035
747356
393870
538751
518996
670621
828816
679358
769349
269668
172479
827373
223320
38679
73376
474913
280772
762719
678151
20673
748050
50664
657998
272232
303972
953870
103174
903740
574315
261058
336719
434545
632375
460644
764596
219247
390763
198069
204890
226063
653336
384649
587745
449960
976345
430622
57516
996349
960513
498581
162261
804047
578926
39119
125364
563880
134332
384138
506815
69918
437942
513038
614539
87210
428918
589042
875388
355166
395679
910816
509907
673787
746326
192998
51678
774106
665020
229608
194951
428911
871341
688179
532776
684360
30979
848575
368824
714961
756597
223810
568876
762793
113902
244557
401070
27304
441040
147371
569523
750973
220409
267418
723239
522183
981353
45015
155658
183737
389822
66085
896907
649101
469510
134058
554041
450578
966930
341191
959865
145464
528133
655021
434364
899418
212758
737944
952079
454897
828541
117621
975909
217229
155780
678565
837548
975736
677090
700858
502427
502664
326918
323700
623693
103188
153499
452438
499528
397729
167314
745963
319333
763623
440608
808187
19544
703848
852598
880211
906906
728052
203993
11074
735073
478087
619098
820818
103375
489146
786269
754792
865097
610419
199593
234489
479868
982946
356457
776488
369862
130683
721437
513679
846852
474748
475003
226142
851068
346911
157421
358990
762166
388508
196805
247622
779900
930803
518101
514659
627705
356560
427933
847371
864092
240325
91044
772572
663031
933672
993186
193819
873500
409249
673539
817657
792325
231932
533842
347233
26724
474774
613222
190772
71731
377747
81372
326594
761444
657325
849394
900675
12342
253889
734516
395228
726998
859411
786444
927125
809856
357850
502465
218299
499302
270307
860774
6648
513856
871803
139736
878859
809443
630317
880395
805216
923942
85836
380641
811331
164283
379719
314996
431369
284824
221396
27379
955860
928049
556282
992504
705179
232901
762345
555855
170387
713445
516787
360320
484236
354496
714055
34468
973684
225651
787474
31849
399496
739832
153562
337760
859096
422316
718838
688472
724678
371746
254504
269044
3631
53726
941252
65460
896343
380311
613707
584864
657103
194007
924999
616563
586175
644240
926822
225469
209013
316886
661433
118546
827059
983359
548891
934473
345495
680527
813439
390565
728558
808114
905965
568211
210278
37265
102642
65542
874134
277872
918902
28373
208127
350232
634423
754361
11378
504087
832724
530224
482386
15256
889365
24417
788473
407114
348256
98073
390403
862515
839061
64430
943566
702296
481689
137178
282207
791668
963208
889839
644954
83332
138979
552783
502136
692531
648507
779500
80848
675642
511443
21104
341914
146021
45300
283888
892947
838867
618170
673216
807661
125683
876731
130169
113782
26868
248866
616994
120923
394047
644956
256753
212643
838833
343012
91013
219745
880127
30786
783634
490580
952214
433606
505100
543454
984093
717463
906660
818122
143527
654925
450506
993451
119178
482028
47801
644907
956012
479645
424118
747700
370398
717749
147243
671031
569144
672570
622080
635009
166597
730340
433723
477180
105994
429827
279621
307097
5458
940214
62689
937785
127952
983615
285446
35339
329895
601668
219622
79186
274141
998222
52985
991124
256613
668775
714030
23453
258761
934900
413000
758796
950202
16785
234994
18350
757772
569055
21397
583252
729480
672082
343235
608131
302780
256793
684318
438843
580230
341743
5933
315415
964501
246717
976499
181573
440533
563167
786651
894607
310474
701686
598812
912942
938412
927373
772425
348385
109292
880787
596302
189903
286408
307760
295818
4475
498869
108775
551247
143308
538697
433784
805835
50038
572762
783791
737573
952009
828554
41210
917687
615863
114700
252375
511147
830439
160676
421710
81024
216822
311748
7177
991359
731259
283383
349970
150371
169810
953924
634423
953877
24743
493599
772653
359600
96978
215125
866522
995263
787282
925115
895151
975932
346490
497293
267292
478083
845464
574631
734052
428672
711352
781145
969200
831020
294188
489791
444099
154648
645125
100212
961401
625459
865184
628357
894750
830674
88933
697501
261148
435140
815911
748121
957968
151228
614616
472539
552535
598942
961248
294935
200959
112097
36461
250693
963573
730722
444832
209563
899403
969950
873653
855520
485418
531471
784448
422457
62950
833539
713644
373099
463134
615975
110679
490742
89184
344670
814680
974575
528540
426390
517906
637803
771206
916303
822674
17470
85338
312111
766193
658925
346861
164629
2534
372135
557422
817073
317142
336879
182429
296038
329030
52220
582154
477710
79984
174830
337770
894161
436233
676069
694268
615446
383636
988513
508599
157394
82308
38966
70883
839192
456001
120191
292251
366924
564785
929755
961988
564933
206763
274054
39573
506832
303397
650508
183275
951622
794268
511320
598667
994111
791047
793387
877973
926663
441434
926082
398775
726242
617430
389275
209396
281356
96413
209621
272021
323043
414989
417368
474635
12630
773720
866103
723745
42067
838579
526944
827065
199105
840088
403159
842198
356456
836118
941020
928711
694714
518800
749907
185259
420637
39363
233945
428482
654382
206211
13306
939294
739678
747786
855791
351538
614443
105150
71125
752135
581518
662360
181061
120723
314452
123995
287910
705147
210787
631382
106044
236482
802079
25527
75877
932758
762433
855752
585398
827248
703943
309894
218201
904279
262140
480774
839228
347426
288834
756693
343922
941623
51845
333897
765854
681145
915602
596609
214318
520778
529053
88181
118527
184912
938123
121776
142966
344165
813694
419715
690614
632480
936428
150526
978477
428116
29615
691893
138154
716796
609016
20928
509951
960269
126474
972883
561262
529251
764282
952007
402600
163713
70251
379839
2424
764118
110416
719016
835693
507527
900972
359847
2304
565582
400664
456790
469310
610809
209785
495936
947822
623049
636720
783831
839980
615310
7101
476071
78521
990236
147684
288659
635797
353852
252273
36639
159576
543719
134799
966008
915456
457578
661569
386168
515614
266461
593196
595758
909957
798636
48189
343621
245607
29816
366321
617819
112144
624297
137621
59964
465420
917889
537229
142260
808343
411530
744644
374658
312424
251122
67651
796612
795998
955558
77425
997189
314445
734286
938641
751143
167212
522134
602818
996375
904567
94219
730930
745872
932703
51519
151316
92252
480030
732771
676534
855239
670462
929471
547084
641733
848366
768927
463628
209187
414835
212746
804065
295886
587987
490202
882337
398166
811222
261396
251067
327964
936314
707793
32687
894405
859410
201944
932825
457139
43671
93324
593762
70506
931293
58022
225931
719168
268279
659898
554688
243197
128440
592579
912913
987677
636574
548378
801545
843788
326371
999714
627877
127837
346247
162238
825623
989211
566570
681371
488082
446406
975141
452230
566010
367600
285922
548894
735413
130665
971253
13076
504845
398391
688840
433683
995953
808837
937373
354533
544385
590628
18783
234638
61035
723028
471543
686033
174749
619372
943212
538491
233247
306076
81763
797416
714462
853286
758689
623570
934173
664496
439377
903743
810035
212251
118305
951643
258954
998705
519259
972914
15841
695848
722777
682309
809569
844139
538224
500796
238765
384870
681383
927545
159313
513481
445818
190386
952106
568023
105993
602758
216070
392458
644803
710346
851615
956189
668018
778100
118350
733672
421573
583945
654941
234978
732232
970570
398427
471634
818077
24609
501500
430829
394863
808899
471466
280109
690650
715889
556727
337974
426719
406479
744644
732422
422472
170435
227296
548286
146633
734999
638554
679159
376589
19844
736655
169364
936503
352956
889532
340847
411817
766605
109509
597441
751352
957659
641841
7979
151984
671506
549388
926933
30702
208220
145819
279885
389174
231529
879026
642666
601430
292378
487779
958260
731428
448217
530284
985770
125528
735254
609063
969854
460446
242395
814483
345600
618077
750975
701984
776178
893372
763028
524470
190776
120539
342388
746529
534646
417036
195739
246387
83110
62867
914610
212176
945633
495319
96417
389400
423144
541778
532502
612229
12036
371012
177768
61819
56087
219450
824419
252443
137329
503730
396178
782028
193838
737663
450044
800963
472499
17298
881703
585793
382591
49107
13769
329302
608464
856144
959090
15124
678557
432182
853798
919684
580290
989029
432439
50032
828875
533888
657801
988610
215753
161364
813765
582973
261470
726555
702114
975776
431847
941536
599160
102359
422991
493366
548242
489378
749156
169262
587763
594553
157360
233796
933867
584275
955456
960731
132551
565299
839336
167488
257204
846019
400515
707024
980835
792964
50358
213165
407457
895346
173878
578109
109739
868031
910816
751199
198117
513867
810721
214926
521267
677296
147855
513039
979546
393694
138075
169696
968050
720927
548126
833078
628068
380027
36233
387018
205401
629421
199343
145468
736396
315888
237565
89875
908496
345401
831986
853054
48237
694387
731008
754529
302075
939218
732725
824229
933346
698912
117574
870191
149830
410358
237090
273800
317150
787136
894322
742874
96125
79444
114425
491300
87810
307718
638338
84992
176440
539937
51114
141691
4004
646784
727863
276422
61424
849114
615930
244065
743071
557435
290860
716047
213411
382845
699787
596631
87254
705872
109500
749528
585089
465888
688893
330472
958140
934673
734483
28677
723862
407729
214758
504295
82413
997436
561320
165513
217838
316735
533074
81779
11002
145475
961059
598536
606598
673027
404993
823227
749776
465114
253324
833142
834098
344844
77064
196127
878128
512518
509803
670114
941877
975600
76653
509410
129410
600973
617036
151081
808791
967912
660227
699841
922481
66491
44411
750734
965861
557500
349926
933366
743640
254128
107866
909429
642688
343922
303117
718023
847189
985044
316704
129532
788103
532145
478753
190873
95751
831148
741771
953637
244215
26535
927793
25306
914176
198685
673596
346504
394975
861629
655002
468272
903522
462753
235347
82644
339618
212988
336246
445087
43551
296195
354704
117571
339295
418533
491029
889194
954190
150875
965608
968886
545306
585585
822482
10432
144441
828644
802989
93474
717861
808939
19765
867835
352869
297369
80888
212503
721881
641036
630724
43283
706429
408450
522739
822806
126039
98365
137805
841854
396846
353962
152153
905523
719012
5395
252751
658419
115144
935194
646909
92146
945581
12875
542061
221293
483588
593466
147991
408476
262167
566646
312218
295861
795248
275449
879224
982733
390787
309247
339192
346341
941469
421136
488463
311854
200515
792807
513549
548217
685040
693160
424694
202338
680498
253190
563254
428549
757801
685232
497045
334457
652469
564244
787243
253846
536059
703470
704205
117033
887020
504250
151853
790574
898592
821460
320413
732955
565084
47781
794167
70527
609309
53542
681088
342746
692803
951090
103805
270809
158233
36379
466806
707578
56582
245413
72549
518661
948833
590543
519580
180052
415145
829412
309853
610851
833678
443523
590413
38111
684338
733808
462920
819961
368923
16623
979918
32066
973964
971973
503070
661150
396782
555763
550581
496848
735733
843807
310401
389900
451582
768453
279034
762285
208808
418900
733219
605856
137556
896682
381899
606121
187606
545334
540427
361520
750314
270918
783508
294762
763517
586023
436812
512150
119628
907936
833998
627663
463217
115722
461840
447325
76822
231529
985916
624843
472374
499182
166509
975465
699966
158444
425973
622822
856489
668966
536471
435233
78088
923964
861721
221136
129175
287948
197856
497711
877677
240603
224468
757053
989822
476710
185913
852390
318656
797489
311350
728751
296001
817664
183522
208400
592379
12954
196294
937829
869259
522696
495615
611716
853299
930275
648598
712568
757592
854874
395673
665862
57785
767734
218144
266274
457393
860078
278959
47370
467999
140491
555328
474857
709580
97866
78745
224521
260420
417200
378717
286526
570685
934330
72867
580928
474121
643096
439404
413119
196366
637812
38523
163827
706954
504318
276347
432383
900275
622690
187149
12749
473196
461175
854450
678428
972624
772526
493526
735298
629542
555637
574312
911309
298072
515878
64817
763334
701830
796905
411628
580494
236149
957619
267195
243565
467785
958970
836426
553401
413755
576924
572116
602352
626788
381058
977400
111967
299963
337080
816449
480237
906509
510795
50025
30361
549812
329447
660759
304102
601294
776300
607893
943558
312384
405385
422687
467112
310275
414654
345920
687215
531225
570625
604400
751980
191471
831109
584135
541870
215039
966432
462363
753749
596850
222638
361467
280985
626862
577689
454319
775462
893852
64733
628440
557557
669250
296977
774569
98088
692043
502571
275188
562059
751146
977696
889869
787250
9099
376571
868559
733572
483383
750242
257093
801850
511612
84453
453360
824050
517935
848031
346370
521897
399665
686128
911307
366908
145866
652978
542997
185091
488510
775568
838335
824636
444887
662428
877104
912053
326894
863983
439744
784479
944019
985425
130135
505880
342126
499874
865294
600235
249792
360970
899269
195715
838145
324834
238709
140961
974651
748044
457981
719521
216334
357593
632436
654036
365291
123835
974975
506700
43059
998066
775947
819126
19814
943974
548460
118987
214651
379780
425713
538573
365955
635145
62540
274379
464656
975455
757542
489626
556487
350230
296964
559059
475121
870621
797219
489369
654280
443969
983889
21019
618060
391358
774317
433930
497825
696503
693690
801651
957441
809980
614460
318413
356205
103433
81176
96526
664856
647261
219144
910317
580820
271255
54479
870180
251061
609603
750525
657798
843505
454711
389375
552745
221267
709146
443188
394716
939767
5452
933534
937215
762458
174744
230073
551695
426195
630494
482784
895998
404334
74357
66917
342672
121340
358058
573406
429741
267243
477687
263736
74014
761611
404999
354582
160662
634527
48979
418599
410091
281454
866299
568081
904039
302262
472903
909973
590665
860509
643989
386572
597133
614646
96907
82109
617614
732757
501455
871038
893171
743161
194073
648258
611046
223141
3498
80552
389341
825438
72166
261470
624704
435116
800211
502368
20703
99502
99317
898171
939598
609039
607806
704692
182153
483310
846523
145779
276592
178138
66137
637564
230115
162473
709913
578983
258614
706184
116719
690396
954863
757167
619996
528866
137953
583252
873557
90650
650062
553014
66392
323655
738087
175560
223183
398057
608797
538734
205088
351022
955966
515139
361467
409203
232007
843648
458956
578081
873653
266005
198648
2642
428144
529213
161607
74816
206082
888053
430143
419334
106995
675661
152357
164582
831712
639588
602106
223039
443730
873863
979055
297565
791724
456331
14983
631385
562157
274493
268430
124648
857971
650220
968551
374983
326137
620285
865211
341433
464301
700402
966779
303107
553383
348814
801691
278471
755589
590499
761729
204326
422347
425679
192641
949439
64350
753399
899278
695546
982686
874160
520287
611125
713524
670210
270957
791978
460
910691
141484
940769
638789
178528
944488
264561
535603
261527
960908
823906
671781
338194
176353
172623
445706
312557
735955
230135
805883
744349
865678
7440
118596
97303
111990
785805
395381
772744
95353
686707
775110
623114
550358
934729
495502
943807
801405
221646
483584
16643
93131
428635
746580
457081
353788
550443
997831
181473
939181
726390
316293
398913
633863
72341
463405
620089
204837
158878
389004
850210
57133
55242
516034
938126
185004
921862
791494
602359
141864
943624
412979
817870
478244
16366
163285
248438
877359
797467
326747
46535
534283
919574
43849
326049
265335
264097
624188
727169
244462
557523
961146
310411
965433
864430
950492
433998
704692
609480
99660
550082
707426
681581
338089
384286
24711
721775
519781
565959
932777
392637
25945
464101
811643
540236
200268
740732
274897
78195
718679
593335
516645
366723
288387
938345
533781
272881
582662
64004
362305
470512
312380
298102
24340
339522
280093
429634
272523
966749
612213
618226
954417
994196
748569
978627
231007
377795
217877
942155
471797
38570
