263373
410651
292860
176424
289982
607798
847287
94595
257126
848605
820173
476452
497480
991598
282453
179375
154392
216875
737284
289058
447462
728631
39184
776097
985761
941333
390329
234948
583374
289204
515175
619679
10070
438775
396339
863792
796973
968877
24779
566673
895348
67075
712895
380080
638739
257889
517319
93378
522200
495794
128888
724785
282753
759127
500343
626774
233968
988510
931129
881932
228505
230034
232102
889055
714906
424085
786385
485583
110056
483256
277202
665127
691187
414334
985644
380382
471971
501657
887507
60968
405010
276815
652087
194091
615867
131373
104423
319398
552996
269386
676955
244203
252978
224794
763346
122219
427622
976374
991412
689131
521886
315062
381331
992135
429809
912638
629513
884599
302871
291497
360549
601678
442136
278133
955076
161184
630015
617880
159533
227986
708898
227552
678083
340280
486150
800423
815847
908363
910039
453419
901842
113642
158391
73160
468843
498623
626222
523050
784465
550781
590809
765327
815635
995971
202394
881100
117011
544787
318777
380615
447006
892401
147312
243132
833714
812654
119045
5844
335480
527558
950476
800118
792066
156642
445289
348095
867183
567828
416547
369164
447515
173113
978457
32463
74694
41195
699272
436976
549746
544223
903759
387860
814484
562535
702552
421941
802109
89992
658640
476655
686950
729909
55518
642933
663137
994585
761398
514367
209508
380863
680041
625054
169045
881123
83017
349037
948416
126338
383311
824333
347762
738388
351432
958582
680935
801416
225678
100308
735972
676442
160241
59817
620145
327762
216404
857160
13379
115769
116688
703952
743683
212002
514679
224497
833380
504536
810138
58242
347688
256592
334975
451540
345855
651448
497206
423954
724919
98817
155993
882231
301604
155538
304431
639600
515135
437222
879310
282086
358538
746752
524819
215138
67716
152858
530895
698912
743903
114927
297063
341205
778598
527530
298009
660166
486915
218312
243427
705856
900116
532668
784132
883636
489656
135419
284467
319067
905502
359431
505094
669036
979946
240429
504381
524129
290122
698989
774653
211935
533890
360996
832435
774464
351194
930068
900688
530802
239953
549214
133160
743199
584264
955624
24839
761100
506045
894629
418195
873076
786758
174134
163309
16423
299835
624731
259082
428057
140136
798202
567399
221222
55898
107463
508893
631226
591490
206081
147391
167306
52687
511627
822275
477685
607748
355004
21719
657187
614434
947630
293952
670419
399950
911843
918110
792040
473528
952417
932716
617498
731889
252329
159838
866236
19993
182436
835472
978310
93370
72227
968326
33968
254087
349684
393202
763392
411584
640841
145603
667295
926510
886594
631795
357991
137875
81966
153086
439739
377237
757473
613130
442322
4872
718294
50573
247516
390327
559847
751862
746881
111281
331998
931074
278089
150819
71800
572263
141433
193520
286906
656655
514912
924427
907616
874804
182808
910611
716508
844816
675501
824473
573674
665383
764122
492410
671611
327839
30630
396872
568487
412636
43629
888848
994345
429127
333080
913490
413774
751303
420890
563921
105245
145742
334944
61974
494297
871417
841571
312050
775265
970770
780331
323267
934793
419017
11020
74849
595106
206592
421802
47440
408587
429931
892622
926008
925415
928296
452202
714873
374849
969067
595006
543465
776890
597423
773445
231430
398025
294956
639331
313038
429583
788285
450829
928928
125002
714890
13117
156767
897621
780325
226617
35032
369728
116275
112984
286573
373156
510975
608673
213220
923732
463792
649302
455873
913854
332463
289564
219261
958506
951266
102114
336700
26749
442010
341136
677782
697653
916558
776967
590840
910926
705859
680681
41999
599544
142702
215621
510637
575277
995110
953302
748201
974517
462820
933738
74120
980917
563289
382402
83337
27392
404189
906629
315615
347351
645570
78490
612599
609790
489085
211174
12254
142260
924741
702776
46454
12510
450805
623319
386083
764478
556633
593830
964670
143589
505995
817342
97540
410253
173709
643738
880590
865226
81283
17065
964846
238567
717400
660050
595801
974479
157174
723600
88738
642818
870706
735800
523609
480005
783231
505419
586736
228319
795639
422220
604686
427289
198007
648914
69934
889072
931420
815922
189758
120860
116322
171030
270629
943479
779954
304465
722319
680203
699218
61319
658271
482685
25636
632194
346011
779545
873756
367103
803749
297047
904791
897027
363802
292531
595077
463792
77911
983004
216999
148667
535071
444233
698644
162866
759938
680839
533544
405525
291410
577254
980182
523785
633605
453558
925769
597350
648938
74172
888968
894102
347299
348521
659358
939205
701156
607712
125020
615436
582317
221802
308600
657183
603344
732863
762806
123330
359450
44752
372493
468601
561704
464319
908663
977028
304490
244238
592112
163006
900631
108530
772243
190845
381796
305759
795284
463272
295310
579936
782306
188050
406442
733739
391722
475483
336080
927220
939596
611055
249457
575128
330857
216634
124712
484051
951676
495325
622612
89563
620138
76655
328363
810852
285704
120955
524265
981401
296478
552317
428383
93334
16804
287785
842136
741365
501684
163460
392878
677328
267374
857408
437341
828647
516788
823830
92094
85244
734801
594322
716444
803918
801545
463714
230494
834955
390368
6534
838533
801449
677463
68148
513199
411945
289479
350938
811408
31630
138667
49377
452858
201873
157550
527986
178572
621237
272637
554881
27075
228145
771560
278210
67984
994645
154306
990987
647007
871581
884658
308135
554820
269735
865793
341161
980644
558828
842395
274080
816024
370092
921485
135483
515836
291081
736652
618004
102605
542068
418950
666042
401637
835515
284558
930844
792302
344762
896353
973156
19787
308077
677242
298648
851244
397199
124270
251884
900120
856535
29134
676988
938302
656786
943923
328153
176214
901463
346527
192468
360170
326464
9180
359374
108730
180107
11049
436375
445153
258119
821777
611934
948296
950140
345964
535552
666154
919018
148183
379303
221773
387485
65268
514921
189669
183649
873260
991240
756214
20592
300061
908316
158912
539379
850514
259893
667139
279956
160063
26635
362561
703637
814214
641557
50738
222581
809828
681949
604346
511592
299419
708268
705786
490915
653485
143580
912082
904988
217347
897102
165885
518979
129512
436404
627103
639443
258694
722345
586308
821349
681830
341634
383622
378397
46866
610861
720386
928299
598987
876671
799496
80393
179643
380270
871581
41534
202246
585455
433691
521853
784702
628493
219406
642480
291233
893332
673805
688239
635351
852062
347721
57819
717997
600355
981742
447470
326610
299388
855330
24299
212408
958580
256572
661565
290282
554049
443410
445939
851166
526111
52484
488881
764287
735963
823864
74133
982315
545333
695930
982870
991137
937711
718759
935274
170763
246496
248516
988058
346677
15507
687142
459695
193214
847518
329688
695776
539851
441853
807023
722721
747372
739730
559942
894160
872113
872128
408512
521792
493894
219970
197898
776989
877408
727148
169667
886302
318387
659494
257876
798999
708822
736614
902577
283196
507522
189027
633947
331733
53406
424098
803519
27080
564631
547910
858590
454390
454113
933279
978334
515201
398796
880917
331513
677884
323400
255470
460237
990519
660579
584699
909577
175413
206583
472224
695922
515411
254684
682742
313356
379544
912950
562050
88988
950324
952624
260058
867956
74701
195338
279090
499687
278334
848092
395417
753882
883513
858942
489872
929211
367671
896250
360577
803718
432445
91673
5718
543281
980409
72436
251586
662335
775967
760526
271267
607037
988078
281936
528213
621384
660512
706241
335067
495777
880696
632736
762394
913947
562425
826077
577585
246482
624950
360533
209795
309686
479567
514210
192953
569895
825227
885250
233259
349151
541159
654323
918243
728361
964415
48010
951789
902718
224013
679783
272858
292708
611312
141878
179026
504807
497422
953834
755905
693329
852361
30311
553298
248324
835715
13094
364435
54786
966149
104413
933089
752559
632706
263846
160569
725355
508080
412898
671616
704772
30098
534858
760408
424319
144408
517380
405804
891695
493744
810170
97843
692582
600478
897081
746787
468249
635380
172318
805986
226089
764127
820155
221350
483317
331260
329769
43844
390448
67237
746155
89478
722108
197584
195526
328150
456862
691462
91578
48657
221445
216404
307767
469635
371369
206943
59776
124925
963191
867645
70815
539039
362358
592238
371390
60445
566779
74891
814434
30014
731165
155839
353932
449029
503790
951145
926600
76700
563643
737799
218471
950455
308975
584034
637665
438377
871679
5562
489656
937557
311091
18275
897561
140999
340739
669399
450986
932427
902304
910463
785069
232242
397863
559175
224672
456514
610447
150179
757100
67960
575834
135190
713643
704635
821072
879379
48221
754135
587250
882400
343735
783381
836591
49085
422790
932458
731814
449931
911395
288420
891559
65322
435675
621190
339951
923191
560006
998949
559033
238786
269562
150308
851560
117297
226251
382998
482336
303565
81530
103793
825227
481799
925200
209229
738494
33351
856236
874722
441655
113352
456107
543769
346409
959422
436221
303945
13048
335259
990262
103341
984184
735834
951077
539606
148574
276338
734161
632572
547479
91687
549845
766807
167645
348144
753814
110206
198378
404910
50341
103094
999647
277113
779658
717684
686510
464605
704110
192228
947597
198928
559431
673924
424547
342787
151227
261651
67932
398515
188877
691435
624805
670184
274085
139227
426223
488245
792054
525449
557708
970882
92816
375681
698275
125010
519555
55675
178466
846669
62112
522900
15604
717554
635515
716467
266885
102743
199442
193741
493945
192651
114927
747257
898453
707795
783253
766116
458476
169909
815417
222677
403619
593733
276294
703001
543979
683416
737942
230655
166381
825116
237663
296546
611069
975315
759653
27847
31437
535890
684662
714100
990242
947695
978295
151433
119133
490480
624915
275087
480828
797633
882078
786579
43258
565882
767227
716228
909407
447906
204675
79581
804209
230611
496748
683672
815223
305878
427235
33898
915540
575105
551504
825867
734243
754376
208766
114980
217764
868512
500510
491184
928030
68359
158303
633718
980758
75285
484700
775633
55305
188392
818407
248625
335105
525739
72653
531899
740299
309213
300441
143593
369720
912717
790700
8612
419037
776601
719282
364162
95200
894635
48220
583224
144977
700769
408495
247260
720728
836197
861424
77138
781177
667560
800791
722882
736999
978802
740520
968052
243549
354119
360192
763889
412818
711663
802591
455410
330965
287480
537383
575882
552195
33155
571593
770298
919893
341173
18236
927426
828732
565189
180203
415168
172324
238399
48817
593806
393420
562671
15270
897989
277018
59014
473573
388025
147171
623584
271004
985503
677942
875455
998032
173125
446045
305552
157761
726399
10740
641130
728838
34152
18592
688076
464216
626342
503547
34964
248640
582793
619106
665331
582419
638335
739439
727155
95889
599166
313815
194322
664773
907000
66661
51446
658116
262737
367216
74422
786669
595036
8663
419908
423266
535222
603364
565732
531835
137276
507467
245528
173971
191200
450263
781688
945150
421064
337627
865334
704389
213827
473084
684949
42176
789009
40839
850920
32549
246103
462757
826365
594299
330094
361662
995507
30173
555041
660586
144473
795443
438035
87187
314879
262519
272770
934254
790900
736609
949435
613689
313637
868545
383676
87736
230623
728442
341452
325432
501916
612844
362451
838436
24238
300981
358715
320716
471607
408173
504341
520135
712691
952523
157518
981355
192927
602242
138815
132958
434040
490592
878904
650350
112302
378840
618934
812434
329065
715837
121844
292236
222673
572599
268053
889412
328103
674838
76698
516622
685502
164505
846155
63838
117031
259110
947544
171409
226322
996043
217020
979523
995655
729501
275979
334509
537663
32420
477093
809225
226934
356804
761260
500347
1655
526374
235763
366812
313236
793459
514640
497191
877081
949544
235621
663774
53380
818937
348395
64940
986541
40557
715237
613819
281603
335326
609724
374579
202239
148455
683954
68213
33323
696021
927382
260650
951266
239335
61917
141535
66289
353029
318064
57571
354270
24
849496
696981
551679
243446
683600
75789
807386
62149
145950
787931
919177
884431
710000
207111
387703
707789
70887
331881
890985
435803
174580
83785
667328
841074
842501
957891
780054
611155
968445
21763
487496
438840
406399
409579
998946
684629
817139
390496
947678
998103
377981
114754
457414
211717
453714
621404
71628
982259
922598
367612
949003
594663
743391
422699
276224
977161
65603
284296
729567
311196
267830
44496
440831
220893
302378
669000
966389
253602
989445
506444
142046
833964
887724
548590
574223
977955
105755
888506
781236
357688
191642
98330
160031
179873
824737
759798
414237
626525
212502
993658
620873
554548
338522
959917
130661
274115
233876
783702
13071
638860
409658
832471
421103
243998
849178
230989
512902
530430
474492
46288
495156
328769
327365
620576
384064
410403
57717
239662
318098
955788
59724
58475
346672
182587
663923
441989
911278
485472
547737
871500
425762
919584
641657
256737
618968
861458
233983
972744
983902
525413
618871
671026
232224
877940
317698
946180
193716
253151
699173
432664
720451
169261
819038
843669
896368
732864
391273
791447
585556
881897
740664
342903
869661
410223
550649
542765
118870
511031
750147
55901
247820
340979
990250
872196
998030
276859
301713
905562
346543
423443
216647
405396
543768
9525
866123
71156
444130
304951
683026
493643
958230
322963
775619
335161
164636
242159
561638
41471
395189
462611
958148
955935
841277
907041
830399
880805
249238
125546
519687
465149
501081
944852
496595
335702
110808
977908
632236
353723
198769
856465
150689
80400
919376
70557
242638
820132
184165
199886
632960
920048
761372
317881
442913
36595
274280
334323
21651
529465
426565
660778
229041
826363
933820
621295
912513
183535
730758
48086
529802
941496
132355
919569
581896
700862
500125
230828
460372
350661
583036
78885
59578
358508
830500
143011
569126
410246
310158
691388
731068
568290
233974
248650
440798
319755
45244
596477
533133
683352
918690
275522
758053
150405
124680
487354
717282
970524
671726
622636
978819
609083
391383
588648
191745
722609
526484
716058
44487
561379
746027
516791
258980
254283
336961
212075
856389
236957
962280
873996
880061
294792
831190
282982
486201
734502
290935
896652
145194
40133
491893
536765
889535
409274
618595
416930
617150
893755
162347
773733
332196
313356
483536
408303
720891
234934
588161
75082
945035
80145
585180
374195
70240
163627
375958
300004
689522
534074
929487
367141
25090
516832
815821
198929
202777
127133
787014
935840
891941
425468
532011
768240
585847
542750
383391
72665
493275
344975
38964
256338
759171
32301
1909
816588
358296
863371
453970
401216
698031
232895
32197
344758
620022
467094
733284
189878
514548
324666
615869
199987
687795
111107
793493
85844
4893
51648
516062
759889
934799
485024
468143
259884
965817
502221
604955
462664
567235
797120
289429
856051
337748
948332
676823
758707
743335
91811
386979
498597
682528
527810
26883
750916
830899
506189
429238
862746
483335
321798
497667
69408
835735
620075
729027
233316
145071
922933
869858
248142
988611
885777
114286
752730
680266
324704
911750
341836
157236
652792
831584
511623
28432
263639
798658
102329
924190
124136
867229
521802
131002
537239
896292
275872
857712
576638
302560
793542
536440
638866
176087
131803
966717
767781
540801
489667
271861
682309
214838
917073
786359
623417
587918
749468
422110
269129
903733
108217
481107
238301
842828
646047
260678
591050
633
499678
138261
509831
425891
671704
113715
484228
798988
368646
263190
984522
991412
331187
42395
470638
90613
829750
640476
804591
560616
481902
125365
129875
507900
527175
91613
20730
798510
179906
392216
636851
474512
198623
551610
775533
713838
402688
768035
57105
261806
204142
810543
761814
316270
219822
527434
582350
834375
63744
26189
455009
13648
23845
461175
601261
813608
501395
382792
836679
145092
365201
903131
704297
451028
346914
599083
82859
843979
87424
647151
483158
708321
844224
621731
381101
870054
563781
126462
258989
590548
727662
640272
780556
597635
964676
579879
411620
896090
743385
719826
763761
632717
567090
195297
655257
2412
992260
569840
248389
911556
907829
333783
868571
314819
290138
54985
264556
242139
425219
631789
291366
968922
688653
523526
182275
718475
758190
26189
117817
155741
153126
914971
788567
993
969704
899452
946838
429374
684034
856831
49535
799425
406867
115206
516526
61749
199847
200430
704227
992984
582029
381606
797640
888508
361111
314168
640670
508168
120106
525933
807592
662466
94097
841697
257729
791050
720324
886367
623863
867939
782582
617863
569672
479165
181194
981540
489258
844789
789662
741258
619566
318911
919302
686013
366496
622198
965043
257603
772122
770442
55990
161927
883306
842066
316093
965895
65791
523598
951984
761447
504808
943305
905748
450047
236705
882078
649932
83195
380991
480701
22367
714732
430509
456583
160740
901770
9551
10943
47814
583891
835761
810950
201853
879515
406718
286727
381960
297220
672088
837152
402735
163891
648006
119532
975510
501715
4672
421730
260911
727002
661936
225269
650872
112085
786829
148246
364459
141182
606933
886931
50588
671839
676546
68256
675548
814795
432935
530796
551913
140364
894912
290275
269660
519162
938390
216654
859521
49634
584873
230312
916420
946256
918717
987743
577963
25521
934632
875459
573927
947286
38854
983165
242964
548323
226991
558653
747296
400629
653957
198999
804192
426064
152583
198165
933343
118540
15867
806788
338558
449059
801274
349214
74395
13141
310393
973098
78686
518244
66358
855724
879662
519255
774233
564910
154014
855376
360785
916131
654159
625220
577662
312163
410244
615439
840735
314921
165730
909071
262716
703553
527730
329526
557256
21290
780544
675569
172651
613698
748106
597360
890770
623211
990506
254101
361308
268955
650615
966536
998496
501082
407629
212302
590214
567894
496224
666303
414115
201136
125698
556115
824401
195131
784089
158989
320607
622885
356390
704188
158840
747026
948812
199173
638292
535381
229002
715252
823474
384045
497087
818947
647721
530742
142890
7010
307593
197377
588159
776688
80443
367791
292420
959895
372260
367551
454007
192063
95765
455465
39119
98559
843010
620499
705928
617024
197631
693814
66538
543100
131050
817251
124082
687715
428203
981336
282513
645293
874212
422190
384008
267486
171220
835120
869024
452336
294196
523783
335388
12423
322530
159708
392415
389911
666785
744790
88421
998849
351279
599534
683819
368545
762760
10647
620354
649216
254143
62264
546849
797436
117781
130809
969971
238503
66855
542454
28164
176312
399289
497143
868901
58801
574780
285980
328130
607131
913523
288974
96188
316969
566579
221191
657343
101037
94098
256921
556328
961879
231068
248700
166062
674901
803143
881255
453123
173249
138004
333059
286444
564923
132232
853698
735233
647305
59394
97508
771870
704297
449707
760806
443778
233260
413861
754619
156866
234037
635487
674660
973972
325466
437056
160346
932239
204930
614304
250524
431921
289941
835186
165675
226042
98438
640445
732139
149971
8806
244326
212115
21003
200455
15273
400883
698818
297063
295712
15240
267478
919824
587102
214887
629
66683
958698
842131
675595
398352
420359
360167
747780
471789
766712
149780
321735
291129
417074
991304
778342
398453
578584
478164
454583
346943
532807
978298
376659
673711
530255
841073
606796
380253
619632
420939
582868
337638
187992
511960
781122
869731
500609
541622
251016
391996
689421
485388
69249
579113
607319
768691
969228
336893
376959
659012
562837
745539
869613
96365
948820
161372
884095
596971
770192
96831
376160
832551
171234
705578
792032
495120
426915
780556
250873
722150
218570
720496
875389
234680
577119
645520
267938
351311
256425
299175
564467
490019
464326
339951
69513
921616
862705
231604
910522
554510
16956
94158
689563
830349
708178
458573
958535
156959
590756
248686
248123
201438
172357
279021
372988
443974
497350
452153
350721
491080
624966
23214
725853
464289
815396
957233
38940
310807
840575
637346
983360
14310
76250
457833
692683
229644
910163
34881
488311
862427
599602
352083
457981
398799
136970
591546
305832
577795
276756
406479
740633
437565
159754
457331
661956
776235
562076
305105
53763
770645
659492
212311
784855
686401
511701
620084
558538
788819
939984
152174
176527
155196
955779
904145
63081
49076
723723
637931
379256
8225
116968
900405
833508
86728
539851
708527
682743
775085
477380
119421
661171
500310
923657
124778
964732
629376
287518
228938
927264
329905
937068
56718
977733
167371
411471
903722
293638
622958
947066
997343
921871
916550
9080
22999
499494
209143
261651
15069
911344
186340
973038
231290
90014
712549
900988
922025
879698
772216
371346
192048
539001
340997
185291
910975
850304
93294
76779
892963
886380
470465
403030
151678
329239
358298
884478
138612
524804
155366
643970
707634
152362
705140
607812
443320
490385
136007
689702
825001
35313
579191
181729
4732
313114
593543
825693
23200
572922
352862
716597
762655
46348
196688
618641
897068
535611
860246
175841
618205
365218
283875
271040
245006
447837
535707
363014
475994
807821
652901
337466
423158
939362
320983
733514
183622
217954
347801
130253
136614
209689
601448
491238
562646
643164
802722
243780
683012
254665
398844
440695
239370
551805
195899
312672
34015
47714
210730
393873
603665
535941
108079
112340
211877
114452
209147
514624
712621
571152
71702
236654
906468
923440
648250
704242
133639
326295
353302
940404
958362
163134
535451
283427
415472
954694
426366
991951
584288
690083
721792
283947
452424
738814
994685
874355
974781
231065
175580
976381
482559
154520
157904
838704
939461
775035
60013
397075
445435
909001
255071
881414
697949
1534
857337
429597
561103
853032
961759
17804
719572
519607
139253
326207
472357
596574
961012
378306
483559
330130
817666
997635
768265
556279
422703
189273
903238
974244
346892
502583
413847
193575
190678
35814
472245
244415
396209
614547
705151
303237
326529
443728
322918
505419
577872
47568
515029
85756
806303
372472
114584
535070
698758
249181
519727
417807
614044
42128
140505
821724
348918
27446
511597
705612
482160
560215
386369
996638
211296
719825
659044
853446
829163
286378
796123
508063
285689
690309
929361
434268
406017
798911
159754
705896
203878
715030
759185
450369
181260
7890
617469
376849
377809
421357
122123
846166
226889
668204
4039
709652
248709
548389
902347
451838
590737
12976
820796
752604
692671
110891
932180
525763
789616
171666
468302
14938
341741
819443
468093
61504
507336
116044
825980
299689
205279
960426
570541
666134
365108
712173
332564
369678
799672
950840
450871
242581
525270
937093
160536
952839
619949
926163
382975
851877
501619
285592
32752
501286
993243
127410
824985
419530
337870
993070
196175
414600
420631
592083
498862
355139
409554
518231
235740
903168
34769
272102
582586
958980
954069
437634
523322
332927
665169
237904
98049
439502
570857
868393
935771
274446
859389
294858
745574
311564
318898
522278
520626
998393
318005
368169
356852
804715
452971
796310
714591
623144
339657
192651
604539
757654
232697
639989
743318
12386
439469
777903
513531
996797
490085
763956
761943
269010
166941
494282
46885
439891
346976
526244
546099
964205
454457
727232
213512
526598
428406
808693
755500
53830
119964
317217
561809
520923
270531
788864
374877
377478
641381
155284
693407
71577
856456
428852
361683
16914
148384
151356
516420
226424
855003
689746
880061
928463
876657
445717
845126
287354
514826
291681
761840
117412
804947
696098
27232
271140
425222
805940
135914
285759
148769
328820
814929
808420
594089
564675
550528
947082
444011
840823
90737
588949
643912
951649
844175
331676
647494
124141
369250
308688
469222
879297
142901
364838
858750
25292
671359
398577
910903
631057
61879
851986
742994
975485
191623
137398
311598
923440
473330
971024
564251
275034
643127
577056
978716
611489
36137
2700
260582
287832
753873
105667
542015
962285
486341
665226
414620
571638
66070
453188
880460
249256
930069
776454
362837
258899
286022
564847
941027
18421
562214
507809
720373
371880
596305
742878
790503
70428
71544
695388
441376
508556
444655
97983
902152
830179
525238
222730
775687
804500
31715
827488
973979
313264
573200
793142
246291
418935
204621
251175
44704
723403
847218
88675
897379
592992
652788
598177
702715
7688
856674
319428
661570
593295
824579
806843
909018
913341
908421
16914
230850
430149
265421
383756
636461
597193
375321
410944
252421
408913
23819
171923
637254
942766
828858
750483
401072
972593
172937
225860
553350
661227
151513
200830
353231
240091
513829
992000
464580
994088
586535
678400
739920
6205
737302
313808
108859
252929
324028
353639
565873
714901
300549
450046
352879
446669
108835
994718
933617
