578459
224947
987695
155072
536314
604649
564566
669160
736258
194751
958942
75331
956718
769675
695218
243388
86841
995441
118816
213784
115364
262523
974565
336780
97810
927196
879201
577480
72796
435124
50144
773809
38636
432650
633477
610950
57483
489324
962458
302390
858077
173431
213475
354033
545097
420287
734022
805119
7209
255996
590836
872361
229867
497773
379834
736059
950383
173818
976119
688632
772290
342757
308268
416309
546701
893448
971227
780229
619651
374847
674925
830052
509725
524652
707600
685832
802625
742542
22793
939025
405690
152319
773900
167789
269057
103819
344955
711859
754428
662697
44236
724524
247370
847263
24642
433455
609356
962003
428183
725993
41695
970299
593238
699498
286538
309017
226614
318679
955374
19422
83594
995730
58984
586630
775793
879769
492075
428235
313310
870011
705589
57535
786389
912675
244140
993573
981611
541075
823465
314939
442770
92454
414480
992416
488989
640158
758854
330871
881671
153675
953428
150055
416291
599631
451887
846070
195004
375178
364562
780915
350140
653086
915481
995149
325019
834141
937392
554708
257712
389601
756890
667747
945539
827511
457644
148241
299951
970051
340843
682926
688353
872486
495286
324461
689060
170333
934017
925193
820244
417399
243247
767
160294
846739
470401
596354
576487
939301
473796
906828
697308
19611
810186
410295
891161
380633
925047
331776
794899
900888
574983
520017
335054
147268
515750
923918
72475
654877
241525
671655
832928
823530
481439
453472
427318
777751
504378
115356
722126
322428
764274
994422
26552
647721
206393
796966
505485
335552
821325
363942
614134
912746
673239
958050
823020
121698
838337
588550
948648
878810
975674
502502
999729
849729
423433
322971
169170
409399
452357
640745
320264
245704
634838
587210
877069
94816
636505
496021
167373
479446
328170
696683
646259
972631
966507
576282
950172
206968
925771
559758
698560
184579
301676
306117
563292
663071
188825
907626
728006
802552
671254
459728
592119
475481
319897
404958
78106
480505
633015
522014
674883
542714
892860
721043
791651
269087
964225
407019
677430
378141
992037
336160
578097
334122
403621
893248
511629
927286
666010
113400
533824
545535
576724
554141
96918
569255
872153
857172
415099
778649
926786
607625
498191
405929
143806
583048
923837
796141
619943
361727
61754
347472
110311
939559
829586
726216
751534
488380
656141
752537
110914
169852
643369
994638
231439
335200
641928
905469
907585
760507
96118
923517
294465
870692
196803
589128
689152
962690
72376
930594
884921
988495
605703
71897
97139
186081
676143
726045
348319
41782
830129
653305
904378
398107
233446
659307
208315
113457
266218
118117
298840
867857
636814
930455
649858
691807
789825
43033
549015
164622
729386
20532
662964
110718
677380
486592
314945
802584
746156
545703
600748
632094
821084
458540
167734
286812
361123
815428
19677
799431
960546
184189
19474
20031
705585
212193
512243
106823
409892
164095
330692
214309
977698
382521
823731
72070
367957
308636
73113
635902
402306
79019
530323
86248
689809
400425
499453
869182
460470
485581
970177
521572
549585
684649
186264
596114
618544
934002
352171
933217
66473
388348
630644
228818
114722
23276
217963
294633
113435
918532
901004
465610
655385
954988
583570
807750
12104
537595
830732
800301
853820
625837
631002
369911
591556
572477
753991
721466
466138
238430
468887
720229
865337
480685
430712
713108
439932
278598
391470
550237
307661
440512
266565
610736
771852
592532
594685
231574
661219
288017
601513
676638
806600
371993
79741
135594
261061
298494
640050
323518
177914
210355
178971
262972
320286
919927
318809
790172
911908
6697
590707
946571
29931
423195
136805
396243
407930
499671
941940
469886
738844
842645
307025
957895
499461
941285
879161
543193
128501
977214
821640
386722
275528
195237
782215
489886
407278
699541
631879
384736
277397
852188
489901
630020
908303
7062
16757
16288
552678
117347
312942
874115
675442
477665
60493
834026
211256
934691
150975
298517
572925
305632
403272
169712
828948
913053
415805
267560
62987
756245
427872
935976
174278
867462
379935
463417
967896
831384
525389
826878
405055
867020
942714
908528
759137
15400
181240
431114
181593
804149
587928
372053
637193
626660
310023
75240
741455
532339
830054
494946
340830
866688
164705
847939
324126
727058
726997
179009
143713
895656
12748
80368
533991
638533
616337
111967
677991
150285
805936
427587
738557
700282
897462
845973
593210
230890
576147
45969
987432
986710
521201
397055
50019
979643
427845
498391
536815
150003
717049
179418
495361
65404
694852
697184
601444
761972
662964
855729
533910
158083
130827
85524
43409
89008
968074
607741
970177
847489
794914
134148
455658
580446
185289
890861
648737
486927
400511
987543
707830
731770
445364
373869
489528
261834
993283
99809
6009
531362
138431
144360
955812
93334
858931
733123
277134
606788
41998
914146
467990
50696
843006
358879
500989
633466
513939
302663
567927
126117
469314
47040
847274
778330
422141
821506
875982
887217
289030
462420
50227
869347
917376
803671
694667
542817
97048
191755
17721
257177
213797
521688
481623
528506
393834
977283
807420
856453
49061
31211
518282
336503
125623
245932
16151
773732
705535
299861
781083
941586
605213
835928
51240
203110
504257
921581
513165
572075
778482
195130
15292
461520
515766
977127
865811
456812
866007
524937
79192
587915
554457
406500
235194
633891
409157
483460
930650
307996
571827
599064
179635
521183
593597
511301
554949
55749
720875
895957
288980
979939
82239
532237
832994
38645
147271
544085
366788
630140
280463
624639
832765
797331
429110
832320
636698
409582
189992
768868
809102
184717
36553
624853
985437
488963
441719
214691
361855
906029
459311
791317
761025
191818
341464
269570
924848
538484
709935
534431
104700
783242
99528
829111
771878
300397
639537
239233
294401
150587
829261
834957
435734
790227
597797
233485
695746
6697
833908
38264
409130
404003
374401
420231
536205
468139
521257
28089
94993
386665
389240
400645
545336
789739
129148
529057
76103
227653
611183
979706
734571
661565
593062
775999
900760
619081
154926
749309
942218
806372
780445
533693
789316
631917
710593
302148
349201
695558
247124
225412
955465
751050
225248
206555
5806
181882
595502
213710
372218
11206
19535
238807
876852
325656
933834
886348
346306
156646
914821
401677
649069
235466
914102
477182
356688
386722
770985
510956
560934
424167
597999
491311
976715
167163
996236
887028
794370
129580
747515
518125
718482
141629
505240
626940
329447
350273
938191
289669
427685
429697
691896
108445
535620
494977
495189
72245
40380
906773
307667
707330
5978
601281
403688
130242
539365
815020
395017
717340
391820
165811
879865
121139
777082
15551
723566
714494
575349
768532
934873
983316
76541
750717
223624
887236
254546
102862
396300
161085
48566
745814
502743
559234
24529
458256
193233
241949
140185
921271
390787
148278
273276
114902
209400
999629
947075
34012
598318
574636
74316
466085
545544
304646
92131
151797
676357
159340
771725
879723
679710
771598
681535
442156
777916
858986
431109
915607
230700
120537
734314
784478
842930
344100
983817
867257
99631
190909
164594
602414
836168
723353
957039
411418
853741
965873
895910
991754
426733
287517
130615
485270
463147
950741
173348
37578
881375
186590
88025
331783
965305
260243
248093
300828
414000
890735
394395
366298
7529
769070
343987
828341
20217
666886
618601
407302
842614
459819
689756
985811
685413
952870
796942
654699
854941
613952
506129
43551
621472
233876
149502
499984
901972
9072
98572
912959
689132
484190
697671
812496
488527
427744
309999
165050
912635
107911
481207
251552
735413
662544
194056
962749
403194
269803
550779
708884
776687
708991
360097
20234
435753
18381
101914
478113
682319
128311
89541
4229
750609
924471
151975
967534
436383
100425
78740
691020
169176
124876
638651
611988
726688
866279
721966
952955
397794
552120
526746
395926
183018
315865
171482
665419
679867
571343
451530
943160
963082
403408
32830
815587
355528
16339
619102
408716
775724
745110
355529
320140
795570
430959
484619
748885
62234
487710
909430
362007
883107
362932
340246
571385
733835
644208
989106
578442
155312
862451
754292
997850
175771
628117
205867
119537
619502
902349
587633
265490
533171
286116
493346
165697
434148
928131
922556
277897
884267
119899
409347
160979
681348
188105
434262
484177
851548
752149
967073
213061
887655
30983
227607
21988
962457
251122
193043
96260
426083
166390
879497
76933
910717
608135
758504
696829
739115
695395
456629
51713
647287
587412
790786
441404
189352
477691
274625
642515
776971
526846
67767
21023
145793
530025
368267
205098
756675
915535
418349
486155
571013
978994
754934
480825
914521
679728
200078
694977
96516
149666
847252
19181
995557
135517
764263
986691
836980
593738
35118
841734
841135
999901
704799
112678
246720
675992
314389
214558
694516
738844
500233
261903
462276
232271
835261
738347
866969
385895
592563
207081
234457
736379
784920
966228
94172
202880
555848
749265
844740
451000
619865
370860
158920
697977
730802
918303
866609
577709
894795
293357
856612
83269
165355
577271
528505
191453
624560
567628
184170
985682
723862
37996
31239
502867
524642
705633
532700
834353
190495
608012
79206
738880
726659
139956
739209
692240
769476
512324
873424
262327
129484
614893
892615
970652
446046
779444
139084
765838
946273
205253
632667
390010
850523
958105
388812
697074
5519
646621
877545
513605
963840
164375
590173
236578
907499
237082
893271
544548
944319
767886
23732
575994
784178
481057
377445
436800
567666
878
224049
719713
879316
880565
763569
293782
663936
851618
858791
177526
218035
256850
112220
416071
96213
562506
304471
544906
291001
117668
164099
519239
979958
700917
760905
860507
627728
190829
313232
403082
884966
787124
474160
858397
484073
736059
931898
397008
649431
428437
742025
214583
408431
805077
514612
92093
872725
479656
643935
969084
320692
212804
273709
841782
827167
129900
442638
24014
520955
550716
63290
968531
38230
107007
593882
171096
717860
242252
966743
653912
359286
698199
51433
796070
504619
884581
7102
581436
537415
252330
89697
581993
302409
844835
770452
351579
193496
89442
50445
915229
503546
874978
180491
294338
951961
542175
719226
644785
163868
705172
616441
829012
502799
13158
719146
887099
884867
771738
585684
82894
350525
484033
379361
443911
543921
787250
622177
813920
834138
837775
401392
163955
521626
805011
955976
389462
555222
381071
614973
439289
723800
594686
153113
548515
963528
572508
461577
430264
455580
129399
205347
793708
228700
987040
767147
290449
414206
509571
602427
726508
399144
435115
136813
597763
873514
301605
50852
410394
147390
675670
482947
435070
962354
189999
841798
804896
581941
360389
27366
457447
278601
918353
890000
977313
243361
770552
927609
728660
969015
154039
449813
7568
189439
141277
584059
992376
589134
272720
520567
201625
903912
248698
319664
45665
955293
19780
995892
558493
640952
364967
631062
369571
22027
215022
566003
443467
618888
31140
469580
18851
369749
528041
307069
138133
846005
276868
876325
395640
536535
949162
400358
972916
335189
148331
538416
930960
11633
475407
93794
492106
644074
711259
723420
180754
533756
32837
954332
934259
560826
597820
704267
796346
537095
525436
990316
338346
293750
21172
62065
47423
662862
493229
375719
418864
785865
115322
325896
232716
766754
674307
469492
935105
198491
531765
141505
142571
722705
545337
288884
203836
21468
70651
909236
979803
859358
396746
872300
589878
129660
717592
784550
628269
975349
743479
809723
571780
476921
738744
268385
711877
531634
536440
61444
525792
62744
543299
556230
968006
454860
309068
837231
449004
399969
725943
413561
111109
768270
862472
296384
229994
143106
573375
402138
606314
208385
151019
875046
167039
827926
806620
96511
581625
935711
909716
93121
281889
817103
946384
490808
816589
354482
426243
997277
146071
583895
874914
756901
372623
764263
167207
4547
714046
624255
46352
699937
187088
194588
473355
191332
33405
713004
7979
568736
841214
318300
863206
280905
844935
933558
356192
307686
887235
276719
275241
7990
616568
182039
173509
70338
127901
53504
281745
595442
680595
786334
435045
621399
932843
38422
571811
225673
156015
33812
298063
800940
603888
351468
976900
516420
56668
658757
34880
808312
329289
484719
236128
133363
651520
63854
588559
897816
11436
326081
886246
530112
69262
572603
798735
216265
908346
771765
547524
752188
186546
511644
251174
140916
176806
498325
100881
337308
348765
60065
41929
531788
9845
335170
841383
85744
690216
951536
999758
418610
490831
226281
88264
314631
863558
315644
796573
480015
357171
170809
411612
872785
16318
708893
738414
290172
7851
740459
250773
803077
374937
585841
862478
661840
915997
502728
689623
528682
282396
997648
745183
152349
740069
130349
989108
478999
892506
300219
601496
537685
765853
710588
336363
834021
581694
452643
94918
758743
371171
282996
793575
703103
907670
949451
23767
504998
51080
713107
865908
574789
919589
922981
367756
609080
418707
760694
188673
468846
901695
756848
628901
532774
201450
908409
235424
500888
307885
924757
81099
480882
277631
10191
672353
341696
759053
472901
617861
234770
577195
533849
688995
188418
864735
36185
108160
823895
529044
860718
483504
631243
153238
459270
218876
363820
274876
438798
488379
174552
720239
497679
52257
200210
46447
526313
974882
995905
946026
758669
778432
659008
47737
624872
128967
104781
276496
649597
994099
752626
776310
664798
69881
293992
678151
747616
695709
489334
725586
744039
891961
168018
364625
286856
675012
641944
657726
280925
56904
622595
462025
912274
946244
447504
307657
87850
205344
540890
753817
210827
248682
582713
750850
601398
415106
422317
466316
791739
688555
967909
546525
113468
935283
727
163823
655323
232765
371001
469578
513487
778842
197470
452347
481339
610212
209541
358180
282575
339512
518466
620397
979092
776079
34714
908233
743316
578424
249258
355687
556662
992002
408426
798178
12661
758560
337352
61343
383363
839881
888807
977468
402644
761162
171283
285892
867325
904740
639197
780166
956509
450586
273424
91544
926520
407861
37056
130560
188270
955585
963874
858595
801676
713292
548159
982533
541793
566785
742039
280962
184745
955155
107964
634938
99260
118207
392855
728536
663846
58992
275582
872982
728439
912257
773386
409105
222143
260184
893147
985084
157361
40835
443937
858084
559977
836643
972803
894026
864329
574836
969243
182399
652965
6854
823192
648658
746731
60709
919216
401119
199491
341923
879640
256893
325581
254732
8835
607776
292907
217417
630821
36735
744712
347796
503150
724180
158948
677735
466040
301900
276466
419610
451187
250782
406331
280405
658119
984415
432453
863301
549805
269198
252023
378980
461001
639416
544009
133140
912213
249789
337195
160816
162314
756588
805687
454266
295641
583835
885579
488069
311079
894537
385531
342694
127031
635902
212454
428158
217654
62118
998375
851925
642161
63615
140745
397986
303810
352687
462434
390315
477920
166591
596292
407966
983071
83376
158687
526335
338321
240886
747080
150203
359352
553292
149226
242647
712184
496485
404707
401545
351712
100541
904323
962686
696446
978390
224863
15940
86024
827124
341139
142629
512770
602427
728869
824797
506367
233309
381411
169479
624867
130286
217047
413776
643515
377262
374356
964017
219361
632648
501777
61110
591791
103854
647410
718700
959033
544078
498503
487906
958610
731928
666928
464499
17764
640267
529105
237174
267343
835794
509595
704014
462056
939343
622064
693246
893481
825694
370828
752878
930890
929668
536440
540323
906872
565549
765090
391844
829828
236253
801822
533014
646909
433438
361069
597044
865599
755624
627092
761668
958443
652515
524661
235808
898437
518837
370207
276377
903889
559704
311927
417745
5548
364239
474656
573493
580188
513337
510129
984801
439121
237288
141756
903651
511977
807977
867265
802785
990167
210593
242578
752404
356691
844996
903728
258490
702012
194527
794331
862823
507548
263989
397287
961916
541231
56793
228174
633927
528287
338608
226623
360775
360255
91026
587479
408188
148823
364687
772150
522238
56050
692069
32920
298521
846219
82377
684739
790015
755690
722028
331829
467169
82217
130308
171012
759944
533954
572375
700069
932111
256544
949794
651128
369118
525429
544986
520639
57193
685252
80821
529701
27369
833191
234743
724169
979249
162123
921111
411982
970537
623683
569491
841693
307826
702348
342895
483732
909941
116909
586695
414102
324603
508298
887274
945617
802916
408105
891490
123548
515430
717271
290916
31748
293359
782798
421049
820553
687178
434735
55898
789121
563987
62522
642143
697402
312702
887668
831293
735053
914777
390527
522372
876239
12474
666603
716426
208209
905755
584180
616620
744320
126595
441158
497936
150105
345134
624002
899965
241402
388163
360130
444260
698222
593354
717789
371628
3989
715657
815020
873719
965874
648298
57729
881066
546074
39564
627463
916559
101639
288305
218610
504813
989214
200412
916486
543928
505466
827889
546829
434606
17923
420020
729501
962719
841569
284620
458175
159006
731326
627177
714483
999531
465814
191778
400277
612571
919859
252373
150065
943707
803842
843943
96882
25995
466613
736237
604520
133177
866201
573384
408270
14994
672989
337836
265047
708018
457986
112009
372309
314497
482393
53397
205905
889002
620025
323478
534039
783172
387583
465184
751351
275687
311103
943598
81336
224710
352290
484295
725263
952778
718177
861046
727266
932958
222780
289083
578223
332503
701564
184931
627674
710787
233294
252486
850447
881395
433712
230954
991147
791302
288956
217668
780615
323201
272398
29287
435924
652769
78389
1492
245527
394044
696402
516969
356020
352132
50870
37063
277367
55324
423347
632584
53094
524402
902659
411497
22885
344843
734214
244596
159798
115262
212287
274557
606852
805120
855021
57008
992855
410651
935182
69133
591588
227484
431322
614426
665053
864120
61606
513189
727839
370870
972634
439325
93891
909850
883711
497612
789803
644180
959755
263360
638082
424795
411310
406282
334845
941257
266685
840001
763575
376714
509928
231581
342636
845702
443435
881686
889261
595206
765939
941757
820716
900293
824961
15938
293908
562056
768750
990597
436195
749274
720871
249015
886065
469607
181463
830635
431152
373749
315549
16580
531364
831767
971866
631612
439874
843058
480302
727078
151562
880543
217878
503548
616179
45686
472834
184276
872522
228727
829414
843797
361566
518436
379997
892470
899811
278305
419534
737077
553009
203223
770038
369866
70118
28856
508774
499496
490540
429025
625940
648274
351677
994490
787141
254560
114155
545587
713228
876937
342308
219614
62031
483904
344221
488023
585412
213470
309561
823752
153626
855783
182308
990297
798758
929802
762334
509384
888941
338879
221193
11671
684715
517299
768203
9270
827896
563730
992431
149291
187154
797345
375517
386835
786940
944597
165772
158462
922599
282073
695598
186832
833947
272102
894613
495382
346963
538788
198356
340677
905860
454495
771594
422159
747519
131927
540353
970587
378302
173523
716406
307530
465521
67958
961734
314502
497272
464120
952129
843191
714518
229759
528345
682963
170322
720437
530441
232158
706714
392757
53997
159725
675438
385261
406586
129350
714879
503279
334129
748611
765636
645174
428196
283749
949976
494898
290199
140344
610851
910056
935136
100842
624993
242915
910331
93711
689683
783652
886736
230079
446873
980361
930554
797766
702319
528578
88638
78829
872030
49402
17500
848039
221154
977704
38233
43578
225151
706726
484039
167899
120171
804236
358580
61240
979899
295137
969969
10503
268864
813264
570785
655389
572149
630451
191854
693559
192790
367424
753992
682919
601738
182728
693773
806081
259150
858351
742200
806442
602764
802289
565472
902209
867158
295798
65103
451584
352870
596401
339910
742574
3437
917950
581260
998173
929735
480202
366527
141919
709828
926535
790767
68009
549412
719546
713309
273567
433664
504278
190238
188582
994306
484226
135675
110432
835193
546881
885995
289328
742409
645711
841921
168420
881648
928657
183961
916183
916318
554340
219594
66101
31790
382160
412144
393822
499272
260282
296509
638399
63884
74471
955568
533098
529445
316494
901792
56785
38324
455327
598679
506691
418541
15673
695552
235640
718957
181169
215051
304616
762290
177296
639416
32470
505239
32770
137331
56044
979305
997247
571810
121395
800515
330352
977934
68914
177907
456924
896923
83646
715446
891305
661742
401364
785653
841677
802525
328609
67359
123994
76169
220004
28222
40534
306379
691434
140148
392060
898163
130647
626868
354347
447144
924145
674368
643765
440672
904152
130961
900950
620507
455922
749144
943561
343743
19954
935631
916258
905643
396142
312126
434380
653344
232536
931610
781696
795039
405568
15910
376331
21861
436957
898159
533834
485305
843949
24985
52779
718450
884223
948036
644474
35750
339063
931783
93777
34321
783595
457461
780814
714581
364783
106961
848603
768750
882573
478182
358188
867312
426539
854408
364196
346991
243788
379157
185545
932927
207287
550261
549753
285412
309382
193611
221483
553944
676799
854126
978075
37609
113183
281851
426374
867946
709788
931883
158875
488988
458617
481137
731143
3076
851834
934186
466505
705594
299780
395011
905067
562361
161916
574497
859058
336473
252915
469793
353037
879228
704463
349589
34365
353615
473144
157937
297756
342450
845662
96800
517350
87951
436901
631849
114931
746930
890553
69419
370600
429044
912039
141736
264553
819853
790755
532523
791461
869317
804122
976752
91244
682395
455586
976479
682861
150681
853262
626787
844296
891083
325814
871930
655882
351160
38148
829969
21045
459317
987365
322758
637449
525654
568046
173020
266960
113526
755548
604799
707306
566743
747844
2469
497898
421252
599590
590154
763493
719970
285385
428822
143893
776772
435703
783896
883414
844949
259551
968676
543846
810078
969886
414547
544007
857160
251579
704849
627490
969907
225553
642209
113777
879311
336413
615550
243950
586366
729117
897177
621204
642848
845689
370528
924260
437027
331041
689069
158161
308090
276158
143713
839563
442871
220622
310723
978463
794566
122337
760040
298862
614194
721120
290841
725375
744569
502781
684950
66536
141443
936397
722335
443065
614138
581500
94870
464028
673663
110170
898354
124878
164804
108610
312132
218948
725138
613876
517321
942235
521508
302888
998600
772447
925948
9688
721313
411041
347758
117341
454981
119610
927955
703953
772642
244854
378504
496769
68465
286700
158035
980850
700034
22387
891567
576878
196658
730985
752004
323038
182327
668214
305461
708275
543782
837657
782591
595914
506926
10834
630664
277202
994228
662980
485917
960080
162051
242902
891739
316925
243317
18968
78219
57739
209354
935274
708890
996657
270472
782608
476186
451696
463307
150639
666017
783983
400024
519624
838752
270739
560133
420196
71682
881846
946531
920077
820295
239573
897212
993656
857540
261934
392468
312745
625687
379002
296349
291198
591506
220218
511430
65843
27584
511191
557480
250578
224062
71555
378556
470550
976389
776185
976373
375843
599071
82813
516856
55167
136594
778825
996573
536821
463730
462747
144476
478280
515324
771744
505731
230099
429227
888224
690560
651943
730713
382101
152023
66543
722992
763827
432460
933873
406067
161457
303073
878945
308381
877971
549931
437746
17610
550422
39275
620731
610424
846414
108867
151890
696681
835249
271260
386956
781312
458552
519767
148647
626065
707857
393208
680409
879968
921491
42049
160676
559563
339883
807770
270727
286898
164613
412101
386229
335766
721727
886674
175553
946726
261630
949807
727930
669419
610489
969635
262448
671082
265010
886277
500188
255441
2230
809809
937294
497583
976603
761691
43143
176200
787497
198870
952980
120657
482222
455187
6696
97557
562305
6612
958533
905130
580457
611979
664149
276654
948633
292524
22282
797779
288778
9792
634283
138969
844344
923270
786804
295525
680618
35241
713443
472609
251740
793575
804582
187169
949261
344969
553819
594836
530257
619143
816292
486149
240769
69791
53789
261992
755527
313358
736308
173476
863663
861362
39332
192344
938056
265699
526304
749613
68163
24092
609540
301873
821728
58898
780176
10973
817924
850204
982181
635431
941797
88110
155713
758624
31681
774284
692762
677233
564836
214277
652606
19422
193609
610632
537796
428687
708226
713282
295940
517763
419485
831475
246974
299347
593712
422850
366693
884214
611919
992373
481726
271763
301364
836239
578054
188100
301281
713198
979904
621010
204781
325857
817038
125376
97208
777572
172762
402422
749577
496167
608394
768674
725470
688659
487113
428515
328496
521861
6813
326302
783665
710946
721833
13925
249120
132560
530724
783746
826248
544766
531889
384554
236194
27068
193064
317962
339054
261358
654502
134837
109174
894603
496419
5225
271963
406475
15393
394200
129552
770831
802862
32650
100449
996436
237099
442584
372316
696197
734023
716916
236503
199687
684167
13355
200024
402956
653982
598770
842892
125451
685912
656510
206890
177157
172981
839237
961274
183473
388012
943276
75172
654279
236131
953950
9893
59514
28134
212612
777262
765762
58683
727591
310217
464693
233681
807128
873656
741117
404878
948953
907537
536296
633659
667763
370052
930436
258030
219913
194702
219305
491496
185823
841932
756579
274929
295412
127244
986546
905822
23602
442602
239841
684971
19265
465665
81501
558610
721658
4301
161869
924803
123867
197579
361698
916897
177045
789354
767055
396961
295700
407389
431124
26516
947188
363304
76885
140045
177290
908652
96187
199169
155739
725187
115750
2663
990822
256954
633684
854099
187998
418949
152767
580496
522065
320869
325134
832158
296071
39573
869219
134269
24077
523148
755812
959523
916220
368819
148230
156718
783289
277723
350537
334374
748792
513688
340761
26194
979769
287767
597955
128256
312182
199025
337951
247078
825729
379720
499525
133423
948015
682052
414683
881329
685546
377976
699423
482250
46399
155910
845159
773002
769436
316224
97134
523888
921121
508610
58432
323189
55121
71710
702005
744340
812250
769033
839186
792279
603462
209186
927204
44994
893296
58035
727429
621560
89871
965554
827607
918007
362423
481919
192237
711020
388543
281651
147286
991384
399926
316951
269934
561357
975500
535463
674646
529535
33402
484608
177789
283503
300217
327544
236111
255582
175120
885753
966278
436807
332596
474731
344322
618852
64531
842475
137846
798438
899306
766269
202490
52606
405592
427513
584087
394018
590546
201311
140189
889827
639434
637111
18488
699078
213216
466152
532212
306581
158404
214019
418270
501093
309131
172467
797078
110395
281292
406318
951040
167646
556974
379619
462778
832521
619688
928797
686256
726080
783597
295224
474506
65440
835444
312008
829028
209828
83981
604440
996633
212882
400916
372067
276533
412128
859580
857721
967093
923010
498967
303500
302457
636565
919376
684621
878876
579204
164838
178339
201694
217204
977205
396135
619949
518133
260583
848723
860664
458501
932377
51539
17594
302567
142824
356094
57355
806205
675893
358883
523307
876399
161835
696715
95333
836155
1624
882481
684375
964771
55604
471509
644715
846059
290439
203286
412704
961455
813094
166211
212963
191940
669561
482402
602054
286115
544630
549633
445162
447609
237944
936479
233531
175351
477599
416898
816146
38753
698497
718499
205438
816651
612976
287116
289011
78833
910191
743691
926176
891790
204863
938204
931877
47380
401824
402711
367283
314605
788978
96823
592439
45937
491282
349957
18418
726632
64436
461331
808631
276007
437348
232360
24410
316489
26219
423545
80186
878962
852295
877165
292946
153887
850764
871580
193605
816507
115999
883
537341
894368
714196
975696
667807
517653
133966
720226
605020
88498
852708
444630
387910
379225
8047
385740
34530
71255
729450
574014
663768
161339
473761
131695
137839
415917
655542
6774
266942
500977
488301
820009
330824
424414
788016
701264
291191
184047
291109
215984
887431
842675
603327
125809
414783
780296
818811
343745
485099
171129
649548
583986
181976
841953
617273
498190
876726
56224
653607
5556
183378
906709
522734
945123
154759
177860
232160
737874
832127
61572
486289
487621
578407
764104
413070
520244
212839
299075
638820
652793
351836
104053
499477
133765
798832
817203
888028
493062
74208
223155
172569
408907
454384
693626
384367
837504
859736
495441
728314
219956
122366
398948
580338
466058
611512
140771
644745
87136
816950
510638
954182
790434
857834
688070
982528
431068
669303
810270
365565
57137
819592
36529
97784
969912
941034
671181
863415
422487
433124
469611
616290
553349
809181
299346
356878
840370
22581
343248
47812
249807
602650
882804
126782
402541
929184
628102
782152
422942
60833
40203
944525
305687
549856
888837
761085
53204
760079
368511
831618
159520
533849
960333
93837
667805
299520
768391
285059
128213
957463
312442
467164
119325
549819
294270
354393
746334
4121
152700
88960
712426
758644
253277
750818
208577
737843
143544
602826
546250
914920
137138
957466
169842
612343
432031
46868
774133
301054
761358
99653
665553
889011
338535
915120
275796
501
616792
755238
486034
274167
494304
253852
82504
722158
355925
288472
71263
962828
951558
331902
184320
703626
103520
628714
910048
700080
951306
719929
939763
561562
315150
287465
548703
470267
156106
240497
113789
451861
902300
58524
132490
844887
811324
243029
577419
873684
440091
637668
506641
78692
711032
846394
168529
742913
618676
894020
561935
192404
29389
601650
374943
590660
576781
636903
719222
658037
777280
269980
313482
541506
713420
726381
894821
847089
787309
950679
738242
671256
471464
609332
88130
391684
254503
916123
664929
709619
355912
489624
447947
343557
722820
984048
413821
945548
73871
748210
382086
195335
182104
27255
598035
314409
317876
412946
354924
829112
971982
698972
448291
564080
534380
270452
251247
417440
509998
698661
345943
811921
529648
433999
539619
217684
521377
34806
28645
420483
230661
941147
155939
157251
106175
956001
150234
987477
927785
402120
208376
749445
873435
617325
598106
762784
116001
576735
810917
371132
246847
343365
630508
487746
171771
58634
279620
40204
183369
374995
345311
631917
395546
45384
562755
708500
852801
285657
704031
748709
421227
526645
807491
513337
745724
667063
421998
67204
593331
264908
746007
327424
124085
977679
921304
967779
233477
863111
873149
704471
16098
14584
688731
492335
697991
147454
1229
220867
63123
716887
259591
287935
803340
285631
356179
309149
830876
279134
141139
348144
506851
173181
439378
106222
860606
673973
996666
653278
455155
965149
729029
133143
227538
559540
929588
551448
746947
609580
7978
74068
130741
803486
232545
31633
940863
775353
194184
979533
790638
880690
267500
29234
214713
151624
189719
676583
786917
535393
19010
919066
810123
782369
318697
873410
981247
671806
131914
986677
366829
308230
160289
668286
705562
795849
475119
681004
592847
899804
868548
803283
375268
872028
518830
947894
931563
154210
310713
262224
338937
792153
343627
719021
335038
628510
662789
281292
394729
17935
374722
381632
634439
665523
634531
276576
717020
515431
178496
433263
131215
735369
489472
338358
869113
464448
578818
974541
409045
165107
517901
572367
617342
59006
538574
859000
256710
702091
693166
352632
78296
369932
185378
753944
226183
248896
616380
133493
984407
112265
959534
410089
13384
687154
594366
360888
998005
291326
694081
596684
170982
425117
797977
810109
626793
940978
796519
268590
822873
13900
123175
199510
654432
77598
847764
787878
984637
630376
95179
386542
504638
35118
568634
265054
20725
539943
26340
498801
911303
111221
620079
904125
405457
119916
549791
537412
677455
37939
329673
844143
636795
89171
593545
421349
659854
511315
323409
427400
651052
332272
964987
349499
716626
413230
704174
236533
785228
337090
549340
345467
441359
179160
970313
770006
113889
587800
550860
131143
864420
783306
818645
939441
805276
346645
762793
990040
881989
832813
153394
743211
307519
395646
318327
348159
2780
95053
561526
994703
322381
209330
28712
310157
621675
298247
539960
799064
200144
761797
282648
754608
90503
966375
490232
998015
48289
450802
454981
434543
892114
748438
891334
879865
118207
541148
613372
701484
28124
970557
454697
530838
495412
114166
264936
450586
538889
763311
750083
329222
765488
821013
733418
55146
972005
38594
826856
145409
791508
856936
489131
203891
693626
717693
994435
804719
438254
501654
28818
671090
62955
808258
575350
430755
153372
666398
298502
747987
769289
870708
583576
420416
175471
803199
834824
195756
621858
892829
649082
103580
26608
131065
817466
787575
495775
163810
637673
849057
997282
135928
479814
610012
835204
265630
863558
805881
156298
346878
95984
921646
318937
983155
358358
689345
210167
63193
599913
761435
771175
432383
25443
474422
956879
96527
284908
322300
593161
412981
720137
498930
371208
245221
18725
488382
862027
577896
131804
389204
365060
177653
686108
238802
513958
846534
616237
172535
23712
648821
848426
927717
366798
790614
967479
508267
664110
152418
319511
448250
633039
582959
471481
792151
321868
431943
702124
10157
448329
537834
702595
778459
724935
563121
966227
497191
895047
814353
454853
87906
468519
83203
4281
187666
396898
758968
95481
350227
430166
439039
372827
687767
873684
417016
768465
945466
183699
236127
908177
709900
885422
765466
119983
951520
377163
836662
409200
906621
961883
103008
681101
369896
816245
783868
997262
25142
753402
921874
259214
951009
776953
640845
60947
905007
921653
592527
38614
810660
790743
312768
249382
571076
963409
733002
426699
557152
117415
312893
439634
574034
335343
369576
762105
837281
775753
292771
783275
46284
735207
571674
35366
199434
122413
444367
53258
674345
313796
929065
593555
251321
887995
972069
835650
876189
496693
507421
951828
108861
870077
792334
56290
313864
240880
947794
974131
829761
92579
678189
50403
838938
293236
372280
122729
225407
639167
346737
956230
580772
126496
366922
28718
528546
579948
343309
848476
612949
990144
50144
858789
463744
289830
741655
706744
725026
925903
465976
562305
656262
480453
85495
813084
616744
494096
418749
140024
459851
72337
277415
808690
840469
711978
763603
208204
906168
274279
666738
163350
399508
294789
109815
138966
515091
279665
241677
784215
202077
925844
206824
513130
67517
421854
897538
19087
833541
634594
423067
544192
128863
771145
428693
838976
583630
594189
362898
516298
689013
871239
305881
290547
759094
342443
819135
566484
97208
690426
916955
178125
490189
465537
266249
250777
987253
905714
120433
712255
306030
246858
999300
495030
319317
631623
149220
68847
229729
175031
963175
638576
8417
504257
723756
239675
46216
940511
497245
973586
943320
788087
527442
727065
39148
459425
846685
166316
880070
216971
437463
434408
835364
569687
992251
725420
554414
951454
198962
437023
524754
36580
584317
525092
982682
903966
553625
751050
427685
114655
699561
178662
885327
432272
201137
462962
986250
148643
324620
549317
866371
775474
987924
458300
390731
931295
812169
919268
716953
540556
659935
366817
527717
850889
430016
175537
198268
99
456611
542054
467786
848084
592729
77952
301797
973582
149964
716065
895473
831679
228642
79007
52781
759322
293688
231339
398303
576554
78825
312610
748988
237677
401279
540767
637345
582605
992997
532157
154835
659455
103867
626977
755817
207069
582268
374062
987807
971887
553507
854285
887422
749104
800312
227692
909521
340515
59285
757643
942936
200157
7648
497251
396113
920316
963829
428542
462048
347096
534237
204318
42592
347240
798424
962256
531252
930006
973265
693744
792334
865553
114847
6194
700185
118146
558458
489877
613911
223765
78580
494836
844955
325522
2426
240123
188192
364572
541593
210460
740472
622608
274663
179087
908090
57065
409140
238246
500740
49951
736586
904451
277912
151872
514502
226812
885449
833331
73737
559269
188645
311141
642672
202423
769853
632062
24461
130421
196788
684916
765689
520410
85791
810345
36428
201184
860277
110314
763020
115995
949633
518839
54845
765721
864014
665998
947514
885880
503800
681322
965286
722323
976819
667722
353166
807289
342625
724378
325216
192929
436627
303818
348343
557271
783345
504953
55992
803540
647802
328242
182904
59993
972972
403610
968371
230379
515245
484360
152324
119127
802597
449829
689974
722067
992205
256405
445308
200108
784233
579421
874564
42188
440055
537481
677980
703991
203457
106037
236562
560928
745485
553215
766854
523725
306538
591657
559250
677022
135369
420783
684487
745417
243905
313846
576583
101946
484360
343658
870994
995294
773417
187829
469824
889762
163196
306395
568600
532656
437738
967918
130588
884110
592476
653810
711225
491668
646639
306643
927989
56532
118106
106357
682547
84791
645226
178931
396113
790573
276185
889820
576867
843484
231122
183654
706145
627134
837789
598465
943396
887817
769933
702127
541249
188353
109111
85920
113151
270122
423832
854962
346300
260729
511499
652846
743706
859811
908752
462822
401692
402980
599413
925254
563834
685778
936864
944316
442559
852512
649879
960234
738505
404125
349690
729977
846278
531307
171460
692218
474563
855606
648737
168100
915116
568341
6168
744355
152540
305196
656255
170644
224240
529835
226218
58688
784028
276643
301775
587223
473625
37241
592718
835019
951587
157302
848381
590222
877859
621463
447306
26678
272844
912794
952681
837867
582175
244996
206941
900671
320083
22158
59381
992527
577293
69653
625667
421101
68037
905617
330341
482263
495522
187673
709177
817139
862037
24923
839235
919164
124560
42074
957420
89124
827984
141828
963828
351918
324799
8110
955228
978136
147282
677002
626787
431934
623894
876130
720019
230114
534231
201837
42748
728864
241020
788209
724450
322831
58914
538674
818892
215043
499134
227976
518306
268818
663663
721050
411633
900303
737844
447334
800625
522195
710561
493327
108529
929585
679995
433722
732026
108167
980164
209953
222763
379565
883368
632883
213087
179513
61489
225984
666185
815109
215386
80505
643918
186847
112785
611076
64102
505212
982025
738022
449104
868212
327004
547864
790850
508147
509067
170512
854607
760839
621367
582698
211368
902210
15574
26548
618589
601470
277410
331124
916367
60015
373216
923983
897878
564320
359768
665819
180865
169030
2688
888813
137259
752897
681374
248713
504603
10080
293693
36988
415968
946776
357406
167019
7297
644288
868247
282227
832425
413662
916735
450970
579196
733545
224876
708698
942441
418940
176479
74448
632968
826618
392713
479941
114550
88914
572113
682695
159107
538685
292834
648675
778041
129285
152685
532431
536472
414062
413554
39770
184277
970653
318821
235951
552945
336434
928326
724628
743809
249548
536477
394276
586245
190725
966045
689132
62489
681278
679030
369241
907875
340622
613638
541634
488380
122211
589419
673299
294276
489795
81262
660368
142026
293025
746667
743377
700185
985587
811778
863994
621397
933531
722245
485747
298235
931266
703536
920433
719418
431300
469751
115858
489137
697278
456126
146514
295418
701899
841650
480258
966834
349728
820239
261555
728955
50671
553113
262853
598263
210911
197785
148316
923108
133627
30612
418719
29574
286543
419459
649512
569032
227605
252735
442149
562157
913399
653217
201289
769781
41665
688612
169677
16047
708435
803703
97514
507098
419484
310891
356397
859129
958921
732889
285490
188406
713653
960905
96470
468667
616119
714251
161552
401361
574104
404
424313
86676
423010
805020
313244
341348
273432
368857
923215
347042
533556
107406
751777
704838
845760
697505
106076
251744
303369
353925
605893
477322
743487
636423
181685
500729
979494
423463
342737
614638
951143
25991
328609
670579
817436
29479
728475
487511
127962
628532
458494
777548
633713
700234
489580
768624
506551
159064
690618
681149
729014
498569
557279
206641
293994
757997
997044
432617
701429
497969
110957
644048
866286
400062
825777
654915
987108
285800
144427
529841
346265
744758
158235
566696
665388
525031
931503
924551
161329
81870
940998
32948
460653
374947
488880
460608
434556
974544
773238
681793
707130
66331
980127
980115
831381
771950
5517
364950
100228
733044
545908
602238
399243
451013
90532
623515
308471
440998
486300
153814
96697
978468
372192
958007
105121
331337
136692
644301
277335
752051
354997
592585
892864
705498
332982
482912
925630
304724
106496
314639
102985
750470
300165
269379
251707
642629
656249
467940
255839
225563
238995
456859
438316
320650
769177
585454
499842
580005
689113
98694
880798
245496
505089
532388
416614
453697
615079
441943
569662
77553
12974
377321
227583
121836
550083
405044
881747
966608
745748
836044
860898
253536
91613
51967
357925
120746
257062
241364
68433
377574
438413
493528
204919
647712
72940
723724
683392
708435
618653
569322
593243
278871
583256
821475
635225
709630
8452
510186
973286
736670
233163
806734
790115
879455
52954
817681
994331
778791
976296
624771
401824
439940
325180
64570
528304
212878
65000
644882
859888
450175
851905
162118
65830
764657
169320
126020
35639
401228
737547
50397
480774
52405
442950
643708
968
649411
651566
564688
510981
465962
2419
366423
45556
608271
143781
26959
496153
349059
935631
654352
451935
412341
975763
445230
311774
336582
928480
6663
469362
949715
872421
275354
54118
699157
70915
102253
728153
558001
953408
492224
562183
151167
267013
109683
370175
146514
784881
797230
406103
431788
396327
138521
864561
756694
612414
527434
112849
928703
114481
545587
818301
147380
69653
234155
971008
680178
648497
727221
404569
864295
476286
895365
658381
880351
929174
546678
698734
703201
861569
997344
726632
791781
966078
703590
908866
663391
309640
300440
604499
995660
5287
363509
424817
303975
772013
462495
937343
416647
711430
434680
848858
854823
644664
113781
805483
59110
147154
620306
442797
615732
458291
868638
254122
459643
826323
361929
820534
688457
843294
939329
198405
681783
225901
764334
318276
275
174398
455841
619647
831321
33175
838452
792670
275834
146371
759322
559593
762193
712404
393775
571585
5828
12622
390744
827703
871697
457779
820985
920791
509909
670745
294899
790857
189722
394467
711974
231807
508782
440128
269899
78874
387633
486947
675916
960636
323016
113367
667165
954324
327544
314249
511644
213926
195991
81404
154772
274347
878204
28848
259481
625476
844468
667207
460730
643212
354866
161684
55850
433706
192864
36140
475440
96648
604132
443451
193496
581917
383864
704930
199427
848876
751038
661160
732930
652937
132279
28116
840739
235843
668579
80640
531615
238700
418008
285429
298189
757427
387340
623035
849696
734975
40157
334049
274135
30262
394871
412506
818946
976892
219312
394102
684340
638815
993409
189131
470699
31102
563394
934916
239095
964437
63270
283586
234082
514217
720994
712971
530168
448135
875767
437263
455165
648377
975068
359531
770529
931812
228553
652352
848259
372559
497982
455374
839124
741863
811775
882654
589272
139410
279197
357061
433344
770357
845064
421609
24599
915912
967911
169267
604005
594516
674166
767164
578898
310445
136309
165204
370623
624801
349951
519414
294900
713151
980117
535235
194780
257593
396703
703043
189104
266757
115433
328873
807736
156870
698967
840972
347042
237864
160251
840317
408424
339967
91798
502173
317117
815974
380259
312029
870527
9863
998970
243108
426916
347130
838008
323164
320394
929188
852241
635957
780484
46919
986585
637125
950620
344775
34996
447513
270323
786801
175315
171090
161392
43182
658054
556331
547310
554455
677591
345500
516088
151843
642742
370612
716967
71773
369269
775547
834215
750232
877351
362653
935305
931194
312033
637662
929474
80936
846336
634912
549554
893907
541365
198656
212048
634412
85846
745819
829619
500088
521691
815986
840162
843589
436414
165633
599506
164961
633911
829750
446627
239366
704806
395159
899169
75350
55711
971517
870497
381902
639867
884710
775213
248488
199113
872227
511164
650181
873163
623037
847130
585214
845760
563359
734096
347671
978486
841390
400407
362498
775360
240922
502046
379043
548906
496238
450249
584324
872677
354261
329450
317747
969556
15267
152064
302567
2625
738486
610529
5355
418824
127888
491838
723045
387019
505820
324524
209773
763704
750984
169446
766867
203765
209277
171786
812525
284753
161311
626455
332158
557636
175093
24416
976363
484125
434262
926176
850586
433310
641381
492312
865695
104208
63566
704116
964870
690759
125221
236068
749072
261677
725881
422669
25392
251346
76974
583620
659823
459672
778781
868087
894326
864814
920135
456230
467692
418326
277285
993783
330956
154512
122742
230776
604671
760638
204956
99402
851916
124771
59044
422750
362231
80675
206373
434967
574945
907856
445879
430670
241962
809917
390893
902792
353009
28520
42725
612272
495751
362715
243111
733119
993165
124990
943445
484648
682274
714413
912661
778963
284791
923666
416081
717746
918677
405339
390851
320855
721949
433874
917419
404387
844528
428246
543054
154898
381676
997285
377827
546048
802357
494792
421701
870076
467041
815036
373728
895035
368839
300141
840890
517839
504305
164024
363681
93458
846506
644343
494020
475446
558328
895042
501328
438147
886969
676283
158010
726648
3623
555591
17056
730238
807658
640928
365382
620065
960731
690341
475194
304195
501086
188301
864890
105886
117668
403954
242122
275422
410789
126447
391984
740661
915250
946530
727821
761725
802704
496313
679897
385340
225909
611737
468025
389398
732224
448257
184126
588550
345845
272800
238037
888632
137135
25837
644530
88694
371231
43109
760630
525862
874424
909805
917246
154668
772799
199001
867020
549020
332428
910878
919702
457384
924886
835
575063
786804
981514
521914
849467
54863
338454
566837
888855
363298
62470
322769
128467
221804
388346
585944
769110
989386
147030
301559
161365
552588
185835
898612
380674
176329
436075
712959
706725
997324
189178
608398
566035
979740
950617
112763
822011
122039
894592
708204
988741
988404
57390
39854
783837
137351
12792
925563
69768
921494
901000
474415
329904
797100
691020
237930
37077
696874
460366
710928
450473
492244
895880
202189
811327
656280
571256
201759
662675
397793
226240
278092
305384
745533
160191
554271
582989
400715
277392
283525
943339
399243
683480
190012
266769
616407
519670
694746
718266
812264
153845
737533
754088
514888
397806
474564
363833
732628
461114
689903
736352
69037
685091
81613
138707
681239
132953
7596
103920
74106
210231
699355
353913
292151
652405
105669
765112
137959
370052
577393
929867
315530
885008
504654
274475
736014
712008
660172
718445
686805
898816
647721
473243
955747
759654
615882
752078
557812
214559
569592
139230
205392
399287
510596
475656
690225
951329
84482
167021
491751
842572
578399
701832
949802
332625
720883
53073
76207
874061
952978
532157
829106
688771
463915
608830
219272
171412
445621
960970
796158
517161
343386
237932
285379
46121
720982
16692
195017
161879
175406
998898
669530
597869
867886
199964
880823
252676
914259
154422
227507
784766
120626
517333
32854
370388
145389
744670
113806
487780
912553
360481
5478
182564
215032
75254
371100
982238
971615
936083
19887
275582
53193
131275
309895
499597
780915
553862
214570
632672
874978
296765
574461
354430
377257
601520
808509
964259
654260
794308
278725
876419
246432
477189
675228
390500
158280
312691
549198
421300
362572
919000
749171
805657
926396
464071
706505
206312
499323
233973
802694
248123
435639
103461
132330
884358
547834
383387
136937
841096
833512
857878
835257
654761
777934
462947
78880
1256
757040
997449
736078
44572
847523
208760
620998
954656
110642
511662
833964
415349
96350
563682
86809
524687
74019
276033
993260
459846
784214
211490
233673
35949
522637
523245
