31361
519630
474506
570345
291895
98889
955341
933695
869273
144446
554903
963309
364723
76800
719283
249117
960297
466323
452317
92334
590701
462257
999027
366579
970052
27953
363032
444604
149967
633512
960608
508168
746366
885706
749097
455532
849573
387105
874296
180393
290808
292575
402580
248991
672492
871738
248434
474120
622261
317171
232091
525914
766894
648919
676644
903961
222554
971820
10969
32114
437286
197698
365072
992077
899716
827980
745186
414399
224448
7607
878739
289910
614481
76034
580792
338661
2058
150316
511717
883614
963017
769980
731967
208181
539823
1196
371040
560981
819170
910084
208641
537031
798515
655743
341351
651908
161629
522306
653154
108796
530354
44793
191701
590970
620672
748051
111217
280812
257931
471150
80770
240961
393907
416155
606313
811320
456585
96095
878478
436940
6083
483880
278858
745722
666140
283896
996858
94823
364161
179789
118954
212388
198394
872748
490971
35860
175813
422905
586395
746837
436423
590935
258484
534854
911121
515045
381530
338810
368674
809291
960092
451109
860618
412564
474344
789582
341639
35726
856509
495783
797326
179052
755008
674214
304998
983508
793036
977371
624174
852611
372302
521372
931478
792478
532395
630612
471726
486946
502327
852615
85659
890664
919024
844961
766109
877008
758732
781496
804041
993436
292190
647683
146434
383347
306270
628323
500795
476199
518170
440673
841557
825051
30140
901277
382987
8630
883399
969424
192848
684268
782738
600023
145938
471938
324589
104504
404955
756554
16380
904570
910339
789828
808939
822352
841370
813861
175720
58460
898992
553771
292108
570777
999882
288203
321761
603556
409966
814843
666389
880414
307244
692171
788090
108403
340306
755002
290457
921579
203355
428483
962592
301735
407247
496795
696994
389749
249934
959210
555540
867640
951345
295937
101834
885994
726686
746396
377722
168321
389050
639974
486427
163357
946589
941889
613311
194281
295833
691791
302836
684924
24481
988752
505781
267691
995680
770752
970508
252365
331092
459408
889547
868445
922469
27548
462844
699661
775235
545839
43150
745541
448674
932160
899162
526726
331607
296392
443472
216272
950334
610442
674944
111842
421483
207047
648088
668964
58242
392007
968650
133338
455417
161116
434599
440144
915178
700304
504705
737230
315874
50072
580392
468874
127289
610944
737511
950261
296109
64664
492978
401756
824886
728367
66110
767257
931565
116628
7867
862840
305530
962254
171045
766177
231812
337841
272076
467765
100094
593000
629174
581210
928686
836741
303330
562092
498701
977651
117183
605623
354290
617976
675826
157343
711853
378692
373766
746817
648822
688570
8867
227220
645001
459915
255920
233695
858378
859183
727171
518690
337742
327921
197389
615325
285644
506069
69406
364913
366320
589913
825997
544693
74103
631857
908076
514273
632477
888897
872902
828660
923674
689229
45629
363172
250785
598362
673478
579935
23045
528807
968839
81751
219845
68898
253817
498091
973972
918771
494841
803912
558860
630202
729935
119041
650027
370833
89867
138649
989137
486138
77160
534691
272308
378109
43629
391430
125155
240824
348485
97415
575620
231872
213949
95576
299530
815539
339361
309065
739092
754650
11053
927753
185714
44926
346569
782308
204168
245167
736823
97454
94466
178501
786133
873090
859066
280780
820701
891910
682311
31666
81387
530153
470708
179144
24212
587665
907689
218812
916132
228288
920028
455806
881778
104503
826962
141023
791771
799027
537088
226542
62563
99563
471174
208422
368515
435625
288912
69062
520698
503480
790296
229111
826004
310764
857758
208274
661852
509947
613310
110884
116758
660534
50401
222804
568608
447678
963204
870222
813959
440191
540493
596048
940726
302605
681841
995447
353777
991501
529037
647858
670209
775664
420573
878211
795047
401464
373744
739986
971259
441034
382204
802526
327682
713913
253396
535005
661038
345024
861829
474136
337994
848850
607936
833336
143881
376986
691540
498450
481151
241650
103990
5598
459326
686699
92462
585681
257444
552007
209629
868035
341472
18121
533426
559090
71043
872872
128377
672644
473787
105547
87051
295425
768435
627296
41458
240389
940817
278864
413166
292239
79463
320368
693283
689925
839167
904723
696033
831088
541205
290774
982165
40290
256106
677575
960603
771784
16757
837642
971934
253643
964308
810778
747089
240771
947923
366510
82651
477461
717328
735664
151768
465609
735448
138106
327813
460654
134906
95034
114343
341648
6596
581978
20342
671206
117767
615131
612084
939257
102482
885620
624491
715734
883074
517562
805493
417110
775271
103435
32867
477872
74037
584480
514906
2685
259036
685175
740487
146562
431838
52816
913972
54985
413807
390447
605030
498660
726461
948391
512212
571170
189859
239137
691284
237226
456693
978935
333914
501930
193197
997387
929593
711635
69575
291546
472111
5936
191209
496007
478794
208168
757989
642784
795783
311538
412340
967868
989990
492817
68568
438977
848141
50543
975703
596452
391242
399437
408178
845953
509267
319356
180870
950202
773941
23548
162596
85262
731173
364496
541590
446214
31516
423202
523302
465962
445378
789121
679518
205692
937114
389393
575951
884185
872070
628214
440751
112194
29405
419823
280987
551494
189275
828149
22617
315417
188297
721409
372725
935987
61245
216596
842814
703222
935885
491135
335319
615404
845741
836522
249616
262030
697742
833084
694659
78084
500814
622444
475917
305364
961314
10077
482977
533712
163738
563880
351523
651138
231019
529744
916080
577678
182968
587968
202355
737740
639976
791279
771208
629961
263002
127497
446464
628065
300694
625512
244790
173857
740944
123565
404741
307603
364038
951579
329857
262854
357811
316493
266850
550916
283076
783168
255003
403759
984451
783232
93452
331724
656727
896350
394493
572381
435224
153638
325716
932734
117393
674568
940831
705440
161694
147037
202833
48699
286024
404369
490707
76879
205287
596963
551046
919490
542104
8550
915863
293981
233246
480171
21106
114927
771150
38329
361788
14549
686514
493185
624012
218300
661061
509973
972021
930520
784918
828056
952343
951630
166503
782135
748734
417038
848685
300621
685995
46679
58035
288630
16024
516238
933450
614202
163872
531594
845643
530216
740726
215238
348369
465234
597282
605261
613022
351228
145886
562983
920560
693148
334111
28583
672697
459953
819228
465188
984033
787467
39803
437714
845499
352670
769596
576478
288087
658630
478130
604636
897824
663353
532369
95616
387219
987096
491369
976034
440912
958276
270789
960747
668381
96334
799406
743885
715365
836003
674855
802626
232645
272500
765222
890041
599546
246491
813247
565872
422182
647718
482064
293163
971597
191776
797810
187969
897959
428912
691971
242054
3707
122670
515696
129224
432613
695135
689848
863101
480467
888809
737727
974629
523774
569355
573638
87461
35655
996126
477470
544691
75480
518025
92920
227447
561143
320416
763838
878928
851811
685562
766541
454950
28413
579752
38479
359770
231963
426951
318571
876546
334047
950385
68539
265122
222899
875920
966531
531435
987803
618004
33873
94306
238100
652235
951357
797003
544739
701858
391460
112468
485780
669804
781372
629818
766846
987076
411167
386011
934893
759424
678510
185586
763948
92458
571755
585574
672415
17071
867164
424434
109012
201874
90229
44627
226420
85852
606484
552637
464649
814424
281075
734779
229417
301879
179219
359556
385999
682152
258443
101467
492686
380961
547684
526149
851348
938020
691229
899675
588306
996773
110311
992142
111766
899480
718685
245452
322596
229342
619050
703080
487223
286978
536749
577082
959579
172086
623341
975565
749057
434717
568100
514268
332990
662561
227873
652303
185539
259931
721026
418057
999998
342297
92071
293890
226753
21252
397410
432236
374463
526208
972185
378477
315935
394605
400743
932226
57005
282037
967274
488495
431192
972060
551848
443029
661633
770450
895748
701361
197627
219539
60313
200547
296372
609417
7973
609047
429980
978182
779299
90710
811452
986261
147846
379989
912750
349813
72183
983810
526518
71239
664448
801519
178036
402774
59394
348589
817299
369616
918179
182986
465831
752141
575049
863110
555376
979821
576627
995207
29685
183999
755498
531966
176194
111932
765266
615208
783322
618077
799649
177783
538305
65836
62129
52244
790437
491077
485536
276006
492492
76863
992537
663361
720181
845732
364581
445522
606973
197018
662184
82074
470542
405977
983410
511276
22480
373155
865464
775197
406155
406988
539815
584678
412223
310805
943493
268924
236508
201497
632525
727669
668913
463596
293652
346182
911587
358233
815760
381227
74202
638068
175764
180829
639333
721570
95528
596833
320520
773942
675369
81492
785910
661813
335723
551259
682539
192693
813084
637157
146403
85058
858873
668908
520491
659345
460763
741949
446992
123827
636495
372436
797193
746437
223702
450102
200279
937753
75634
32922
881803
941416
57054
893971
915455
625235
31309
493133
144409
639726
958005
163499
615790
213177
636425
284401
618497
352548
673983
670826
590267
360635
125688
287117
969531
266783
733475
679607
353889
416772
371405
125172
897270
383825
142544
131685
881959
788653
272275
378279
104342
216855
420302
446169
731743
700444
398216
369904
576870
29273
416046
211543
484562
357126
409509
292954
207431
577547
570833
547898
667707
691426
247661
97506
76608
606501
649265
132958
495707
780319
613090
250625
352323
514609
360870
294972
677325
935515
212990
312814
748582
902252
902580
367355
693988
443628
727506
153354
759016
89999
122758
401388
219738
927456
354322
216459
287435
616532
236709
762310
992310
682760
315249
352215
986463
123029
366390
353210
930123
315172
182204
590963
97393
536768
923415
300770
65637
757203
800942
949525
948866
559262
245546
470178
540580
190937
243207
286895
781279
66319
542004
515146
977603
980554
946890
709076
54985
309505
39702
866983
225018
111063
909060
609470
36300
975629
971554
772829
726238
383417
659087
9073
387229
601376
350846
908043
659345
441441
76087
241450
988163
601682
225659
976550
203079
73791
560011
277781
228337
527355
663758
844490
825832
528021
776213
553997
96854
299224
420462
610221
118948
875377
468377
939530
66010
319632
410894
181230
919238
691223
398677
31041
811867
784556
645077
120538
165785
208701
339483
898839
19819
225700
900983
180843
801561
415316
845425
936946
2020
251967
681015
291943
445082
386242
783542
714243
85120
793135
739697
768314
35076
397585
469610
753802
829107
440690
178843
814655
818974
264277
719030
119839
523956
532460
743696
518062
370363
461636
285177
228975
684799
829200
404154
241542
500421
61530
309948
2842
712728
589644
857789
503268
13487
116628
788088
491361
109613
705029
185453
865858
889504
509849
841522
360997
341697
652260
898375
830440
780838
988861
171174
746532
453886
670282
608922
586664
366973
305025
130173
858508
562961
170316
423743
90157
486400
251799
51277
47149
761810
789662
611422
292508
319194
302747
286368
824495
590890
553732
298066
776705
595007
836349
439324
248564
902426
712190
570185
950380
43780
329197
192265
213804
266499
28442
86248
779575
69127
686703
897400
408012
342432
280634
113031
922307
688637
382551
775014
824546
28444
91687
708272
111938
463185
455371
690391
375645
452570
756462
278884
630729
41427
32361
223905
762379
331331
57837
354777
981499
997963
482972
726447
140002
949435
833895
180020
329488
29451
443820
888037
497830
507261
78888
204631
859464
590961
970890
640660
373695
216166
378569
973733
5675
273315
317808
935034
627075
358333
186457
405690
23590
606108
730431
167455
602977
960957
787825
628732
801219
32839
392432
121779
937836
199775
718684
683402
754367
911344
67853
522134
3558
410527
666286
401634
137206
84767
474541
739266
79920
240506
953377
171791
41212
120155
919717
814928
153168
396642
339888
419261
305587
508017
961149
355590
723843
598694
370857
291040
70309
535977
528265
791287
498851
844717
724679
200964
454117
982922
854474
1595
243182
651791
327036
128864
848843
113304
928456
456135
553594
489960
652684
386888
147095
473904
813363
440421
694516
713654
358293
226920
593516
465313
205407
514219
118980
16928
907066
849071
919175
766894
470620
195119
215926
461092
551436
168468
393589
520486
539242
676877
687750
464208
537427
382161
64371
123202
331707
243179
678399
336140
791319
619365
137611
846969
744785
787245
114541
48809
760377
644855
719107
399379
371794
909043
84751
601027
734180
65546
399185
819703
64712
143677
137713
944488
577106
36693
936065
522236
845179
787635
57256
81232
62101
408936
875462
682739
578307
83590
855224
865033
710841
763575
832544
709388
623716
716003
816894
329742
992029
278946
419284
281704
689632
228148
140240
546265
102123
671565
863987
442903
419548
693117
879687
609532
29210
250474
644718
766514
839230
562414
484800
926377
206059
725288
700182
766270
593132
759664
695109
704133
259337
656774
371212
929061
346624
817820
106682
461569
536550
760448
304356
702131
188227
208275
799841
814092
862304
115942
527184
254306
115424
190091
842613
220021
639255
939078
284676
341111
214585
956088
988197
346370
612570
407152
671730
190931
495567
878461
35008
131075
173948
850501
644691
425391
562536
794814
967592
222160
710156
278233
911049
976511
545326
922749
366991
684397
925346
333202
87061
14926
322682
372291
550443
892296
334761
378732
356199
627072
60936
833519
280901
744180
390090
650768
881037
424599
698956
206050
389968
769263
835409
874762
880279
756110
488775
864429
324934
820353
779160
483611
313404
14202
366697
772329
374237
17791
934676
776181
825272
279801
959716
516195
91148
477707
415787
568262
157489
154080
87308
287739
851141
69513
3963
435656
882167
974153
373978
246517
988903
40899
992543
464839
155640
880239
638118
308726
467282
318063
237824
974578
346763
298969
28967
827766
852755
586585
999518
787309
72161
505387
136109
998636
158769
844929
725063
922023
363620
119907
444963
152761
136191
66694
23339
457954
359828
645542
778236
38703
983036
606362
551047
709681
859745
397767
365437
371782
106777
820049
874534
832694
815160
204715
835147
595876
417586
43290
923056
18252
666188
637360
575917
62253
696571
305065
217845
956629
490725
975658
899466
792517
64125
37893
860703
585495
115208
37800
780370
918330
413862
928037
452083
255261
984737
719593
765160
910364
608838
187123
656153
144677
890488
635817
737663
131931
966615
513391
680249
188917
977821
262368
182401
856207
903229
693862
611399
100630
944642
616983
655690
209890
790922
951909
624731
60015
230033
594410
233744
363138
256144
810735
465342
455385
271777
734889
44372
348302
33080
694323
568347
23210
539995
701832
83760
862288
162435
963462
462855
457444
183748
80734
571644
881117
575244
887739
154773
818422
197665
98532
290394
458466
804696
230573
631321
255585
265599
322939
484051
958422
278916
197995
682171
696126
792333
695333
773210
105974
778710
355095
298850
67992
42331
223522
497255
779815
167716
573107
286344
942948
96735
813901
218179
102783
355186
939323
137238
820718
571426
964938
226498
402337
566806
212320
645349
866210
855283
16225
513518
244411
648900
312937
541266
409140
668732
964703
330466
714017
974820
158888
619236
823829
452091
285709
778156
742907
78816
200439
791236
266722
15213
445496
747433
712892
934531
746857
419162
9745
629808
209982
383025
266380
945821
390249
329269
353165
72492
787590
410437
72601
906967
740344
668337
696219
193575
163476
201334
840619
519750
349787
193145
938664
557667
264294
500715
59603
211278
389036
954837
763610
187886
484112
305343
663610
194921
699682
520405
578454
891067
352515
632038
410744
665604
889073
550059
444477
341552
276006
499993
943509
738868
164945
593157
525703
6938
426452
384440
20463
358501
620617
464269
544359
86911
648420
746298
869246
536505
275480
261338
801064
379622
930969
986477
73642
599125
680876
148720
432810
464941
382888
197549
221544
956662
821096
285518
826438
60578
694080
194725
158733
957866
153836
514399
737256
77377
616800
575144
847842
189659
421259
409114
141620
573981
278237
397030
296905
358837
542262
307376
823126
547684
93151
73714
487688
429082
790000
201820
804718
408174
938682
125813
328718
832980
891417
240448
815696
491556
135540
478009
595680
353412
361654
729693
680244
924108
565867
592465
409899
651544
277217
109052
741814
979470
124136
594719
599793
712901
589284
730596
168716
466135
789051
440511
526125
202339
266032
244170
242191
369173
242249
953926
752787
898003
316044
651976
159273
523640
75006
393798
100073
234416
842042
598510
261823
550642
97887
475507
28651
584525
350894
581870
91579
301966
922401
531236
352529
8458
740002
848303
355400
148561
380676
286251
833162
410427
255188
907800
180019
406667
640677
212958
995151
886109
810303
862733
431313
198972
934329
852617
400631
484824
168530
704250
711690
771336
450397
858703
423992
820955
969062
464739
435776
869695
426329
823184
247147
46948
644656
637437
15748
346656
160870
357942
336509
793315
23651
183649
673649
725324
273059
795925
832544
284157
57819
325370
223466
447519
895035
655137
965528
53021
991362
667513
338530
759099
562428
436966
77479
472217
967837
228508
721740
397860
848633
946460
451101
903794
1102
928931
573752
566204
994647
373651
853941
677153
524995
152854
135974
810978
319187
366116
999949
223898
117753
710853
949599
437109
496499
472720
982393
636643
770133
906002
604211
240428
965836
637619
355166
624853
633402
384947
380245
691829
273496
335957
738809
902056
527225
710505
288258
274665
318167
729634
218679
401367
879668
946244
919429
483756
257423
447815
422018
331997
524842
827810
800042
879512
71392
463144
285280
385493
408874
509337
131673
330026
774101
4682
777373
771267
280878
479018
71850
332227
145811
208043
112104
969145
375786
146747
683347
78096
499889
110758
86480
833984
69037
893493
511278
141964
56071
907438
468477
531058
894009
26808
498088
885681
180611
151766
832567
523774
117080
571008
673373
277279
453329
752532
859545
166800
983031
243303
12104
287281
744637
437401
766183
369250
833627
12367
231175
16547
161935
444709
701806
143904
722027
320394
722293
612873
97925
887505
21016
521057
273804
918684
221411
843861
74148
962906
375998
750969
695274
855706
11953
755462
922984
284960
611606
118443
21547
571517
385314
793577
197725
173341
436950
156874
684769
709073
367715
87041
406165
756003
442169
606130
333334
314732
414029
818955
929139
946477
15650
514823
555351
771306
831615
630303
685098
652444
278117
793086
894527
646942
339379
297568
531058
94372
878501
698885
480404
809810
541172
991572
930065
518945
831439
696909
850425
727030
487058
571166
342780
802743
142599
366444
688601
37521
385506
563293
732974
719886
128339
68627
178056
629285
742730
100054
13159
75523
360274
244887
26784
919424
77363
296874
935664
623241
591155
645172
707468
632368
174223
789000
523648
913954
717196
394151
54234
361808
99537
292831
178366
386705
264245
512407
317109
782559
202082
476489
78236
920979
363104
264299
662250
871056
609163
933507
586648
393047
324742
140781
611606
678949
549827
726699
338201
813974
376495
12797
751564
697386
828617
126277
250969
564664
496176
82831
926658
565347
185930
174156
617430
327884
115202
773498
712404
527355
604916
533081
461467
314577
25164
967002
800442
223147
320035
144761
176692
175624
367669
960307
777948
877091
172568
88340
646786
367724
660114
32310
206381
885394
653819
396129
116028
650299
314985
664547
407489
976983
180257
901451
731602
215969
29529
943128
599688
519481
229745
243370
295133
837495
924829
107143
901974
452486
179470
606042
489121
523906
359804
567529
274339
454437
808291
760985
477728
38844
732303
347486
484121
218325
714434
922374
171190
390614
499847
606034
592225
819749
204158
410308
382138
624597
48529
83880
572763
370210
815785
122451
493771
182043
214903
901251
377331
639089
353711
934590
655535
756904
230918
269371
966709
718813
833075
316573
567047
377977
802024
483618
503686
485182
277007
546224
400728
444511
759250
710733
672986
767878
673658
958556
997173
937839
248705
861073
674851
32296
323520
392841
244870
116761
393714
936526
52846
636781
281342
874183
728198
262802
789511
321065
900601
595160
28200
227095
6389
210910
474832
401643
874340
120995
767551
60553
329242
444048
149560
716821
129713
20505
432168
244352
442071
854104
871434
217328
610215
511683
981640
198902
755591
254148
633144
918324
706835
502891
593396
855401
360966
126963
574496
423724
545955
765300
910039
218664
465743
956355
964261
249801
134874
69939
493278
948656
856394
899707
514593
515962
210206
384595
213590
825400
568671
91119
182198
843092
213453
682912
192071
185991
269974
898103
487827
484054
648689
120971
321741
844620
470981
162069
86604
7636
235612
472418
462586
298766
924383
850020
852850
961832
856485
462586
733598
983392
926365
381547
563158
202979
151148
442849
180751
572241
564332
891028
161089
94408
849740
478739
457089
376992
322666
590782
531221
280199
940088
191753
780462
767960
592086
784512
972713
628916
835381
476832
464805
15515
517581
284580
555972
948187
737684
548214
531839
152213
390578
539405
889740
226829
504585
192469
246657
191330
918201
955815
185285
667948
528684
25158
279157
371669
210203
631313
84456
289543
554898
200095
260949
880196
697921
622789
205667
439012
181508
687784
810329
37966
389392
63294
677477
246640
851116
614770
840060
215722
555422
655150
580644
617267
139259
846066
212989
127577
478127
868663
566037
946496
537518
145327
564742
417658
984562
463889
977051
171160
442851
544941
847172
569022
104576
757094
836568
821734
821126
837676
156832
364202
148898
396081
814608
667860
40001
851367
718670
810307
155998
322835
865101
756531
944617
981835
761641
187317
808234
238853
309069
281395
502189
821929
891344
266882
45115
83920
962931
258297
624689
244142
114898
618522
735660
942074
651585
602656
323661
109186
378397
482275
538141
961190
714391
798257
841285
738528
257711
72395
879123
196976
121786
826682
596942
503955
523451
471063
688458
61521
885123
629260
928761
841404
751696
601961
277309
69476
447306
902443
201535
139744
148859
194578
183944
805149
672149
822440
223796
566589
156346
810757
572434
410399
198601
629631
823910
25515
785937
3455
632503
887143
191579
503740
579261
274786
788402
448028
514729
830853
591124
134056
612484
326820
100487
376145
525858
810248
744656
252250
964032
743423
54075
997945
739912
370781
677820
579109
102886
629483
80785
509727
330048
897919
120158
364562
760985
435463
244276
710704
729612
239801
175852
177456
516311
7033
866526
642378
920880
902214
566950
684441
485159
850392
617626
112535
612746
422657
332128
691144
599050
720958
304296
568015
58489
868152
493392
202989
2352
76949
974006
850378
103617
193769
801251
590901
958971
860738
52009
536607
458839
276161
82893
125635
391304
7066
264880
409764
146720
11459
541463
53803
597148
51597
272489
938138
231153
543465
548660
679114
825606
236839
150424
43370
3607
376578
870484
20389
499695
678240
819419
230380
591998
552217
308618
620857
608263
659412
553090
880503
523740
368519
799902
384002
619248
416615
29749
420645
694522
869343
574643
414433
557454
974185
27722
166256
947418
724462
973763
295647
354007
274044
299698
672340
727776
160788
27498
185340
401225
537627
263155
359315
558927
489902
305034
454575
820565
789674
717554
947339
54690
8454
666897
184694
426678
417222
806764
298977
780141
485618
188541
168506
145871
841912
895732
654738
449483
381450
462361
756340
467861
67
625118
266614
315521
91139
380750
150058
731795
470198
969172
794740
444877
88919
101866
466488
132950
388505
176545
317053
14215
408874
751603
170158
27584
463059
403152
235403
407630
529489
615726
694552
40262
385757
485826
251624
856692
126680
230949
512932
75163
772116
823077
31658
147207
524143
375656
622941
245009
457719
75143
228090
447115
54081
690988
397851
346126
594602
80152
669891
51295
514071
130595
826717
96646
892436
828516
750253
722937
968304
456348
91967
719483
604689
542764
458968
411561
326286
86662
599402
337981
157187
593396
743675
2402
569953
922292
846876
8432
168447
105025
57080
947344
773844
894900
280792
950011
275602
310782
884494
830794
630256
322456
192771
647601
76542
906229
599484
821960
555730
459238
127298
383770
900985
455736
258925
474931
567869
586292
335768
6426
972525
318004
539876
731141
111133
22190
554659
24322
775219
174464
659851
994313
644332
404498
289049
427385
262447
413753
386045
344980
377110
580542
833574
69627
592132
572594
181103
336392
433750
984625
823907
9359
240898
313717
79038
926386
851059
386810
779896
412971
284512
349849
331872
992247
979021
82161
526295
490046
552727
254891
270701
285702
945831
278053
760522
707488
670782
786794
682618
17527
976615
602353
565647
824307
758448
261960
353117
247680
376033
949652
674665
957829
29270
848639
993035
268585
797349
101727
797412
882679
455594
708056
157894
190723
497379
862463
813553
201518
435871
851394
113712
601159
431
295457
493452
956107
736870
630186
128194
333748
400735
355827
252604
366659
987075
765861
4626
53105
609056
959646
222463
887172
640768
297919
260869
379825
347206
235483
320056
272326
424436
230504
80284
786888
381544
637584
95714
536604
886211
948466
390482
803067
454822
579792
650780
360563
205573
451853
535425
622586
187916
814902
342710
16739
434631
15027
140411
194325
933128
330711
138091
440503
498560
936559
116079
7304
677097
825122
179064
457375
293001
313207
152275
566559
976852
388445
558184
175412
369701
988971
533394
580308
309983
405042
94629
203418
943448
938932
570172
297185
716525
541747
11161
1528
29360
769245
820734
341351
658533
518547
559430
142522
33725
439596
104448
865961
681683
463817
525413
937585
720995
745196
581811
447322
841030
78794
266315
996893
102463
888667
840516
329892
848151
789421
805319
335857
817167
887801
236450
147674
193076
761307
480582
865022
365708
455212
255820
113052
97320
909963
389106
639573
482412
630933
335938
568170
195048
913838
613072
49905
94238
970929
692449
190942
935175
243586
243607
343060
324496
472716
690582
953727
129787
830505
588716
219026
250278
864173
126171
847513
31250
674651
804948
40164
414954
150753
971900
133307
692726
575138
226328
284107
627828
282889
77348
985481
689254
741054
200429
539602
886697
148153
917987
15098
246017
964945
744295
317469
842723
939286
929712
797300
435509
717376
729784
455290
725670
968003
163019
226637
576187
273850
421265
996760
160451
447346
401598
245065
975218
30806
739315
100286
805328
746521
375131
300859
356864
889753
269432
899688
922591
988754
561094
811990
945862
382367
125751
651883
705003
673459
978186
444707
394345
651883
133809
368749
665811
874219
343986
408863
822596
110580
639816
243291
753312
998085
479725
614581
515913
354656
706681
516637
625124
599760
538471
24430
696253
791110
343443
37039
349984
567638
208114
259927
755757
647144
678221
622628
47660
534073
773178
951425
982277
985539
901859
540076
400350
641007
227845
925774
715456
332712
839877
312273
366462
432226
101003
655059
250926
466007
116125
11157
843503
850756
614550
93148
939136
963382
536151
827606
356599
34240
179988
448037
889116
609483
847862
996911
293842
557473
220328
220753
617790
684007
308813
116750
328549
689280
812769
619599
573416
33632
821942
352700
735110
585462
109488
479811
129608
584812
510292
832004
668876
303093
430880
141756
562849
34597
140556
907974
691110
630068
531221
984736
217981
853112
786131
403055
896608
180374
478337
18095
963125
157766
587307
539172
328980
159995
539329
83930
966009
391952
859941
486792
283745
296659
781229
437292
686974
10083
411621
43078
294424
312175
255658
750219
221657
753910
157706
46181
751257
800083
943135
731822
217624
6850
300302
441656
259710
765689
890977
801777
464263
579315
465459
937593
772307
449906
56865
644177
727591
545481
234422
686768
10034
377124
272175
964636
206647
554432
630067
772638
152008
323237
339695
942915
495523
747472
531992
318882
40592
249939
43157
721108
33929
5798
839178
120013
416545
512655
168011
931203
983674
255485
952829
106159
693272
447375
90643
8608
301911
527707
512992
498246
294390
809983
812628
523451
100499
467783
943408
261454
148153
822071
184444
936423
193250
591585
550563
688511
117447
253642
692856
180484
969856
874566
242522
706686
467634
452212
555567
129866
99078
442336
660008
146629
264497
254267
903872
943032
160377
415745
990842
265857
318913
756613
732963
527455
198892
647704
66988
776969
990506
278440
763359
193899
13709
803603
499812
601047
576296
524258
191473
799450
755492
548417
988421
688988
280398
77399
72322
398663
755210
887606
114061
855240
939966
114893
258508
976481
234734
798956
961854
709673
944139
476539
150086
300292
587177
368929
703458
636628
40712
355033
410891
816434
240527
113351
997501
336360
481964
253862
46376
348143
955771
961419
458466
103244
801684
887524
632768
831266
727893
781839
190372
696393
526104
117867
841389
584726
881117
933683
295964
611866
545187
561231
716849
935706
385574
997687
55299
375529
373358
253665
875533
859809
331187
656996
827680
748905
321674
204010
825548
588875
275490
739141
744834
827321
696543
134321
499963
642505
425184
219886
958971
707566
453611
233656
728570
317128
830449
182798
440228
56744
488153
793237
344249
998187
459262
406950
515743
592218
664670
689595
413044
66785
484797
440591
347038
655974
356581
702320
742131
438051
947685
891881
718873
410421
253781
961155
832786
534579
485078
876062
353059
377506
832720
946824
487227
860476
71222
723706
43718
178118
48677
575650
583980
9510
876713
43099
171172
359184
151993
341845
870463
155207
971905
518975
404831
327630
434463
492778
77487
874626
92247
731396
742338
657112
755908
626513
582195
95167
634381
759276
48475
812322
486738
423599
419096
974349
654916
732248
343102
219701
198626
169202
978267
27059
243
999543
218804
646698
528543
309646
251092
881245
194162
63324
967906
508559
68085
454117
125707
153086
473445
396384
170046
82796
27431
357716
242675
394327
567282
177518
434337
492474
714662
884877
35066
157168
560285
953579
969720
936220
475505
685261
77262
169241
232037
849766
799586
194627
124555
512114
375451
317012
56519
607476
809095
380313
429610
850446
583584
257275
607268
937517
425283
305932
844161
733181
254056
886030
175444
287417
693736
604336
93882
513039
643184
17878
408337
827843
509692
581941
277083
616384
237102
495707
717033
167914
881271
677674
756878
727833
991227
283636
294657
997850
589331
406787
565180
214175
767798
452171
568326
653666
262105
880096
194511
15352
812931
243241
998308
424974
260019
122718
588708
868896
944168
291152
29206
378974
828963
142179
726515
829143
30622
467793
283847
224684
201349
947841
242400
175830
7415
453068
554364
921072
30975
447730
206182
952737
5777
656701
311969
693164
141720
708797
146488
104855
374817
159559
951750
286813
960312
357143
707099
469157
935893
66897
792165
177653
636495
942716
248843
408120
135316
382148
538866
625629
969940
297015
861024
300057
228492
690588
149050
682831
292580
637374
378966
581543
585457
381850
862755
378319
279793
487958
830881
864814
930599
100038
400498
244276
7702
437311
347620
676305
766540
344652
987395
488633
21843
268490
567733
679807
189613
267759
479074
702124
813391
493940
749101
214001
406958
167761
746778
843966
232096
565108
767476
900252
410792
669393
554638
443426
67909
123611
922513
224918
14822
287702
109661
568352
782539
150866
868478
965261
317428
285239
307567
239497
893415
114491
543009
814461
843767
590754
432220
608616
630019
546746
709673
927989
534559
477829
43076
66406
25301
803568
210674
85828
683542
770285
547602
169831
452378
683861
221343
612232
333479
431923
529135
134268
802068
560958
412118
820091
97540
405475
287231
571392
664077
116284
124352
441756
670143
116638
502531
323427
441834
319496
933461
932427
959533
345143
135834
985487
409853
714021
687792
181802
645442
618854
818433
369645
187508
774039
277277
264593
357512
933706
732339
827675
831249
546063
573831
660783
531398
32933
656451
673562
882644
171686
624985
972702
903706
221200
524264
28641
390889
887626
600650
520483
433541
440970
499286
25839
252537
356562
313404
666215
756625
431111
611145
305975
466532
405090
535095
580684
938249
337384
636807
853719
264174
588892
742131
768585
628558
938404
461535
854575
468944
805224
982831
38617
654395
876656
504717
303742
128075
135054
554945
565256
16485
180042
132068
484971
109933
512763
121736
280499
774288
185780
13477
24521
674679
879687
14348
385787
37315
34779
434320
870158
204634
25853
336916
142851
329846
279060
200350
295322
654984
474799
971787
643538
25164
172867
454056
383034
117545
960033
907217
808142
95133
241109
794375
655575
932288
345463
837431
646705
72136
997190
405906
500834
933959
89602
277288
102753
191158
356223
427139
6575
649399
960224
61047
96686
732887
485200
849561
429331
451826
373795
517940
558703
62625
714568
180577
544404
150520
639172
857631
161074
706360
591620
655354
965060
926028
596104
352282
744124
244293
939436
51455
977480
908608
997854
612070
342534
228130
620024
236120
49691
587995
531868
40725
884102
207993
655392
92815
130841
561643
167123
263087
179261
42891
694714
178067
650951
122683
227450
163570
854351
716077
700213
570010
287652
108849
799944
213645
903421
184733
494474
981988
829152
44295
281680
119081
554347
906391
675779
911903
115972
446228
958519
521599
368051
833592
809506
139623
135950
303381
121736
612194
221087
130939
863370
305560
185588
859001
120054
978182
7211
186797
686399
279838
253425
100927
928692
538396
984707
896552
882195
958649
606439
157091
415181
363217
76696
144984
878351
659040
881313
325788
768649
435523
995920
861313
155767
617738
828746
528111
77365
473924
986904
191167
320129
289177
490169
45354
71688
982477
715010
560074
209702
896843
24029
577692
60209
736636
224073
533026
228090
232092
631690
869496
437209
385507
909131
266677
401702
606356
515114
974202
233126
189835
82993
276054
695377
666830
249939
31529
564808
923916
807707
281511
798133
537102
128975
975477
381621
245634
537819
268841
670890
491090
640358
936518
846420
977873
953149
620768
534222
520375
182035
322207
103397
578191
468075
176978
778758
782162
563468
538811
121471
595660
820194
459536
569565
185778
143978
688085
573956
137602
689303
533868
479208
584926
251742
97804
113113
641960
650082
510366
237241
179316
280229
666175
898962
24659
458919
184771
872678
392749
705827
871917
680089
684751
573175
339522
822872
267099
705423
774327
872391
793931
106253
139576
790295
191979
60545
704398
612738
515085
815011
458567
213668
676669
988788
873679
208573
683795
518431
383576
780947
357821
505785
777550
797961
381125
736038
49870
387179
793230
154879
509711
334919
292587
274093
801668
190826
185061
670908
515749
226651
391964
948182
615194
579983
654871
880710
778731
178455
363429
336653
868228
25115
37186
118976
270641
58530
743717
420943
362342
565251
894554
397996
316927
459494
773691
575308
6828
951361
720958
797989
645500
827300
829851
336805
26969
784397
994604
454753
295686
553442
572282
406924
117021
233944
204094
467900
342579
325758
350492
504638
345239
185870
812073
551237
182201
160449
290394
874392
787638
1456
399163
676948
546169
614100
580171
600439
745782
634812
465943
871061
655373
439631
475055
181959
757406
638842
502789
155462
579211
109861
193567
970032
255988
212401
733901
345258
689406
924169
331957
417190
435232
464026
238930
62721
228591
741096
11540
490303
450806
321682
54762
696858
544009
677062
976593
768696
599611
716389
607582
59043
507562
420094
746146
69374
871982
372332
475789
93345
623149
567185
585460
331065
408216
714789
634938
470462
507292
782550
98142
583075
904168
528947
306655
845243
450681
165401
965185
833576
489656
428267
91301
987731
128769
282008
65389
964728
859576
32574
398461
839089
363244
203845
951448
824056
194729
916410
854733
78539
325804
305810
849756
536786
64829
63219
773184
367467
371582
243261
786460
869117
630943
780083
400335
262256
712535
197465
586060
824165
853867
926223
983400
548305
638895
257711
760053
587113
956536
494548
655908
821454
150316
986393
46938
869073
737759
460481
562279
155719
847844
490983
937415
429615
856756
793116
768746
720861
286527
235713
45805
974077
151245
699751
353240
379141
367691
81582
72958
566944
742688
557298
949314
141230
822452
759048
816026
58629
326832
8574
160444
681269
663870
300901
863681
952725
319451
160300
398436
179037
646698
936665
462259
949078
234011
266950
471662
125464
688155
38075
946926
977691
140523
172887
324289
37673
134432
381957
239207
932059
654827
738945
97669
281857
702825
867021
273109
331665
264643
241487
578369
196260
328352
10379
910586
157764
953330
113816
60426
949254
315022
893181
71646
797858
212325
596197
542309
482425
666489
651089
666344
22681
513588
836881
823238
573459
363943
58271
336026
657010
253713
943070
322191
764220
77999
726959
551193
13388
84189
372048
749596
637426
572804
434503
437180
904706
990248
245598
281511
264617
832072
336774
221568
874846
625053
924834
667017
451227
389405
255101
544228
2936
929
252870
54432
455043
403471
261826
963533
412195
874815
960273
869239
687260
72709
534920
423440
952715
765539
177577
143496
270029
655171
538268
825042
252177
953496
303750
136448
809039
618917
939034
763427
634381
212724
529455
31434
690124
476247
890769
149968
617271
648420
66237
921318
3157
740359
353785
232305
403591
731042
874702
671321
482232
671304
496494
673790
591824
994359
958485
701276
694867
326148
91965
163613
649784
964584
643657
622376
20756
679401
192152
307524
153016
340198
600154
914114
817325
589625
778124
253798
312267
972021
333505
266695
286350
468320
445851
221991
845036
703189
316941
612832
472241
1078
204035
44648
31108
276420
259645
460865
536000
684881
630272
551993
980694
391712
736010
262582
686320
339118
986665
228477
503797
846155
415491
6390
40988
381543
547633
371724
264856
238002
367096
274472
134927
810339
468197
275158
182904
229429
751382
772339
456012
545708
555634
238836
971833
986829
799151
865869
775486
130924
871351
664809
739531
760859
727106
387718
378741
833888
803727
88133
519697
119076
738506
635262
917054
645185
832218
659214
880183
55220
243441
122356
783211
282241
342339
151573
867200
939845
301081
274188
147140
512329
72580
564734
480586
414624
532949
146130
403053
296750
58208
280785
218207
632933
686690
350384
627204
292615
178334
621837
977574
954803
302586
442470
516173
407328
937161
959798
297025
833386
85044
989124
358533
498921
161785
637570
905444
845628
172284
693833
360891
102169
437871
378600
928579
176156
239450
155847
172218
343288
289870
71420
134201
23828
482452
437505
405215
64654
82841
570619
698496
331517
673536
778770
299136
942101
830942
772040
224689
323335
188024
235102
666973
669613
157083
172026
505700
880291
615641
132171
894567
474457
781794
807024
224055
36865
497282
22769
9111
398941
732519
377238
111343
73691
229745
667561
47885
325941
494790
977885
254147
23336
599201
828159
93207
608131
323103
137730
851946
214216
428911
223515
396216
854750
789930
199482
349050
961290
180650
169738
163818
231409
429606
600985
549541
458575
623097
661917
689636
931384
795054
843569
788178
881290
555569
787459
931196
844172
34119
501749
715365
356878
358871
537118
919407
170353
830705
503789
826506
868374
509585
113901
152606
67560
825749
889968
572169
153253
59495
960635
108634
25931
798094
180880
677050
254989
443212
134374
753618
424348
442286
499622
356599
952488
897186
916889
121957
884716
646964
949448
739677
281189
70514
320602
298409
147146
616949
629528
313017
707465
774743
618043
863126
223240
346880
4953
914359
816632
330687
126470
554717
963190
53190
773580
868117
86937
47520
5583
650488
914440
925693
503060
831994
665733
792603
60709
655348
12404
261072
593123
971404
339171
247636
683299
38413
219309
186726
404166
983260
259770
831078
628871
49781
160089
22532
755688
328756
771333
209002
185589
45919
160224
926007
174350
171508
750752
279343
676930
680050
12656
943638
480334
35243
435806
451207
988654
672508
591465
645145
185280
44502
229972
526934
493573
15916
174442
56349
209223
560764
932967
387435
722911
984805
654970
929623
631795
960259
432947
309751
535617
328792
522228
886685
790629
418279
523041
185278
10390
655824
138760
750584
696390
739383
99241
390797
609188
25852
572528
442102
543736
127329
880441
983221
252716
906477
728882
248609
807001
168320
415247
85462
964940
385198
122481
315880
161048
607340
274369
679793
13971
141719
423558
340930
181735
373979
498880
72184
448253
515646
34779
366957
565739
182583
547263
353358
948733
467182
380501
466986
555607
86223
155102
624717
663520
683916
658565
545119
669085
192474
548208
643533
235487
546405
714026
717775
859317
257609
701447
645448
673865
871763
430615
268542
461512
603786
721776
101887
287073
465211
469794
10498
92639
859589
710327
826103
114979
805292
660426
228747
296675
851858
796247
264300
740861
403122
513939
238702
31084
497640
764283
196230
282133
676232
524843
789091
810821
418355
400255
106246
735796
355265
150954
391606
214687
306450
815340
982208
136995
149322
76827
290192
994359
936340
746037
934333
91506
674458
953865
86488
403096
877056
636566
684319
136343
693145
767792
80421
614702
484581
61102
655659
314477
36284
186046
645669
465713
765241
593286
535180
152822
669813
146799
195124
426115
779403
147478
282223
411077
836925
123511
730546
641728
755923
743982
136526
19423
321798
711223
573013
668297
242488
525660
524577
468785
951330
441121
625223
565910
134765
298246
909956
543743
913882
924245
212962
731131
100950
387416
468206
632806
313370
269089
939310
364896
94699
939420
236126
135442
342814
761028
18708
491903
96381
48916
710297
120114
258645
354268
548677
227509
762341
842004
979796
186398
393247
85816
140924
347334
742371
177615
901477
820360
141663
201703
813392
926575
950969
317757
620471
27330
955133
392521
875100
514887
369030
722773
255708
325252
296427
929227
929750
958183
420448
297440
657099
651233
919954
431801
443204
813564
951727
981175
847121
8657
636727
663869
880566
865085
397115
857451
877797
228089
389714
884910
131399
169347
809189
523809
774350
930486
963809
742661
850982
205480
251904
304794
955088
367726
685179
88455
562003
272592
49592
258484
624026
969332
817957
477678
44539
441023
729353
782318
340266
811639
688959
942926
441699
390040
179942
799010
744558
602642
796707
871842
539344
335973
432871
275615
746030
389074
680907
330182
364287
765239
904750
47462
612932
322672
73127
844779
173715
269989
255072
326176
144126
137699
336552
246239
90010
367951
255851
248157
237072
944049
728870
267058
129320
439162
161168
134148
776586
598175
708188
181093
827158
298586
287588
204701
527976
463713
916613
306122
947497
631577
510091
236148
769423
894856
373513
853761
101313
924672
720119
699446
484905
239947
380825
421539
986687
980553
191102
50676
790215
725159
398395
62192
795622
389927
719252
74331
682559
970517
518459
906139
153424
25035
572155
76547
220396
37195
511943
881351
765251
202780
394245
584458
497619
72010
254032
1231
570561
247701
960516
356648
250098
836140
116207
100854
995718
488320
419317
248800
368211
307156
658808
35410
40971
899708
313032
273742
176689
695072
603116
832555
429676
292385
239135
550429
651585
810021
521374
217277
987059
430555
207976
545773
242012
864901
387511
911803
386159
196458
309627
472406
658538
830443
886428
840058
48401
664799
811634
633328
828204
592243
53221
349095
998636
34994
492770
438511
724033
997050
62638
210083
38471
481782
354205
295608
386586
796898
640730
491756
351829
582112
124364
318730
373473
719219
784879
903985
887097
906471
457583
33503
221948
140279
194027
830719
67426
511717
859881
623219
376632
951700
253133
626886
319703
934532
93002
921591
239916
504928
532066
649625
425712
736768
850661
589812
290613
78638
395137
220300
213382
118953
600661
779868
696920
119552
383139
218629
179223
136329
523121
808049
369754
56062
500166
973833
41269
382907
111476
483391
145692
245947
450555
514997
588906
975336
136586
953424
838690
687350
104036
46159
391460
675460
178534
141853
579577
115955
692343
625434
530068
61957
880185
678578
550334
934639
671272
254948
490772
59936
639004
289669
271832
226364
356047
78376
575674
294574
252043
878101
727706
406574
263159
585717
777267
248841
889884
311122
989943
10473
740458
495020
518297
698919
426644
570911
172706
281095
341439
648163
701230
703108
210353
901299
751317
422995
451897
135954
731568
916277
268677
161761
486623
454885
321847
156122
203936
154
485520
862472
626541
827345
905843
752689
765671
687911
858243
455610
387749
110873
630066
786391
68862
209083
36557
23723
473220
902720
314535
164951
483579
11876
58866
751211
630147
329867
847051
600273
919048
745526
559578
175257
218635
776685
68620
110409
190361
747571
809544
572875
500313
826865
191909
149474
414395
170383
278415
392639
559711
222854
917786
146851
598193
60226
790634
897017
659907
896551
728005
981780
76402
933071
934893
733021
44677
793377
912971
213589
863243
37933
880159
160107
385832
416059
507169
12529
85812
867727
475707
396681
360772
883611
466025
695135
811017
439002
296908
77746
857985
523399
587632
598720
642919
605545
389842
377585
278121
486698
461548
886296
239483
635159
24553
853767
886124
725690
329785
863102
258829
825813
357071
590405
542129
128959
221165
393400
56714
767104
847223
784402
729532
797430
268338
678699
412153
605050
74374
841464
751016
534254
297140
289210
950355
26949
44401
669170
255497
568760
763463
425512
471764
45582
709577
809024
284527
528689
610981
550006
409711
845678
607805
503202
386830
313273
883768
547833
81295
214239
956448
703851
921630
680907
247863
930653
118970
956345
134093
343751
622858
715042
529376
177753
844945
69554
888164
370314
81786
741869
847154
882778
819141
213749
124239
783458
848874
177291
998533
2448
439295
342883
451265
450578
891451
525591
410355
416555
515427
687967
973717
446948
61054
943446
676147
830762
787907
298654
985465
332325
264899
9592
158839
366382
967909
430278
861141
414732
772095
87645
151654
769097
526101
573357
656533
882705
371510
758328
972298
36158
690224
801173
990620
978917
525118
507813
487777
107473
266503
648684
188916
781920
916130
78997
678946
355903
988219
151019
506506
726306
160825
194685
831352
364429
69948
919043
637379
224443
620049
540769
877431
202568
895809
359580
985830
802165
218518
673198
414803
161422
381578
792387
371952
363386
97984
376996
7908
803522
658039
750524
944039
993474
82585
324575
116649
333393
599533
911183
670442
646929
609183
460940
259109
127890
521177
116308
707999
890443
135203
121686
948611
461738
256010
483913
867356
969466
151786
621640
420673
403963
72908
106926
601604
854248
100169
827702
533916
175261
821907
219678
95
192072
54080
873485
909767
893170
511391
121408
93650
546256
225742
477032
792344
530005
154694
969487
864183
524022
463260
393569
305529
106811
90473
256319
767349
444770
803948
835614
451207
594180
7806
442680
207909
407468
733851
784973
227979
287106
918874
796820
546155
669852
552951
152730
680786
297189
336897
528606
196453
194921
130024
80181
898935
885159
811688
321446
512785
602822
433559
521892
380194
656852
106130
956870
368016
133411
269304
858707
774949
148288
800534
627597
629591
410764
622212
329435
646615
356501
911737
10771
929933
392749
759841
576661
576272
427606
31802
562273
224863
938841
496094
735991
217158
855631
75388
752506
357689
38331
406354
712911
426734
884217
24063
402603
596339
931200
737337
535642
948006
831701
780129
404348
901084
469287
337850
745995
139486
34107
870222
491267
700129
138239
418881
445317
561449
722152
727843
177817
926297
246511
905261
147967
438917
377225
6534
719651
503637
712181
546185
727125
608570
369791
995005
757690
190707
951361
912941
803530
616141
963615
141819
717439
719340
826365
532093
577507
331859
790623
20933
513432
390804
867854
984926
711563
788508
271396
104577
115360
639299
313043
826021
386378
950589
972309
951790
683960
347673
935970
84281
403534
70005
627895
996472
388335
899931
286472
545595
617595
513808
269198
744793
513259
325633
712002
960977
646152
433919
768225
328092
453131
345468
495716
314073
66010
616368
507736
551296
640053
764874
494541
219841
784397
759197
268611
551272
235525
375015
125881
4889
460965
280552
324089
249163
441739
647590
596092
202335
615118
768072
617595
583344
125836
411810
597492
908778
994009
344535
474266
997180
434111
884050
616410
670761
695645
546621
611048
269989
150772
739306
202415
5100
411463
236418
688301
357836
189384
865363
132886
558382
488062
314935
880838
685416
305762
840539
227166
783964
946429
786701
237286
723688
108437
674432
393469
201078
706488
550926
787122
730088
638646
364942
987070
868023
559755
321530
393213
922790
755051
769245
976207
365904
318050
116777
303056
436494
801660
37355
739679
137507
404374
616833
330332
469873
748246
401790
743478
991177
975179
361627
508566
67516
637729
98555
430340
958060
578453
417974
830579
610427
874327
906501
187299
592436
433054
418609
692748
481706
373188
255483
478605
255016
937643
230005
63241
641277
757280
88961
913812
712339
884823
98850
398981
718748
65841
229141
63472
746521
890580
576408
564934
124755
699156
738172
704999
559429
715437
539311
433790
118664
475889
264253
983369
660865
5738
363112
469829
729189
424909
672462
723586
345592
802534
707416
756060
844318
761523
837564
341486
873291
186324
711784
854921
491909
751658
209540
479058
119229
677343
287482
39087
248640
427920
768475
832686
654977
701048
252534
941613
349530
838892
473735
788421
627056
19241
873104
579983
812887
963730
367696
71110
49730
334991
336270
807072
535789
52568
748967
852981
203913
790272
542793
159411
755336
597147
409052
426457
970285
716409
102418
228388
711620
66860
893983
439897
977662
580670
899962
335755
297634
747322
557797
780014
338785
400483
928672
762889
962875
320975
959448
212778
403794
982140
876061
330091
790007
376828
25042
617559
275764
969789
569156
478983
879891
249627
758428
278277
375774
333073
107059
376527
400497
846196
585004
876998
748889
818512
884417
890765
443385
917376
872191
48992
894285
50287
737823
384200
356695
618814
369062
739929
443115
756526
663016
352077
969169
841830
350706
103856
218796
85948
861328
237867
976197
276104
349495
775816
373773
818566
944506
507853
287969
261126
304085
797940
941363
566773
191960
43431
852179
769082
293194
502955
765563
862805
585764
213474
242523
898147
812204
653703
348885
10128
798442
6159
88052
141482
626226
935583
393239
666564
98300
357539
891512
684246
75577
617906
919662
913806
616125
326763
689783
707544
902039
364421
876586
36271
561976
49492
1781
38130
325894
824925
575571
872068
277530
422741
9841
477062
316628
660285
708814
81016
255462
885194
57007
955418
236294
813624
956724
71222
689593
389004
673978
475363
721469
305100
552858
521019
523184
657802
9027
82051
160546
233046
242766
5289
845728
866929
859576
197095
577453
400502
158514
427514
136352
224456
528319
987979
590494
861018
216284
463802
888535
61847
773417
913302
956171
825576
729434
603672
893105
929757
883940
509621
585593
637276
724615
209905
797034
349370
821334
612858
577364
325301
730527
457908
28736
790736
587036
773260
601239
566704
728678
851696
321180
878979
860963
378114
772040
357312
414535
452016
768533
299718
601163
341163
47345
286837
776911
786959
413324
725671
5216
132901
825505
191855
693408
710814
804254
265626
213534
377408
483971
663140
17447
691596
56232
627922
461116
407075
979012
284815
838405
930020
555911
41632
488305
632130
512393
264916
182696
781481
131101
431658
954379
99194
196057
46761
832820
556318
87240
601726
579467
176091
1605
275178
942812
121521
208648
255350
628547
867299
470472
646122
98274
269150
899021
709752
460556
584258
562512
198065
43026
115218
440485
908390
867123
903586
487504
107942
120071
406828
248850
20088
284515
166652
607121
627068
90354
88494
394968
12947
709750
725145
931052
84689
978882
60045
38538
795570
490833
90790
840627
826578
70073
812054
457632
959994
650305
588160
671214
690000
667212
134266
638694
712882
864004
440662
561784
585511
658714
864980
572283
188637
916841
772581
958434
88369
977641
954700
238565
92030
255395
305568
950107
761435
355233
986678
48454
378391
705179
137580
301252
804944
926086
587821
756055
797929
971284
122013
336775
611907
339373
802223
49391
650917
461645
593203
275034
255521
583679
165791
419827
371785
749279
755282
716756
201939
384968
738802
39383
849390
932617
12800
355106
537552
609846
839012
223963
155998
627506
520412
539330
777807
852668
636486
447369
319410
520955
375963
604862
708595
101809
478885
118577
562418
105018
947923
722569
129668
268742
57637
795168
580393
803865
975872
253852
575914
975537
399584
183165
609719
603226
147959
396070
480465
776763
793851
312013
833936
627845
122709
559968
676581
442272
453496
961585
274482
615145
401259
547945
291901
826764
823261
657603
183732
806153
625105
843604
801636
212630
971256
264163
850269
147156
222700
394042
895910
35519
565629
642609
885643
539395
396442
209717
516056
998781
184398
346572
239279
17394
388518
85852
291009
76391
358935
372155
998166
350127
986432
432025
305546
755769
420084
158329
126173
365769
74421
291139
317310
334771
236990
436420
608458
98109
134816
27076
487246
129421
139080
74397
544534
222103
825025
88941
745389
930784
896252
792387
57430
130918
649737
44338
760467
120450
809438
626749
4060
882832
864062
210203
930725
826152
602369
286008
483987
517435
185650
380737
242484
848447
655421
95496
715791
35136
833172
175051
594699
130884
408218
74013
30909
233256
612194
846132
781512
347422
184214
973401
554679
617946
410184
977808
683831
838991
727591
476422
732257
4582
194017
625402
243265
949623
402186
549561
243576
672954
911141
735924
623502
922929
298383
212925
764694
459269
802215
455488
591820
21276
459985
460700
375229
720249
848888
970863
854544
467917
575368
158951
392161
964893
478362
377398
309878
46154
678710
274934
806411
238014
833443
843542
520068
161768
10996
411630
705309
504812
212652
391342
742466
476214
326310
316918
522018
439608
761524
752773
539335
97284
782513
873795
363106
642979
491703
447845
131483
113502
800661
608682
809732
287797
797006
92184
347774
688585
172840
197312
12462
330687
373921
913127
406278
298281
196253
37401
731079
912697
87308
703018
446652
923019
645263
766297
390707
240226
669135
990227
945069
247930
893134
298072
466985
140099
776208
20560
344615
280589
487657
48411
682313
867124
668172
945032
766179
145929
820678
531635
33101
70759
663559
473915
660822
439197
179451
110246
562155
765620
630831
593879
485478
616953
943337
97628
763288
502021
248782
689531
487281
67462
503657
183278
371405
307923
569179
907980
52403
55646
246572
970502
630589
793389
237749
475344
346029
784484
592504
421731
790651
799283
580673
803004
836614
94051
716393
559257
913903
153302
450223
521535
691440
886874
592904
660156
706816
509758
337347
577314
307467
678587
887674
454468
754228
145772
565759
848933
163590
575740
139713
535388
724519
100427
34924
332630
329498
369368
545727
782520
690722
277288
65420
129488
148015
804841
768820
403888
194514
146562
407488
68040
26524
621638
496000
397642
445229
153910
168998
613427
985475
735286
240287
660598
788619
628299
70009
659143
785051
697834
631024
850054
292943
204033
944269
657337
129775
75074
255984
725688
351826
946281
678382
54554
569425
430067
978442
595395
869753
417312
649865
609656
423478
925462
627760
644512
389442
326657
805674
571170
576746
386549
128149
108372
430496
997911
738262
200364
936064
162314
105172
878557
708464
119821
365932
74918
3587
266034
432290
420913
367629
201012
407452
370761
256942
117504
414693
720169
973880
922500
73477
832480
914139
444751
738393
450414
730947
793203
588734
632717
767331
193173
610858
803340
496875
931895
182138
818084
905155
863113
830040
209262
242970
470252
390422
615498
547351
990877
78233
577542
959190
583983
871480
280567
104781
925388
807851
408086
141942
640318
731164
714243
317765
391871
392189
846258
525238
573984
479308
908251
940454
634948
614863
815756
663440
208740
20933
686149
543737
162075
710280
699591
313240
39128
926271
905596
586058
601312
874954
766880
687173
573933
177145
269839
451749
924468
587223
994348
645842
384300
607825
673433
274472
868573
311854
860898
129478
440480
144408
313677
329404
770590
50688
297873
788304
75710
484681
568866
795821
438180
866094
369368
128837
325521
531330
158390
875822
970315
985638
567230
445112
409326
377559
171948
159075
553124
804272
327698
857578
713643
738534
556900
470269
561559
285968
624904
639876
522279
834757
429965
342887
876612
843573
869031
899182
391256
988278
604177
792025
329216
233372
73763
903802
580792
398885
986592
88475
248726
206776
941675
440415
720664
41989
751173
882029
943698
155998
642968
229763
851876
896832
398653
977889
474498
824500
850566
900278
745122
106739
80246
647760
23136
750198
48350
730955
514524
280152
724796
97131
891239
463949
457133
116050
193625
501433
261950
950235
191945
242246
837497
579392
944004
78370
965916
161925
150104
121738
718670
155238
945185
216015
998970
75769
715186
958010
961361
778275
369889
449345
681299
469765
219452
570212
455451
565455
7366
51978
788775
38075
817670
85251
350470
863006
78193
668297
875135
478815
195415
755776
447226
312863
120351
52231
334580
309839
454995
837132
225697
2932
22788
541434
989510
183923
243042
194604
896769
930026
713550
843711
131621
165451
567629
511173
594755
311139
750504
530436
785521
67292
694296
485449
428991
557667
493386
443939
681827
438489
101598
16241
414904
550957
121596
44697
321947
899652
141103
396163
392644
819811
567914
261605
465580
183191
100169
19695
957245
721897
100066
958372
230877
886212
426090
153501
478575
229255
401733
760328
827233
741788
267844
873084
833440
444308
948801
272308
855060
250932
751560
895690
95431
249619
794122
988800
169734
677168
949869
248534
578368
624938
123712
743193
641990
643991
645908
227221
999524
30973
641718
730884
860665
481265
230318
636002
363509
32811
15556
935774
532227
803210
96875
703471
891059
960752
410421
971833
194019
95188
575318
964751
920875
742346
311437
290728
381934
896840
278991
97773
157062
440544
21004
750969
428980
498245
560776
212202
390696
772299
362402
112306
171169
240628
378783
929380
430092
392471
311973
740183
297116
363985
322816
499801
55787
41978
477528
496482
763188
641040
744872
528624
686851
798058
819753
793750
533089
532813
485963
874276
973408
852946
622177
498245
202155
85236
293346
352834
807030
798332
483307
659166
137979
823711
932671
231067
892685
640089
556965
699945
468127
904338
974769
517841
69789
609174
704233
262175
867199
851509
171357
258407
461984
872911
942415
919790
746125
591629
516110
37811
670858
4986
401073
736997
236783
258736
600185
926504
79232
833555
541280
991694
194447
118013
489871
100230
342814
318652
887204
372587
10309
411221
308416
698456
948466
404796
957675
715089
542026
187314
754078
406269
584575
995188
218905
478076
52832
572551
766557
650344
484112
971683
160136
583332
509788
194783
801883
222291
177880
954628
16881
206125
39723
881286
894795
901439
414586
583219
576687
639118
627770
44877
933497
995236
48104
49779
517922
921635
312843
390376
992104
100150
368574
427408
228190
40933
751186
291933
599501
854418
37905
719790
633969
864298
300072
604276
672322
830784
63177
419919
802278
901427
554969
755973
166708
631757
720817
303032
511943
760379
947022
585146
273193
644595
84612
523674
514325
226777
369575
209723
630
702006
8210
167749
643702
796832
663023
398284
470708
472970
575349
43875
277947
35282
20622
618905
658067
872700
807692
570147
154776
308908
2522
705209
984833
105670
870931
335725
114827
825115
533804
964402
940852
106213
600343
811575
266672
23988
208739
484011
335281
868353
547891
640071
744895
66554
952085
105428
677553
673284
804608
787393
44240
736621
223965
903459
537301
180244
321948
127599
904233
681225
662548
361933
395441
694628
434842
664017
797145
852396
99917
4697
381168
828246
850011
140494
897246
981138
907828
508429
441517
726353
80539
16407
277563
50458
656441
828678
211184
167172
997869
852567
149344
710011
180008
910888
147840
755613
374468
410321
60498
457394
766890
335071
213221
737805
237494
726951
189177
28897
237327
678018
63664
561792
120351
675082
158269
256124
29469
843961
527509
508875
144214
86548
50080
68411
784478
646448
366638
193840
328040
518382
170268
228292
381364
462418
130933
315792
620350
197898
918808
55432
564172
675978
851187
927744
569665
551965
199151
185281
500809
309589
233550
406313
209631
243588
138923
819776
477013
734911
570725
220006
216115
792372
597197
427858
830182
408777
530427
846852
960219
607812
204849
676698
20489
124985
214790
857377
550294
696219
448379
962073
700753
545212
700802
99676
912755
904523
502220
119494
940638
324182
550908
42128
903262
49746
509160
687259
257965
45649
589857
515607
22146
559429
331189
375132
474459
381384
724283
920705
350077
314560
357376
465659
167173
979970
743132
435583
221713
701176
370063
247418
5822
806683
542206
524142
306689
18071
129157
571583
33577
366753
202224
342476
598068
376062
398061
497238
859435
681344
951112
669813
835422
424826
442792
91876
733601
431277
77640
542801
480950
803353
949832
522885
65178
931510
34422
767978
973689
66729
809023
621731
863988
318920
78467
720125
427002
20691
103452
770409
600703
776318
782559
873930
538672
954116
601623
13409
414735
453404
198086
260373
91217
545923
211499
250737
203646
597488
82336
440212
429743
633494
413470
18543
947331
802777
313064
635872
168237
90056
313276
34512
947292
327876
1708
294953
106707
841064
967732
547465
747724
162025
25155
614852
523640
602868
927739
419528
535116
573007
443024
444986
680243
601442
973135
59726
179520
654589
699614
842810
689529
179935
942359
353712
876021
513577
154263
826269
69299
174586
762269
260467
700919
194438
544843
574367
157799
965081
233253
27628
428375
859788
897909
649965
483067
561405
457845
453886
293916
752467
534071
433822
269748
199684
228330
12997
219433
464297
14020
277983
463278
698505
12597
392220
577610
30385
635234
268728
416886
839377
245976
189078
527081
420094
90442
32587
405866
753329
805153
487958
472873
653317
287515
545043
57250
592452
83041
54095
96540
457448
685927
20778
203392
300675
391810
819637
797529
467450
994083
305512
936638
599125
567202
572731
473077
20230
554457
591859
258639
8572
730099
280822
316521
381705
219148
734728
64116
145369
49491
472186
67942
543319
814865
977112
494689
639117
630470
271954
394347
674607
176125
746554
153394
766148
631543
559638
236717
699927
959136
970015
865146
59137
266579
544120
4001
779086
959959
571753
245483
238295
800290
221282
477811
687444
237564
19067
229275
90568
789511
740137
177014
658606
546576
347423
371765
507826
53054
42825
856634
227685
486695
182588
953888
900041
756562
42510
765955
352567
798870
102317
17824
709052
970522
304225
831576
44489
794014
625939
628082
172458
382105
728465
804699
516515
468768
186052
142096
216954
731740
633366
373606
612449
334134
318557
582862
585848
183233
761234
783921
917316
990982
659244
545672
246474
664539
722807
282803
958064
678503
703854
453888
568433
932455
422167
254757
483235
817235
341261
974531
22644
849108
498565
686349
361085
166960
733488
124584
983039
297712
484081
490145
827743
155544
327078
325909
939898
614398
813347
611808
963728
422136
322883
571464
847058
248130
699819
238843
66401
991008
498317
101632
525968
606454
939152
329068
98965
322160
772432
883562
195738
294530
254006
990420
518213
814144
145601
968859
56055
675222
1655
335875
956972
792043
70222
528066
608695
811097
374709
536629
662744
434091
692679
968432
381864
828514
192549
74242
323457
349521
900456
932734
468287
144424
57525
249349
847300
932167
312077
511415
569158
145528
888667
402794
756762
207165
795778
473254
693416
84412
247140
153562
87649
409009
40221
714843
589609
44948
459654
800650
585859
405162
253423
699120
904458
615696
603845
249530
433209
916427
184732
409043
708591
551371
445441
408342
969911
495523
616627
946045
450041
254215
676059
810277
990371
138833
243895
85023
495125
401843
529640
146030
587160
198265
780595
667300
927754
342010
74886
414592
148258
560724
528225
330831
535518
872262
231041
910197
635844
18150
537881
899152
899668
245756
456596
620986
848597
988739
596421
810656
929079
684355
918264
440642
741579
943242
860672
885008
569223
702506
757652
967939
735088
301477
456861
905009
637347
889131
274748
654912
450928
868251
894160
596557
610214
531034
968547
608223
133657
894468
736310
562750
69028
712074
77071
78482
552872
578859
850690
953130
907592
49255
512670
752646
806123
997965
818553
973493
372095
588646
773764
703319
756074
592356
731978
929116
878508
511830
817174
503337
29093
483472
759881
641854
847444
183268
748537
98902
404049
655657
963020
618926
759243
817795
724457
338707
148904
407277
235266
944937
683495
377956
610120
973167
378470
107557
299007
785830
369313
307521
531996
626861
180534
811746
277201
820805
890248
198806
783181
822740
764759
685439
283933
802942
846538
997688
882966
235460
601166
514857
277131
838240
356798
591956
915017
569127
761009
639132
666815
388830
413254
223312
830791
592687
926218
398565
706444
123895
655066
720179
988084
227711
127697
94816
188992
327555
77410
381744
638169
862389
384982
370824
97553
675786
577539
179183
351577
55887
993016
180304
73667
604355
296372
891931
884413
152113
944352
165400
260207
518891
471953
698755
834980
572365
19336
147661
626919
957487
35799
157482
400644
86657
511955
957779
168152
940669
33783
996687
391619
311604
1443
50455
285016
423776
329933
421711
56411
102198
330199
838666
444336
789332
655582
565604
830010
154339
163581
500575
429398
356539
150281
358796
10947
710272
558130
114076
365512
843542
345295
157315
803483
580035
34741
621398
350596
194755
377925
756088
388617
172837
967056
161086
423031
701179
339243
286825
954043
315474
654880
402600
336121
843586
291167
986385
326980
862751
510834
934871
600899
436770
567977
14765
601137
908308
385562
407208
226100
647986
985709
167505
399731
519980
824598
196826
815512
673228
677661
825075
858774
132706
108565
510993
485468
932291
275980
17754
765855
413358
580768
912882
473046
35362
544325
795619
773704
652526
434747
628283
563385
950118
802959
813940
893552
850418
453540
339107
399703
676692
680413
737906
611669
226359
497664
711733
468287
938837
178005
658087
6245
712460
799470
812563
788203
47525
570897
876206
743412
852994
323068
572923
498489
647205
804617
737421
336602
612691
144681
719340
917724
926945
575946
283847
299715
7860
73851
66188
388941
588182
867140
482460
915557
212112
729605
30949
264799
352570
84326
332177
186480
863417
876995
479528
258400
568026
303897
314849
682819
17895
222713
64371
795050
234217
335163
2935
943003
219040
787216
443407
20319
860624
35685
164371
119801
881629
715186
325219
170928
747144
946280
402147
598573
864285
847887
867182
71623
796141
765458
126907
205863
825957
378149
429713
551806
851210
886629
3054
216783
371580
78690
871868
795225
351454
298494
81429
224065
390715
505961
338487
527529
192635
739051
827657
571504
146871
764299
884271
402709
496285
364953
251728
829813
678145
384161
326082
642567
671372
894604
292448
869514
398902
38226
68926
606677
181180
82540
254560
610947
344569
856298
33883
194915
168396
899089
441616
519406
372313
169716
731215
370234
641185
352510
559927
627
675204
903059
425274
309207
890976
813706
318949
174826
15287
237302
302593
918430
762266
123783
651767
460166
860977
574551
457990
63486
646959
790075
356408
436022
731737
217235
895447
495962
359525
481754
70289
340585
819140
143296
723965
913211
551487
638532
326473
793422
614034
91541
701451
53194
167039
856269
851755
438459
611129
433603
871014
832672
253786
156493
936961
339992
642626
152072
4106
31006
691762
882780
485582
315395
927699
725043
260762
234366
320588
221981
228622
46562
827206
211735
962589
414759
905390
757586
25047
924718
297466
916267
348607
92611
687087
650917
637926
180572
297093
656092
880011
100430
609163
666013
723811
4291
222420
516823
566894
746497
362203
175991
73460
985539
800767
638312
294805
913536
535541
387199
848454
668573
138289
505403
675528
429924
339998
337728
145819
996198
975913
743157
55685
281717
111584
807170
26512
549187
323107
942782
907578
482797
882977
173175
768881
179669
573404
310886
375029
796971
527365
520510
160879
897745
446859
127132
79572
64654
319649
567435
2664
652132
759924
910669
577933
278849
525205
470871
870484
265809
5516
983181
191961
912187
349777
905070
84866
432426
135705
552214
684799
73912
199212
907676
939820
621766
532281
912641
510400
266457
768141
320455
179766
399372
739503
887242
611086
280589
566256
517914
527096
377382
694214
704426
445616
126591
986529
722683
331948
497719
437600
756039
889627
737248
612638
722328
32632
369581
310327
113130
574019
597973
241256
138815
403513
280086
603226
43718
234866
354730
469202
612146
41096
528239
846196
547667
647489
973143
130932
953548
983208
970554
681577
380326
696287
165212
913697
450573
697546
593382
74906
335392
447429
409380
262475
76797
450261
267888
37424
17641
919081
834649
641801
447760
992378
149561
14169
86135
532763
459310
191760
364489
745820
149222
346683
153277
6756
910155
666121
900298
824127
307164
321942
218735
333736
47583
449258
592561
364011
142821
717973
250661
981378
294361
877242
418644
39167
422274
633493
489283
521050
819365
697549
616852
656413
758242
919105
763718
888896
171137
999787
213474
74657
678240
89019
292698
26584
361689
773789
196775
63757
432222
71669
561407
922435
633211
958046
60646
368917
685273
127729
675825
503356
899648
343020
809134
231976
682263
115641
713193
195499
508427
944675
113901
18576
265059
854890
761294
484109
233507
958853
258793
24211
775530
650951
806411
30778
158212
789031
594174
552034
153923
379214
797522
72184
337536
157736
346009
412042
421751
653451
525979
818794
146402
322616
389719
819757
356268
120433
358903
618460
556358
121112
587356
848534
800115
502311
883450
613875
253101
831183
773240
707854
818269
423340
30933
399610
606677
653529
111877
171396
417735
917690
355733
413251
791717
822397
809950
923290
625738
147452
724856
759192
344609
191442
775993
182861
647607
699805
456471
594334
722339
617013
717173
157785
949956
674941
70252
827300
643576
263857
596976
991398
365843
139469
907536
783885
498399
843090
570935
777622
274317
178168
71997
251421
113924
497380
71204
704320
442328
160279
173005
37234
4676
561122
102964
939132
108084
865417
210228
85536
338902
656872
457004
409476
803747
486785
364772
289627
444064
96874
757561
417105
219128
842655
769970
563933
864477
210630
319904
729977
868829
123519
106561
613074
7037
994349
168697
145662
973830
958118
568008
966387
217285
181460
479713
370584
678049
363505
264646
772560
278445
34019
524552
658224
874866
929157
914503
589881
943417
643658
649047
542995
416064
864322
553416
951248
65084
554200
415022
412452
486879
520239
518436
726697
167059
986963
965060
137883
734513
32837
962791
857240
619088
403850
415782
7283
383335
788467
480255
270987
753126
489071
165357
955970
847371
794335
252484
953677
791252
118264
986172
855257
715203
733954
166705
95278
843499
514526
300310
278277
293059
331290
35744
994418
400157
574090
756437
180056
283220
400720
854325
162430
132102
850175
207716
167969
813008
632944
889775
945005
808746
397952
914261
400726
646261
378252
378947
195291
674090
593295
14526
553415
944960
180438
4554
223622
27046
502081
193128
279594
606206
11949
653773
134755
160711
866912
924858
190821
954665
567346
294677
729192
705354
746871
88715
226059
813677
428452
206308
823560
292896
780521
340969
113924
274375
286720
272159
144918
765795
661010
43564
457119
557350
787460
114992
645969
991655
706984
310141
287797
54876
14820
788325
586594
785224
905696
132066
874245
52439
907950
347525
318839
368535
274342
794949
988501
160321
248675
77025
266647
839131
309818
637111
116075
864239
608011
409329
805454
530767
205943
112721
945775
498153
430342
917402
894364
303941
67695
407707
415378
447705
390917
943003
127280
618069
900406
372246
853834
759294
954603
478034
546037
719066
740581
703951
108149
816923
41929
224520
67964
196085
202918
424865
125433
201271
135035
261445
716227
896314
146048
996511
185941
630410
34066
651569
107987
387645
904109
617673
636735
382426
242299
515619
5334
382108
146892
5361
344544
623409
753656
557847
989003
406442
33756
374684
514356
151639
572728
369940
449232
546570
644265
938421
375282
84902
419890
822616
973604
877645
746352
18028
699044
664231
819134
674488
426373
966479
611913
645287
754795
986554
991903
131722
231692
831482
909060
820530
479790
321493
918748
836727
374854
483198
875226
702159
663866
844181
218246
184031
925
516929
236595
180812
813006
302988
903424
170844
849595
257730
725837
625466
242491
736916
922125
573360
547809
380787
124571
85390
526762
445119
335607
209268
489656
657961
262007
818782
981345
376297
738945
755099
185941
49139
478937
278529
802267
472005
535316
526934
936470
368689
922259
519817
228862
703159
74251
951320
369397
139810
170504
31380
135406
749768
391703
980341
949345
769258
204086
895067
88292
389291
251080
367104
837815
469313
927246
717428
928149
926448
451060
641204
998299
36428
692846
359478
162865
887813
316036
671904
342851
108690
866232
418693
691104
100321
322658
953121
128576
286037
537980
311812
128322
893589
882049
870732
930396
137524
391261
534102
28531
703850
866792
698171
481844
63505
570045
489714
754674
912838
322456
31395
599943
935706
597242
760866
629252
155751
360851
76863
356496
987697
59312
281287
737520
420017
44294
404362
659045
62118
338290
918778
587812
812739
545333
276120
956269
38534
781752
470416
75329
32181
178852
154232
789726
722913
719614
125049
988749
864752
193914
882510
606007
385036
855119
56423
414845
606468
220929
990306
597313
115731
869955
942754
857196
361608
677115
162845
516093
708279
458680
979148
253760
510385
568146
362449
498631
901589
942377
962472
476340
349308
968767
927228
527065
389419
803112
792316
330474
448749
990843
910839
909249
337880
569963
369654
109167
726022
560212
595949
919795
621514
218903
466175
302377
804210
543438
353001
868350
780678
661885
826705
357272
208957
443564
230566
699866
349399
772263
147568
833697
522528
893415
203817
385720
975617
240766
758747
596022
645028
380819
492400
483537
999550
750184
936252
569447
378964
162237
623651
681070
37320
328174
183294
856466
890558
719103
567249
949453
755478
721596
79215
204678
40132
156996
215518
262739
989435
873556
198754
233008
273673
911169
158537
518708
624871
464592
900072
162924
287369
380710
590654
760918
66962
189234
235150
503235
277664
553765
810573
811912
614580
116311
898524
430806
587274
753150
32952
482863
153640
225674
192275
980326
166376
864493
508853
249174
831635
280466
876934
834171
829765
184688
770946
746363
858704
419624
342076
160804
277608
677157
163564
337413
965808
784639
507783
439914
261229
637028
582161
187637
71101
710006
701823
475347
865212
837977
177660
68692
824034
915603
101246
947627
188858
15947
49846
272843
49228
474923
309124
822524
662765
536560
666724
72146
294958
347720
378392
354390
743784
564215
52620
756166
52620
716103
431078
459183
540695
891481
517448
432547
96870
668590
774057
19059
865828
372216
848086
842835
535177
761811
295696
574294
82840
485290
73304
979693
162237
273407
988470
507437
539056
25454
207915
245605
251273
812438
765961
939597
916772
965990
477940
877137
527183
885750
342573
657554
150222
110644
341046
763137
753884
341393
725792
437740
767923
957525
107871
360117
264497
344552
475975
313532
142026
278385
484441
198611
138545
981379
739774
278658
597332
151180
732426
365682
416288
708578
379473
769302
476477
28837
578
852265
311547
108746
957027
199855
558346
537488
575468
61928
323896
374083
620146
513650
343659
899642
330401
423327
286886
198417
112064
729098
373267
339366
261543
126731
23683
790196
19241
8238
161510
960811
16410
696856
730151
237768
406607
780725
121022
51148
218568
792376
82951
215000
60282
221116
295326
628008
681644
319161
239251
775653
212408
521737
133921
382728
64672
578247
538384
507339
723456
256067
11542
44112
331841
474871
94461
528884
960916
187098
758517
613036
991140
312275
737739
960890
748181
293036
431311
19036
613036
3690
858300
13437
296897
413685
465008
373499
994481
629759
658036
993014
457075
662462
661510
335147
927668
60706
555203
111579
617650
465043
69094
163414
389719
916645
851837
225715
364636
256175
713968
849559
192580
396251
611234
236629
335817
836199
489521
790221
689652
699555
937247
142086
814268
363918
200175
188976
487000
978140
43331
562215
553061
269029
35849
880968
572013
190617
66616
484473
668743
707265
10203
246357
910659
666256
604893
482530
434999
755853
496070
155783
261592
949431
552443
333133
982679
865418
761917
891105
855592
354220
237607
308951
943578
115221
824956
533700
865828
762278
889615
833946
446390
240698
234933
386986
399554
31854
181180
643460
693208
755653
690818
611602
351288
360288
123465
217851
59356
478020
715117
248703
190272
936904
37867
521867
627828
31897
520177
362794
823948
435231
175305
656872
111904
820405
501070
389909
855872
972294
156732
315022
467422
110883
316628
681792
665326
404244
338705
631017
988512
994050
125803
540719
320158
76648
818647
655254
149274
917957
701718
781180
632583
756003
953483
952311
978318
182558
220924
156525
17328
257859
893811
233767
571677
779013
324777
710590
713150
892012
506665
784491
669772
402418
352624
402186
287079
852374
999697
88855
92114
807491
224251
834830
721153
292934
157170
723982
466637
640708
865520
442539
108729
557355
715001
574587
938443
287115
796564
481099
294237
335018
888482
188613
738646
93276
267243
38242
817266
806933
531962
187365
49077
519746
683944
38085
179035
396687
888204
690402
673208
42442
300693
463325
13972
611096
521099
478254
498452
125888
208303
847148
599073
419867
491081
999868
724961
6496
404371
975271
840334
393273
615362
742371
467856
647120
265323
828634
791733
964974
925382
802376
692970
474273
405046
67909
817122
403140
415104
913762
378773
937415
468538
900472
453365
208416
635488
135066
492147
754913
814595
460011
388552
380373
506339
332232
784055
277013
708067
67169
600685
121520
632189
263546
822230
45928
985318
198195
843895
809707
990078
4665
978457
791878
863676
535882
422589
351174
765632
332333
303949
551699
358508
603893
436905
815684
48476
317149
438318
801606
111898
317889
786556
366002
695183
256979
886874
935987
240023
600943
651808
261031
17101
427166
720772
495734
54283
938447
893305
111545
599886
319789
165544
169371
272836
635628
94072
622325
844159
863622
614459
858765
541802
784029
758631
523379
872007
619705
469033
915422
783401
347459
521802
970053
588793
388331
762140
115432
183362
804668
156700
258647
855001
658639
750296
427010
284011
221049
472773
609081
620497
834596
743048
522786
165281
225088
36655
49731
481843
432856
104058
627895
186606
701612
212077
608013
284343
899045
778494
163358
67904
704088
620567
619886
682719
13706
406275
495132
618489
973913
40009
581048
242914
609412
481727
886906
702451
274576
130221
424695
950263
59800
542356
545742
93736
749462
495373
30449
751042
396473
249174
192800
331088
315517
66856
176571
907514
980758
848939
774472
631751
402420
965157
902130
442469
431880
249212
195617
203798
551032
653032
754285
868528
281062
902000
39855
599050
217480
407860
892871
910197
702328
7072
545667
852970
478452
737250
234599
974435
643363
36098
353929
4753
242106
646553
940394
966020
983518
551250
708359
188869
823047
56197
372291
642266
655392
766567
899884
530709
976042
907506
718299
294640
490496
524934
141181
752977
360295
344374
196765
509046
94498
65993
479126
129866
529184
440853
544055
224057
453216
503439
20166
545652
266485
432843
742531
3318
81571
530792
370811
443525
449160
903177
409026
131118
10030
224205
560268
651192
74303
865379
340136
51
605159
599501
393039
837734
354713
438611
380698
13894
991631
116379
237311
756179
510178
750415
345018
433460
405306
346743
955088
35205
403141
935712
684630
913568
377697
80502
985860
700092
387474
218805
462161
450022
271403
133647
582551
574514
27762
202035
78467
572354
259507
897704
197386
51044
451277
582683
122989
399719
743332
436995
835139
163493
175121
69506
24844
403802
761274
26864
839294
146281
360546
879911
905960
279685
270033
459892
812633
265300
792202
153205
768385
166080
388252
415501
175336
928978
529570
47814
766950
341925
872804
195258
789814
170233
112690
17862
398816
175371
897213
203819
698550
15341
113010
874814
98317
3991
303221
222324
206092
447603
545399
886834
895212
902667
355713
380857
166699
573050
424765
357766
172344
38802
296053
836100
961547
355422
514421
496520
908074
349234
339960
488102
861524
16215
232488
63229
404983
695623
484996
634224
372114
413586
607164
384390
285362
726970
46804
482549
145165
645037
379696
590422
278173
156832
720635
247194
707250
311962
85578
720855
713138
443968
602160
138264
356869
894940
197196
457288
512887
415494
108375
558582
837789
49968
547013
769241
584130
187489
246809
405648
73261
878616
299218
867698
154182
602
432369
147955
732417
236084
104201
371785
143958
960175
579538
846702
929926
673372
430662
367189
918630
348893
555998
41967
899009
575678
918781
865756
682979
889030
768721
936272
653255
759076
34580
375930
414582
428757
156732
243275
412353
546196
757592
410834
571605
412319
798930
228313
468686
308424
98096
866036
651707
370123
74080
541472
977125
49898
862993
960273
616412
259728
775047
624792
332127
501897
847778
592001
234368
675705
193772
992124
386845
927009
226612
205680
477185
51614
45120
378990
21875
985991
728403
261928
920224
618965
835085
904454
827587
103421
116963
839603
737083
542477
220309
328482
718701
214492
622752
854996
210728
272070
182847
13423
444350
40688
658225
13354
317971
925503
359992
899599
604330
670963
694933
884406
579088
900024
283250
678211
903365
200689
148167
257051
681612
149438
169164
318753
490756
438143
418178
528638
478470
545629
717798
999180
985212
782016
654174
595089
697642
314449
69648
525113
426959
51122
941069
628611
974812
147979
907236
28484
588169
42374
77984
240114
365876
738868
27799
117158
504953
944898
798982
93389
875454
7223
845254
881806
587108
326916
812246
476407
237184
133697
66886
880504
120723
404861
269798
172726
353411
645829
472840
866965
196992
42404
968233
614398
421532
215467
991634
466939
77493
251988
835271
696432
242476
753671
262415
899446
867299
19843
543832
905404
756751
784887
705935
231801
726449
29519
930710
569344
662059
412926
933896
33358
358711
769992
107698
183635
589573
214049
684315
815239
275141
321816
698574
874474
38066
511328
221267
599264
250728
316068
182262
936394
637320
442610
984015
601956
945254
90640
666559
775418
624183
160675
867732
592670
477516
179636
636316
468762
613286
130917
484907
13646
635458
219833
392324
405793
113932
323335
153776
332690
859252
380042
309818
315349
661528
756092
278206
159692
779417
802529
608912
149360
830899
770535
595460
98824
418430
648423
825914
458442
378654
300561
42020
108167
12328
685261
621547
341982
766834
833687
54510
855804
244426
209898
457139
9844
129089
769700
839470
229507
740099
745669
806000
610675
801320
865180
768439
92764
592608
255167
440821
70997
594387
237865
722795
994349
956349
645553
8380
159596
996102
234598
321022
579894
538627
146396
103464
162380
782850
876834
24820
19014
498692
655171
825900
353526
915753
936065
509951
939458
757326
584210
594193
962814
151578
353678
578124
173648
500877
444847
111922
450446
106094
776541
870996
567198
36186
821494
259998
204611
239011
200341
576628
509627
290132
498099
654566
641277
417275
799896
617873
390139
299857
168433
627345
16013
14667
106365
364532
653857
205051
832284
232412
494290
472316
558547
603013
525698
860619
739135
408108
416557
549636
967866
11474
124706
521178
227840
289406
575809
695202
370595
226633
865273
962784
962399
546439
285287
764720
542546
28701
70194
144099
902689
615632
788688
440657
658631
235192
783936
268691
603149
952890
151381
905680
684823
122500
908187
614188
11742
831730
644575
764944
892171
90169
908908
3606
241182
280072
998419
792624
891805
900779
685442
275241
112117
764232
751709
217616
351128
526209
245710
116231
251747
721990
634759
174669
804677
120943
121345
85061
283499
893187
609683
746596
17662
930374
679709
157975
997911
110414
470078
738381
742310
633782
719583
609517
31721
99432
789674
643875
393368
301846
901647
38501
130123
189670
383783
524473
164966
960672
127244
675737
110447
287395
705243
259926
592086
104306
330448
72651
472986
394059
347931
179686
478500
787982
147480
761546
965269
599482
731319
99531
882880
460654
921920
395235
515610
559170
237849
316920
68373
944023
684388
927737
230616
779029
130857
374891
97007
245091
43001
63306
950478
622313
953294
681917
704782
710360
522791
858019
178388
606165
577661
145087
111320
908926
108354
168146
318422
379779
836032
132843
172566
710120
445272
187137
450450
847835
921854
287982
920093
668620
474017
884814
687100
772232
790299
883196
2736
220610
118395
554530
828866
204649
736894
645591
124915
497868
26687
517932
989947
32585
46120
26887
912233
911031
583755
795724
751529
581956
548430
570481
139953
71804
259672
23741
42291
89975
775246
642110
762058
38324
67106
888502
341897
306276
294700
537597
559143
238832
270632
421867
459630
330533
375862
294881
238384
682720
900618
680848
600190
300357
377701
587420
65340
750019
804119
585510
