243307
522476
303950
296819
123552
508602
389314
386546
116739
714155
561912
964072
424351
264338
321321
810500
19076
293366
595050
392669
903854
924216
166676
458428
934368
823333
421697
534181
238545
880177
937412
434087
998883
477404
37924
580750
982829
397597
678332
763111
88772
436450
599663
341303
556717
74371
758181
792923
23635
586099
351057
963873
254197
640513
702263
562821
588959
418226
933418
418525
517691
146046
701346
383910
250864
980007
595965
273451
140366
930486
655836
538514
361960
911518
423193
45668
402237
368138
507227
932767
655627
570239
884981
111824
164319
963810
823769
718539
595335
776228
644021
424107
150325
970108
593222
825389
64537
182796
615590
149241
19184
743307
566438
467685
261965
247891
716491
368323
811275
6301
198506
149687
409455
157542
890645
670111
484890
845086
432461
717276
589493
124362
694761
63199
56285
963409
861534
90932
106692
76305
232781
200892
424960
767466
921131
585938
886777
863686
932009
204779
304634
384560
342417
746302
341548
177531
165341
836991
166933
458328
415931
839890
823496
799096
95921
259731
986218
961919
719938
93638
865600
957150
903555
65638
716087
247338
275705
590185
615228
915772
594950
461001
138638
799044
381798
267577
945481
812983
631639
874155
73823
682613
287662
18506
57243
214114
17746
489026
813555
890290
65642
680660
555962
408861
887600
572022
347970
922986
528560
365025
118057
521746
45682
420739
584185
108680
83554
610116
411815
81143
124601
970512
304439
704681
133577
980726
23353
410985
848935
26903
467677
797683
829663
991615
175470
428318
977147
969969
314324
709642
590557
75641
593948
415448
836930
344218
805673
888294
125130
727661
346378
293017
158909
421430
245344
458996
755869
796736
56246
695515
77794
334356
657770
743736
42729
817852
719507
175690
700233
929226
830099
717771
978808
739363
796504
480830
666877
722594
986303
996442
561913
236862
968978
981439
218085
637466
278144
750357
722528
845269
387672
774868
707305
850703
280182
901540
513190
171448
393060
639148
834552
405296
590866
921653
939001
115089
771389
951115
289926
702919
498499
629708
119881
741431
737053
972921
76973
584274
481826
642325
397907
122283
750646
689590
888928
907628
322896
196949
522652
958004
138600
787961
448812
320034
505536
989891
485738
619305
926536
544642
83248
855341
167887
545292
990970
462761
24132
165696
137195
281424
205365
148853
876317
770136
725303
408991
44578
431070
653680
317915
276086
485147
824961
712333
226635
547816
79847
339095
791022
723629
768271
742727
12747
250259
35250
578638
818497
26381
388426
73038
798440
161694
579238
468309
769901
166922
596469
479426
675932
991762
587534
16090
750138
502453
829252
158571
609841
869965
6342
372138
276126
319307
2000
889800
925979
974485
129392
323183
736108
414857
943970
894733
831745
913516
643084
161459
221137
648691
118994
87005
769553
241557
569724
369018
634453
807659
700938
798351
197987
661204
415901
953264
407473
662986
954596
359860
131015
143232
59175
843796
512279
483778
921147
720738
371003
990422
346404
379370
861393
841316
283419
113032
717354
992320
681505
662336
769306
595971
100829
659105
3843
635145
911781
711504
928219
485090
904461
433983
300334
58198
709465
680294
378432
851418
873542
898035
673077
189090
82746
766769
469374
540422
165535
4149
901520
574928
453982
567528
574583
204022
535260
211594
995428
884173
837317
544404
536659
13644
412274
349521
67618
574064
170928
25496
243438
560981
862407
74285
789402
172919
883170
205574
112524
664211
69012
622928
899373
855241
598993
467932
263798
349320
925054
285467
760853
360035
45253
290246
571936
699351
113865
232634
756016
464208
868252
871696
735356
125052
346894
362355
502555
393077
950381
533289
808042
620191
614357
10842
708206
485843
817103
795035
600320
222814
839495
354998
615058
115107
221356
412786
109935
540626
548525
745857
998294
960633
83800
899451
728617
969867
670700
796
52591
554937
124187
999751
897580
563388
129137
776735
147080
432451
316867
48292
531408
213841
596079
123966
804052
175876
507631
202329
704684
130358
272118
711736
359325
543012
835425
880865
517310
481065
746107
906094
183151
850141
172638
811937
366258
924169
588268
984890
55116
858435
126735
308024
325216
41600
654282
794386
677601
368660
448745
917051
137862
423572
445466
364004
25804
767351
324540
435857
29168
515387
146445
431259
275006
294064
857417
883235
716066
267339
679500
12766
431728
274515
583972
738270
362784
605309
425605
996099
894461
288550
589216
410155
595151
701225
717833
290151
126062
29324
483866
906075
446315
353411
297920
942065
623000
537165
899376
832759
13999
326396
732707
779291
455937
562231
739697
65662
753581
982829
978615
779355
511811
600205
365562
795954
780618
896461
432972
885335
963810
995064
316104
834204
141982
624484
154590
350467
922471
283175
167263
415921
194655
532289
589106
861779
788029
75333
308476
677224
891421
150477
826903
474931
6272
472441
663639
803320
623350
334911
792334
159872
507514
373422
271355
482805
285728
143144
156367
792850
158605
773545
833684
151549
647552
841791
426253
76520
233556
173701
144641
698961
26083
788839
80786
441742
401092
783918
351667
796317
398473
230959
109154
222810
962998
346439
465104
732840
621269
75184
203718
700126
666658
284093
834834
475436
909951
355224
11334
900150
717202
723259
599800
272916
170623
331169
948822
31177
739154
840494
941419
115379
278654
600607
208653
243303
149725
430004
872468
844728
127154
761498
992305
276376
693495
750399
799440
561649
900909
516089
339982
163563
188688
519037
987282
643618
229129
863537
162925
426504
147645
445356
991495
991545
716094
645282
749268
184530
906640
943807
127579
939529
123413
460044
989132
862792
893518
379187
185889
60834
444494
354906
794385
917393
410886
569270
6827
282512
162005
2132
752417
514179
829050
241138
100548
811820
195922
481711
267857
164035
311813
624836
479735
220317
155426
274611
761612
461330
664300
242118
353531
430346
649978
435332
162487
335592
536766
486190
33359
348465
648927
178446
875643
174118
712766
935524
923751
886447
936594
832953
920766
550302
999524
38869
832287
496895
325473
585614
68761
712870
760560
55821
893538
673161
669844
386391
49367
545318
9113
476443
887013
313913
433698
553985
184484
869693
651126
853350
659342
793041
951038
992223
10060
862398
649711
365684
903308
108878
828791
370363
279388
917902
957127
849267
482735
837024
768132
483795
776721
30121
279517
15664
382596
715725
803811
204761
773972
259297
714742
806713
660580
196413
214924
83258
204856
959947
35321
604249
888665
422681
125057
902796
546693
831266
627774
281855
987801
458329
623315
557921
406370
400102
457681
432201
26446
665961
723700
470666
758981
972031
752052
759653
855129
445195
233142
705349
685690
422188
94514
876957
770417
628316
326430
708434
738838
536307
657910
515527
42198
67101
893223
891899
226654
19282
501256
779945
716527
313743
615340
898204
906882
309212
18027
187047
253461
541901
594319
166129
839523
707176
314591
466681
414016
289159
111060
727757
677699
753492
618038
121549
199330
152915
23285
329759
520627
234360
722841
80314
673072
450954
864533
422150
452410
196736
123763
308682
286092
259504
724497
830607
271766
443275
580851
283849
594971
329584
641960
135765
297550
913155
997562
31361
586982
245873
613807
919233
869212
365531
293210
810461
616916
990962
794861
897069
319683
369242
816843
223141
215430
192605
312840
994234
956210
901592
43599
956881
775976
47921
789387
987764
310916
482746
77723
524463
239364
857244
365476
133051
690567
301332
291823
254916
765868
868765
953537
787462
947905
618227
520007
784566
82108
996691
913422
39967
69154
535097
266604
332700
167717
254607
359627
444991
632120
372060
595097
573402
535773
190999
974987
987671
228984
59099
603559
477209
100476
305470
77227
366988
129384
224610
141321
898106
149807
396693
517491
906404
586700
54203
12704
967276
81649
751060
185036
55306
438585
654718
532134
85776
63719
192979
362710
526409
128318
688815
908488
831638
881515
632602
101127
881685
852012
502865
153581
610378
907702
104196
264635
861794
683085
275504
39511
893391
440448
389826
39012
235204
81299
33482
585504
312718
607624
367352
252042
103516
764880
603812
298529
585903
313854
810415
849094
358853
402474
907868
564656
906085
45397
257174
337317
989644
960958
305992
519779
674720
72343
512010
918758
216741
199575
89168
969755
23680
618318
475093
157048
105592
763669
310209
596733
951244
391656
697723
976720
358595
423692
80790
492483
536184
339388
394120
748958
648157
883742
311590
608213
672910
467528
618483
294483
568648
478327
874796
930656
144059
945498
600831
350094
586735
185100
756452
410681
50712
201158
125823
759905
676551
976116
181044
415781
55572
268479
811420
174443
328745
311580
341365
526767
996299
325890
149488
220918
322413
50913
572849
739846
387214
906527
671046
210084
486653
507426
219361
168786
569295
586576
806334
431901
109756
303345
728562
382100
28311
695648
539045
841344
184146
4972
56296
158733
667436
879532
596927
125723
704196
78354
707336
186761
259770
720963
674928
823448
202007
255178
703876
96393
473405
582254
519786
384372
120295
230089
998068
527384
68427
152153
673911
711385
805922
690992
586425
190991
226634
290447
114261
196759
840806
668479
834292
634749
725700
948479
183599
192779
530853
985749
60843
840990
235407
275971
512258
77460
838163
356627
375196
817255
257688
147982
751774
984333
594366
519723
430599
750948
93972
492615
845635
71027
510978
217393
883946
355343
561759
186371
721355
423461
967981
404700
488490
922899
551790
581886
834834
658566
905676
941682
858647
160148
347927
821486
207090
635474
522471
568269
320581
301332
560756
258914
117875
524862
347877
430498
348040
250878
770979
25834
199770
755675
410662
859269
418417
537454
914592
430843
234526
876762
5202
667695
835078
451540
588001
719697
485581
741648
943379
696365
512349
208827
305650
929315
596792
326254
296419
368374
111865
636559
970280
15292
616978
610835
789421
797102
136695
525659
505353
303891
343838
225101
854138
687327
385689
803945
346233
514439
264410
15300
516241
884066
393308
204762
450537
427296
650772
197288
908888
888585
764178
604148
136325
451676
601052
330049
778980
760105
420290
6744
469878
707286
116101
842428
698391
714916
307493
340416
20144
695743
528517
34728
814655
273209
13128
468733
662566
658829
524779
539361
809019
480198
18415
338730
177389
237066
369290
952043
808670
451524
394567
117914
84195
513683
564009
978465
554707
376807
459007
869184
636256
876864
28760
389291
825885
431678
190650
626820
844844
557641
258674
686894
652989
44167
780824
747026
31937
712737
228812
706109
352173
6073
212569
196399
937993
782613
362023
378376
187789
228719
221504
921094
108568
489292
615504
502342
546965
160455
962699
335018
768512
296229
585927
356238
946585
927407
187441
251424
736039
922018
844431
9395
631213
348239
576806
763770
577189
496399
666643
548422
502492
887272
339808
637775
610185
456076
940950
469013
167865
13868
142204
731122
146426
8650
112117
970073
711511
510636
434292
357837
476929
900320
952629
835796
217020
995040
889178
584636
129112
491872
382922
551367
841001
489801
348814
387240
488835
79920
632470
477295
947994
297932
562280
508169
616516
404279
603865
904691
121831
8620
274103
345134
426229
121425
238472
572344
973014
601945
593292
549354
286071
273359
111364
833871
41976
868669
531430
458278
331327
238030
61644
661974
353095
273550
684534
75594
812251
425906
696236
899937
443666
69063
893708
398348
937138
229913
165343
459469
855699
12708
190562
983521
351884
731033
24252
485255
57846
178672
668359
809387
47549
346128
736008
486379
134892
185381
562037
171239
27039
306635
752052
643727
656267
547567
841589
834171
233569
367414
100205
885050
848580
835105
646886
373762
799357
472961
830701
713799
682920
356816
129309
273656
504808
536944
116262
440527
596235
551845
27161
550206
312673
122207
210497
76624
511485
181682
232054
979384
938713
702023
699346
551007
167512
99629
195635
858615
829190
714619
522306
698943
578637
964919
252288
613287
615737
753564
303377
425577
790507
560981
266158
700097
756018
219426
761853
895137
307231
496809
341631
526766
756027
326655
155876
700931
639403
957515
460354
250481
175508
973360
166979
140878
329002
905855
712374
889631
211923
380476
415414
145679
556597
751020
321990
58643
526131
460807
662278
332509
445684
5349
12747
471394
50893
866865
408525
484450
227948
837696
429314
691329
534684
259732
1940
644713
555796
81510
738470
820881
905855
554413
33581
471305
989697
869220
445147
41397
633756
411070
467819
709630
317337
717922
519016
816172
533531
791116
890945
533672
259017
730424
528616
705812
199205
762982
201381
231608
99324
647522
284040
22885
225539
893234
436792
204338
563727
501851
443749
149170
543742
228033
812243
802261
284718
794996
770970
514392
234004
297613
662512
2342
321028
696356
900814
997602
863330
138136
358247
310990
887268
286048
279908
702696
481662
561335
789573
532600
227946
566795
168654
2577
287294
167263
355122
560113
173028
785001
674504
233518
829880
692521
468969
87424
431551
750043
530136
111641
624400
330865
567135
580386
560163
299365
952204
347719
143309
401270
322372
9892
771939
149301
439226
566973
846584
223393
771168
176010
505449
968133
208553
268928
818596
136208
744498
659362
861241
198284
634227
444269
101245
758678
925678
804445
44243
743092
730820
348943
463510
330612
738157
708742
632827
74498
761223
783008
125315
328682
258530
879140
178189
556768
407127
418204
475532
194788
901144
456058
16604
617527
892840
507596
904599
537340
423759
306301
632175
669055
485273
44118
737018
165406
572151
616755
711468
86706
862806
503203
190800
871981
280960
738674
444677
450077
912279
679550
575560
116130
908076
588862
472615
271180
19349
607825
805195
820526
94021
785247
589718
569165
947017
222264
410887
846825
301042
879238
671516
435765
663715
508028
232357
321531
603250
487861
490011
471566
730283
950432
87048
95532
987400
354166
453048
885528
672778
458988
130742
770373
200763
342014
754169
238159
729832
95748
161776
134947
236822
484449
444539
659084
13807
672176
972498
802773
782844
862503
139208
647251
874480
408518
528900
418992
269674
364959
706858
564158
716209
963017
133655
992695
726116
983415
512426
802632
483199
719965
104835
214603
395117
382336
905713
762633
810055
247816
703021
633225
180157
900250
675938
661985
595965
610603
522717
946826
421364
612675
552272
738709
22078
446312
925111
246275
807869
113961
376415
381137
416089
391448
580407
534719
910645
464186
666947
184207
946703
745614
615685
391406
6514
508562
770502
888131
970751
719144
962661
648863
508290
504878
714883
912534
525872
156192
424018
452685
149072
133311
328633
973858
193949
23157
973108
130208
374985
400709
347013
278471
406573
138551
593832
713868
632063
758649
166129
708206
744737
914740
884520
871620
875490
540750
58309
654947
38467
304046
750171
542427
690286
912710
116284
206820
887319
883414
937586
845892
612271
837606
964705
551525
561149
114681
978625
739536
405913
508630
795095
197992
714763
779069
497942
186223
847984
943769
506035
872873
954472
235191
862231
597099
934013
99102
919430
435437
263292
69992
708996
171628
554332
23869
119090
49422
583165
411090
200281
390581
92994
365230
561121
449753
497856
508110
894027
164927
129869
161799
410358
298836
580912
804343
859762
502170
672421
991742
332407
146499
28522
292824
146013
506808
59137
62260
794158
284675
53232
578117
957283
403347
770268
475086
553436
27184
960977
91522
81030
979611
266488
491231
42652
461633
787712
598154
689505
328459
482798
250457
73160
328693
33902
635068
614509
604853
36278
993879
773226
391018
849231
436346
888930
593368
739807
362405
161712
32982
204225
141074
462464
118053
583623
930634
128011
484414
445209
263575
827307
408946
46374
580470
120136
426012
121342
649663
74594
141986
881650
797792
365705
334833
214287
734154
360803
806597
58406
85989
779871
202781
944856
411665
517195
472914
341217
73461
355626
37245
116689
339429
224152
639576
674584
319432
439723
644357
131140
251807
347319
568811
657079
202086
334455
521108
91137
861170
753976
74731
113581
775255
255316
35027
661763
532840
505258
227505
618393
27844
706961
267893
355957
609456
673191
297839
436960
747692
869217
247878
473421
288893
133804
875124
677844
129999
773198
706824
343962
417352
425010
516234
163589
895607
537812
559235
626385
486014
192714
235249
71264
197129
403943
429830
679451
270248
735858
686751
967414
208133
74144
180621
249911
808069
843769
619262
166950
314447
437697
951850
77800
322131
488642
266198
860287
920464
856249
726310
174372
122273
8098
336463
96822
641700
192496
421733
460176
654308
17141
789992
168030
752953
112641
573928
404315
966342
735687
511368
766875
240554
474075
762870
595862
465325
790897
569111
232383
349666
154574
685588
858196
223776
350061
34331
195101
522911
455740
308467
280780
371057
740686
802871
460188
273585
217139
821881
872774
672410
979363
42892
274838
389938
96866
267378
71793
633308
23603
136662
377862
117595
134239
192120
940393
701253
712869
900888
916890
892974
553030
117466
46950
88849
43196
31996
207962
517833
862489
356952
603798
978937
161823
289467
484779
178558
769909
978966
339033
159813
119758
622401
646921
732724
604137
489307
26813
694465
540646
967198
626501
371617
55607
577793
