862685
545703
329875
182731
365485
364781
851864
151079
419682
713024
1336
891527
303350
841297
235366
27404
160071
287059
575561
481117
240016
643878
192694
647743
134114
931733
548198
965130
191295
671358
418821
471542
297686
417170
870681
609315
745040
217117
329172
114154
497131
178464
323016
2185
612452
671233
307911
31809
786723
396750
632926
533857
744456
365516
574367
855504
564494
772
944976
128193
458527
400952
829623
622710
474989
697921
803296
280019
608488
815737
825161
290112
265923
259082
220721
563482
981004
440981
405636
958001
614857
837578
960155
401645
978930
946465
924521
228900
394235
880194
680028
448545
847328
564202
200979
491426
246029
650127
558294
96500
487103
297767
844837
207431
85023
229059
246516
41760
594203
578812
108526
218620
183837
54415
323027
685018
904768
461499
622747
942773
511097
46577
399661
560542
424413
931092
464572
58600
140831
640471
479929
668970
944695
190250
718266
895302
151245
659870
712024
654666
648493
123822
119517
283152
534718
652036
103467
338025
720563
789251
272506
888560
510036
149961
909894
366049
81970
107023
264425
153832
942776
946456
477221
753020
755212
475117
197820
261003
770026
381431
67677
741519
351212
444726
448349
458315
459510
801887
91867
140938
187709
678415
203807
896905
912954
619880
825448
839706
726195
135394
266066
832289
647528
212075
400630
610294
581673
573639
669328
902019
503032
295495
322342
440596
757851
328787
69607
153141
785587
962806
828659
456578
301197
348498
318003
748519
265878
389045
742314
618915
348618
443967
532350
178778
354799
441692
999867
366739
292534
522216
444960
554451
296961
671200
783046
245464
126393
252523
873348
489951
547945
641136
625679
582260
146535
39081
36748
424148
611218
155119
738659
943131
554069
148267
979241
659244
823658
700429
511356
435631
549620
330381
532962
754062
720001
331160
243686
46814
463636
729289
686353
926097
422683
455260
479419
687603
521713
891874
222434
529994
928729
480441
702161
119801
734884
594785
318040
717152
220621
988940
509755
9475
709330
456726
492834
885335
709816
638247
740017
240516
725319
989959
406546
743797
745724
483994
661832
479832
156064
495954
954456
692342
283176
886418
732532
725464
493928
895668
728024
221487
358853
824974
825294
746351
81785
603952
421902
603258
812622
343949
882354
723213
980019
834739
838266
602138
339762
278943
507124
57163
300168
734398
670473
91018
808134
974866
227267
415962
967008
833989
179980
805585
794882
864292
128048
498725
714658
450836
370326
483109
918809
868723
842855
559211
538905
209375
134924
494331
948352
150540
467950
867713
207818
604763
698008
430526
819488
65955
46089
113623
500465
718589
290699
536859
599530
679561
460514
820826
365266
625434
813766
234299
832848
359721
263274
592515
974040
659485
455080
891029
969497
932927
748016
524417
759011
570360
348294
70020
482293
89880
778588
281502
898245
337529
664856
336105
889523
518268
906149
313275
82368
669289
634273
889794
938869
326389
877544
703468
203196
917682
71573
689221
913755
284750
134335
379339
852554
652153
647900
709933
150867
826490
71814
612766
262561
730705
104689
305569
339124
742110
831599
276114
250047
265937
19821
489728
947532
725078
616608
972941
593055
825328
89138
572114
547312
426237
480880
722690
282033
770325
150631
827242
551846
460908
436738
374758
954756
507937
890765
372329
226786
123067
479117
853826
975071
321973
655849
557405
300221
678952
740938
685073
772519
919645
264040
18853
263645
360140
984693
681261
569699
995608
661764
138351
198794
424141
978930
805557
336050
712525
410912
497870
994519
146957
331134
63413
910111
858780
430941
772372
970817
771772
129341
455906
903461
207940
970573
234954
463623
272635
555197
565795
959798
922814
942411
68346
658865
411292
55079
44501
588264
317691
43332
660147
134949
284590
340486
881427
747449
20152
882846
118466
429857
86020
583084
673869
989453
763
48866
233108
957391
86943
395091
133574
977897
605754
945228
869678
391958
865242
928206
399562
330767
987164
811747
890700
642893
993345
903783
589080
499673
959049
290641
165234
465489
822493
406388
124234
698451
294948
637729
780919
298043
240752
860141
512659
827761
878711
36904
918796
654956
798462
932432
485908
820706
320622
965121
769790
622289
530205
491844
728983
629226
126861
133840
203535
628581
731976
468021
153114
22917
831046
456900
69081
316089
261515
434990
108124
89130
168118
591396
226329
487472
688904
870085
836996
961805
645312
650127
659315
438335
635436
25711
586058
225632
108742
259721
561572
284461
595967
494908
775009
602508
616418
482467
851031
743862
52291
163324
633937
552372
807533
145974
709309
413633
640028
336963
251135
220296
577818
7745
916291
595056
34426
948189
596776
38235
260585
327303
375357
927611
222454
617439
741449
261461
463472
93028
947787
588813
244883
619333
851325
275401
629541
107704
18346
667619
123705
430613
541064
354221
617438
726933
881756
702920
237814
156122
335177
890141
66069
916357
485578
179020
363137
724452
89592
207702
257939
467961
320513
744421
513750
804896
85910
550008
213721
700456
843148
263880
57060
352356
886807
769313
629656
950805
47238
188311
916710
122522
861919
97270
361687
352601
751449
855595
38942
252419
28232
731336
827933
47984
85162
734589
978678
291910
763130
864366
573632
691511
76587
788967
261241
355937
532133
754116
834813
820442
181781
141103
915913
717518
531023
418901
781087
776661
666991
860309
294440
774040
723353
494161
854028
646968
724071
33218
4367
989739
532442
389357
153157
204855
281279
396285
337858
634100
385969
894069
78460
842322
940334
314720
227140
386434
243187
307030
756153
393142
362895
947881
477797
968272
224641
289525
161809
932238
639780
971345
816809
200302
677648
648844
817239
267377
184792
714319
132456
651820
866029
546966
483694
441905
709177
477796
487595
350419
962753
62852
293710
366423
176264
188900
363638
29212
475213
834739
19823
711143
254081
332991
607220
541254
737425
960528
596058
350304
568641
900678
173436
768112
409153
963404
341818
760264
104336
238808
265594
771378
938658
261537
616557
307172
351827
822943
18071
716175
965080
932724
810678
112756
657579
478955
38092
952701
253015
608714
991449
777651
75762
714582
123151
638008
961508
782509
192067
999865
449866
207177
7021
710132
28934
608045
300979
988111
870581
216561
294558
174466
794937
345126
410207
936870
408489
449776
988711
953669
523626
430015
735703
114617
619901
774775
879188
830659
267362
594846
979947
532443
483276
959342
630394
817412
803612
977265
948701
627293
21728
342503
155802
51626
93814
288880
824853
706948
70530
226745
584347
411729
593833
231391
7819
243700
212034
322121
921533
599580
738211
21772
78049
123071
489931
627600
965087
23624
894279
294761
93353
995847
114150
80625
475497
692302
775985
622445
992034
943687
658862
835166
19819
407297
161523
709314
49348
645688
616019
67849
180347
39702
788127
943103
4940
351870
65458
443152
800742
398585
879
16881
183253
142294
267064
186670
233697
90247
697143
40778
571429
729881
339645
865405
956814
57200
643347
747622
336606
782865
146445
889061
485458
785338
956275
419108
766465
667374
900652
682852
410813
390102
19895
774087
971878
554062
358038
191790
976373
94942
793215
667369
17548
816935
115774
602954
396157
111334
353940
26256
202599
831954
299863
594735
102174
406667
840942
440559
138365
114387
766943
200121
185390
98277
664308
532826
320452
507351
974446
468709
355248
199597
305583
129636
231772
666705
700069
462633
837566
264267
589322
42769
866920
299750
309056
851141
907506
275718
192254
728295
594459
71855
30378
623198
625041
439462
305686
862781
446679
512520
315861
793376
968509
968133
111963
696108
609537
647825
581730
223215
696791
892909
576003
24692
349448
154033
7538
920813
67589
467010
375327
119520
205245
274139
180980
145710
874561
100235
330909
191666
388273
607893
552384
522009
203776
836951
519154
899997
537379
254708
160962
34469
991092
182907
658684
662112
574013
807799
957817
319196
133661
961960
714370
706774
39986
413913
463253
244204
575533
208185
731414
735544
737942
690155
485683
964731
61213
659265
679904
477108
530060
946202
286719
36467
887365
58264
228179
793533
825959
176577
851495
159689
87172
35651
102722
610464
21023
361865
34748
318551
998820
354847
500330
489901
859847
566283
686892
588599
641403
450754
864830
312177
176705
499634
467508
384307
478264
189612
782668
212516
398066
473830
536664
525587
525580
925817
848750
56030
282853
721354
340272
535516
178580
548784
483759
787948
445737
823564
505098
532204
317135
571358
790083
580633
148146
66559
712078
175309
388141
666007
57559
634515
161591
757070
403651
891875
609716
463664
637445
246544
808670
814871
848206
288433
741715
70281
778836
734447
162198
700413
876177
867318
168613
245482
740142
588855
938538
721105
437785
652561
846925
721499
176325
561514
437393
132582
542929
118991
269518
163994
735398
999213
677733
172048
302302
170762
394900
499697
949186
863393
70118
686029
938903
646367
245994
263700
814210
95165
545676
729647
990106
354329
620129
819049
952092
498582
377353
460260
939982
102820
393072
953724
427669
899508
410050
158008
307843
803359
78994
861485
458873
334008
883036
257501
328502
128245
211352
590832
67178
499073
310840
231024
295532
489352
473680
646400
926255
856914
100455
251135
135002
56793
317100
461504
439077
330563
807741
980796
687802
758701
540970
270581
724169
449823
21323
95822
395200
477106
490835
791929
851480
31801
317256
681040
206027
580321
865157
183117
108813
415700
725938
16773
394963
194102
689289
717952
853278
848708
807266
280503
454930
80960
57129
290727
758578
501087
168346
201922
684203
813504
619063
92799
677910
833824
970069
879212
939486
295734
12279
590515
549659
497865
507772
541707
900894
714587
863416
792758
370951
725583
84743
839729
378619
589689
208962
624695
274049
28588
946873
953790
22432
746644
657055
179827
65953
380116
358406
302886
125772
362891
507111
980503
579003
42290
4001
464702
640307
324122
687126
165249
41034
534649
964644
887829
694838
653618
323080
126163
897124
290579
284466
342488
465236
120529
770123
142122
906382
417144
175686
797246
685395
776762
917775
409524
217291
966936
955851
811411
641919
130379
432871
119573
301267
381988
832362
963865
674728
843017
225416
226305
695570
114070
161931
502263
976909
141276
208382
384225
359142
206061
289058
903303
923573
387839
226338
135822
448062
727986
104855
724074
39509
679745
825742
251428
203305
343699
268289
950383
754797
347400
567149
465603
517140
762507
27194
66265
987728
32928
933471
81721
710617
310805
231641
927611
525887
397302
806762
384510
356108
781873
571469
106928
857002
645286
202604
730358
899131
494088
86514
588416
104133
284826
165613
119022
547143
541323
857992
89151
112662
341158
107905
839193
129611
678396
463269
53347
179621
31474
249316
109757
619712
718839
18372
203408
731773
203351
797672
363021
57850
336922
664189
102534
545362
772936
775156
401661
781214
898245
711295
240294
293197
868086
22302
647064
72526
206443
96127
330230
64622
969884
734818
649514
943974
642352
77048
198992
725349
836591
608751
485466
539903
202636
271474
386177
659263
42149
692116
647725
386776
813860
661259
904076
233696
185310
902755
370916
679441
439074
657473
599753
425142
807954
606512
494209
336129
87450
649427
665017
843704
761598
178101
145579
655967
204332
636768
469977
118292
506736
111335
125050
926725
838456
771284
391279
808596
489798
173344
645778
84199
824691
442151
883043
707455
17113
871112
380793
501820
467402
564783
734765
489479
33963
600478
592609
761993
108864
218810
807571
781961
368143
319735
490295
253279
538292
47693
312064
30817
244033
155251
649658
568774
127944
841752
864076
106681
989886
743007
448996
49620
250676
888220
936538
563990
460026
918789
99492
671821
944547
259311
704836
468473
138346
546771
740687
192760
585420
464006
356497
578133
534310
258563
145758
595702
174532
437477
491875
243257
54547
913731
101649
623402
943355
935625
121224
607825
76636
46427
999675
753626
735920
208375
720185
746930
461417
620775
626326
402402
757495
573838
28284
105322
742730
799021
743664
350002
824374
284044
667174
131693
5150
125855
83308
164793
740435
839837
242621
506490
776216
695569
469123
468786
157925
968310
445798
863774
638748
464161
915142
206266
348754
839629
24101
359214
609761
462624
121472
308120
614680
994802
148746
207407
373597
929669
506632
511938
965859
196158
892094
458206
134842
766677
581270
913363
907159
867056
555804
366357
711141
705068
412023
21772
394180
46945
188305
907970
333909
208753
880449
11765
449783
641760
177178
691137
636841
189967
213522
565671
355181
529676
650854
782975
424508
185764
199507
41232
407933
714118
223461
370210
153433
596894
857523
246897
106489
184132
837865
148501
751468
256332
492956
261534
94622
703340
364135
466846
839457
610347
691241
315752
858605
70827
53057
831166
443601
739089
106191
435965
392542
506073
664226
887845
690731
869175
812780
543905
183248
161303
766963
626944
453353
890615
817133
970288
57562
126952
125484
864130
344595
401298
380597
636500
19887
216902
814126
571913
914191
977124
478709
370140
26603
185226
233989
148032
223874
837910
320797
108903
936174
233434
470305
89672
62152
9315
222910
76820
327667
275883
483690
796803
32348
689599
971910
714092
889375
736378
259058
209481
318214
656018
351593
177002
564867
822501
498217
137247
572667
382521
243595
936475
695474
382660
594855
151927
472687
269268
605502
152449
714988
87889
741722
681330
176132
476330
335545
386144
109718
942929
867176
690562
963245
123259
429377
673601
817951
34042
789423
730099
51410
648549
342468
849481
890846
412833
758097
11113
970061
273425
134640
297945
606477
480455
442145
37838
514005
974240
476611
442926
177302
290547
937441
257986
672385
842582
235382
741386
66406
703712
816890
35689
891780
805522
704867
411999
309277
303118
412226
382667
387913
236916
492649
34887
228256
12315
195322
268631
751763
900365
936721
115316
387536
848862
272708
432072
735864
314517
759284
92002
423265
434061
565254
722096
322445
403333
355094
757913
382643
416170
442277
592614
556115
667953
352047
86673
573141
699473
699446
282580
682674
590448
922883
887296
159308
837964
580567
113462
792097
171372
436135
343524
14723
514551
483985
282229
691548
33408
728808
839797
696052
469043
217514
800510
108164
829700
763224
294968
834937
422208
789959
48479
172457
743068
169359
829308
635436
971635
237994
143776
166135
584814
192035
857598
69579
703052
850023
926209
101585
722467
298176
668126
688443
480294
328028
487636
137525
696271
569686
424256
130560
917139
690384
218251
552207
421286
127553
817135
165400
677696
519293
175075
879720
826492
631023
129492
806766
336465
530399
815340
298546
163843
698309
707350
160898
947908
663081
765403
202257
290651
971163
389714
219370
302947
550052
421863
514636
455135
714810
636142
68574
512923
609449
213332
668812
300790
344332
895530
652406
893472
119676
691504
528556
318751
729395
873812
530755
92015
747540
388982
932098
590668
776526
437711
404046
902447
627917
814496
747485
78390
739048
50548
121363
739102
43557
849445
135996
866799
616278
186962
333212
514415
955383
734690
152802
723279
866589
874904
969883
625395
554926
397218
212304
349834
651240
464483
669544
204539
280946
148689
294745
158831
683445
671870
231135
530440
804307
245606
868195
644420
53057
179969
404364
419962
900297
345481
711292
747187
225000
842596
635419
721834
553680
303319
54980
790358
107351
739769
107355
539218
164849
754781
881976
677707
531530
88773
994663
419863
127355
879575
877921
844566
241537
133923
304834
730924
961206
742667
684786
453442
289987
114576
705982
788675
911446
541771
962577
822501
647079
603427
222494
697880
974614
307478
500622
158954
664318
954157
251100
369343
653384
649910
785003
285224
665769
345233
902385
439743
492807
66245
364903
691339
98564
370164
390856
838661
461054
636627
163357
800856
170688
269302
109003
716025
989854
538825
33637
196606
965245
570177
289696
336880
768417
848033
150195
255927
230841
241241
158807
556099
986477
291015
921184
628766
621837
398735
956553
454880
74294
829265
24362
689336
133947
166584
707869
113125
662303
119576
342636
845753
603032
317611
23972
777772
853153
853661
74835
286138
275111
723017
295810
789452
809564
306309
895495
143381
948171
154158
286560
186469
207409
96348
891929
271219
568473
236960
879577
554451
502263
765515
287150
936425
984706
766572
322452
450970
99522
952835
689821
702767
283822
466252
455573
824457
543690
394705
207999
59480
342880
452504
713323
385332
857042
485826
869304
144534
401278
381548
975372
242581
17727
450823
388363
138515
670843
12990
564097
9444
520842
60925
227560
105271
892909
904490
428420
922070
435440
229447
366688
164213
876052
807734
154363
55302
562438
764714
8033
635329
697940
252077
139816
797891
912881
336926
310678
884060
257014
179861
208735
642254
601334
240067
61307
889713
921252
323112
738020
513454
530673
286775
155802
184394
286792
871766
620675
866322
301084
647318
371049
749513
185932
311571
617638
73451
120607
282690
21370
421972
329376
411295
311521
477485
502933
300739
570929
778474
870031
661719
540286
446142
526659
933936
563440
548675
356364
581468
7225
199691
326130
63280
759078
261188
819762
591795
641395
741144
554969
566656
227246
302710
366502
412510
576267
987730
817445
677512
640993
809962
53125
915799
983536
902416
217783
884014
747719
103210
858091
990738
159790
952650
853531
529940
385450
554484
783324
86675
644775
839066
171699
725443
701195
235964
164080
292383
269280
971238
292791
432352
125705
664087
620312
447854
415779
80089
128110
56199
696384
213777
314545
881512
836047
514535
913837
282174
227452
132329
216661
956738
729481
175981
698881
496409
58889
96552
360040
53927
879188
837393
913221
637035
356734
6579
833660
618500
4213
219555
738943
871385
380528
51361
957574
382206
482752
958771
604797
792749
169625
353801
528319
458069
852801
585817
594862
92719
563118
799835
367829
664513
59458
61625
618962
354048
253834
625067
536672
301043
658749
377124
197441
573980
972949
964118
414436
240911
768195
104119
221518
973624
354008
98126
396601
536437
846967
669641
242266
578583
413944
844923
713035
471375
700560
50498
454582
353884
792692
369058
858748
391035
447365
242961
625977
853238
872
554858
315117
165145
51511
257579
205918
950589
744692
63336
213624
679202
663753
338206
90081
131074
966274
575373
776355
620299
317697
489915
876698
189377
507718
768172
423345
586822
892058
652151
121648
570546
447575
805516
250309
783877
170275
284229
687615
921603
576552
17125
856648
719260
897185
723575
737582
525917
339475
664011
146923
41216
110619
680462
567389
894227
871535
569159
189064
823777
49720
670489
437472
530649
536083
59717
137881
480824
602504
94900
636508
762191
186641
59325
982045
301109
229343
52837
80353
624925
480507
475819
472677
48656
874176
822250
486522
856303
676717
519885
736709
80411
746193
82221
467104
709804
426333
613975
363564
381421
286811
68642
74936
590732
638513
669850
607684
966337
605838
578423
576576
731337
426511
534287
616338
693694
366815
758835
164388
204132
214471
368992
901786
963875
529352
496084
851670
586517
548461
5358
890723
498205
808358
895530
327612
638834
716951
349609
822095
489081
943177
198151
557143
807248
670303
266107
851682
853332
364683
138692
671258
938747
16976
606613
53082
909852
930242
667910
296180
392049
670761
509641
913050
585937
832448
622669
143808
118572
35738
290143
629257
420558
64655
623880
274844
765267
34958
328248
150569
541467
687245
455324
675963
868667
635184
940841
695196
237151
118581
984738
322176
493379
794096
257083
994206
870393
305278
282587
463197
34147
680910
105832
330231
672630
409645
405926
278606
60876
370897
226426
803506
730127
898027
953471
102054
900498
184824
156405
827358
270932
830066
356884
622373
572148
61956
719996
48300
444096
533801
807087
814117
882304
24680
889825
587094
964756
755552
649761
475238
821231
483033
200037
621498
881518
857391
490879
592342
760578
550261
582119
470413
676717
549284
790021
464015
922575
936875
524216
786669
522431
27646
373954
370929
370522
719644
827953
618120
8523
548500
183477
357308
480835
832127
836483
665660
414989
493804
775100
779632
330509
730019
626898
468851
578155
72402
760372
577704
889535
832125
596222
757038
177833
43496
45119
558174
263908
905640
995961
246608
632896
477116
83487
408625
267048
875587
885221
209938
454526
519685
39064
860439
712315
171748
25077
122675
732768
422695
489949
553145
200541
173353
437736
906589
611846
52249
917776
132217
735528
488580
345344
478549
789659
66433
357569
556858
153333
129844
873921
783875
558264
588618
765509
782207
269070
40430
370415
33456
784136
305038
240568
455777
132826
575499
88117
934620
554978
769003
199542
436067
903204
805591
149475
608978
920117
664224
453072
5176
688968
245112
178483
448617
160305
306988
599274
178784
425386
473811
139782
126812
773930
369421
433830
796163
913759
162198
539254
828698
19538
413298
363483
742059
70978
97241
107815
99032
654524
594389
872852
118951
897130
657323
68032
776999
860531
122099
480985
623978
479214
19343
995269
396702
913910
796868
537945
127710
448299
980906
209956
729379
822052
149527
471364
719884
156254
558121
307407
167968
307172
566884
848972
320286
380794
14701
500194
458362
249756
428857
519820
225526
704376
391151
621371
556255
938692
598338
746746
820710
352133
395795
267422
694942
328587
789229
932801
278150
428708
758286
202915
984254
648750
46262
110827
946536
959912
709307
79346
452853
757712
862203
914577
9443
538293
108290
974979
534671
69467
389722
806907
121927
214270
768142
387173
608052
377752
636122
822667
688805
522746
621318
27216
468074
438785
334258
83606
677196
708124
860429
669892
620442
917877
294753
383222
656607
440978
215206
331431
445425
192291
552631
601228
214044
8835
342610
263260
259474
635710
179088
474181
901377
760835
579257
64412
633333
22135
316314
884178
773559
730910
364569
378828
574947
758713
885460
57535
893535
503858
561001
565054
863125
986507
643042
240897
226944
539919
68374
53925
67181
575796
61999
754099
976111
479976
742997
2229
706636
303986
231738
429793
466106
217898
804917
59494
320421
937834
161815
276433
566967
835835
663590
32295
45259
509836
249769
73674
628698
670046
380817
895367
135525
768481
937537
298193
29379
945035
420983
417685
87456
945146
633796
802546
346676
604727
42602
804191
798916
102246
407223
120339
253816
258959
178982
926358
652436
703093
503686
67486
77193
577117
533348
680465
979284
922833
129861
417089
217537
971159
423610
887841
725319
297596
244265
767192
199516
304510
809985
300781
27211
959815
336341
363954
559115
566309
964104
861761
570425
215659
237394
64092
876326
459815
700565
802828
343593
162802
562436
456095
856534
309383
293600
927960
676990
224794
419362
183524
740454
632643
69371
308263
578407
17859
421113
155427
746362
440963
256493
646391
528365
995961
84876
711686
513981
518457
238069
681159
588528
505147
414922
177489
471850
106099
816059
816604
737593
437166
473797
430362
74117
827432
252070
61211
309791
765624
13636
72866
246392
346785
586736
70878
356997
601508
396020
306838
850379
474533
22409
166602
295142
214999
783652
215643
564409
130067
542524
148860
601228
842212
542434
828150
527615
325073
225342
269470
420840
374815
443508
662242
819170
363910
775472
157248
136600
362494
421566
421635
13988
835951
41291
201184
268255
502838
547995
350664
853779
662772
203274
482169
736404
418894
386932
753719
610745
682915
548291
72978
921691
223725
814011
232332
82751
732650
455240
121746
755299
931352
767886
346310
36346
650302
737325
452395
57141
503561
415541
992582
609375
900663
543836
762540
80711
67219
247725
388434
875940
286988
398056
307885
648386
356982
199597
287503
856711
705041
865085
15309
889748
985983
908529
603416
580633
874488
229814
716904
594583
960831
79609
92288
788166
775729
815340
280080
436206
588712
168993
33529
580341
87056
608248
19694
461343
608912
601523
378051
794136
788897
500394
282879
286637
365279
347575
962194
368202
785724
493289
560126
678174
690415
350281
456563
399803
876818
37998
751674
671850
546727
405732
319735
820211
249769
238536
391141
599236
302186
422522
633431
26234
458392
969662
186880
327393
911107
203267
297485
194315
634846
823608
373136
870526
672787
442937
432205
968503
748111
585268
46419
237068
187570
942607
366116
123997
512716
94588
426300
809676
308346
196416
227738
902611
974494
689334
426855
670308
236093
775937
7019
548099
804307
554850
432006
541550
916744
526665
289221
206862
546358
70845
192281
366470
12326
374700
691693
478319
632698
63072
769981
744491
560918
102232
429708
829645
152657
481565
854602
81561
85547
578908
295213
508165
879111
712383
732535
865743
785773
7632
101437
280839
840362
810558
541865
809118
971367
262296
920039
808783
322633
430526
906993
167845
858606
899053
814170
225084
813505
267316
578407
232893
913270
978801
124825
295234
911462
509246
589510
190451
405504
532702
765465
457729
565986
318626
827063
297685
175098
58812
741491
565792
78203
558143
143969
310250
573419
365174
196592
447446
654166
42072
362529
663272
940780
58747
566063
715607
332321
291105
440152
837145
611202
536113
294949
131799
906149
75744
278979
927149
558348
635910
448329
258845
283971
955417
186175
858958
995230
396364
72125
322352
416946
955642
328581
618230
767522
774007
735625
476335
723960
829318
920215
16886
727012
167418
44061
677151
322718
731701
828307
504999
590864
795865
177405
946654
299658
593290
371649
765149
931130
884104
138451
331608
325294
824273
501580
619751
426577
333411
195390
294969
255578
987579
308154
682055
841408
544424
670463
646594
41822
730839
276780
366450
36125
603262
937331
991386
344752
279892
74705
51520
630139
46197
977206
792847
747907
563495
527440
157097
239260
130356
664563
900189
765980
100070
391658
815261
76
99678
723648
663371
95503
809539
391097
58205
121377
926644
24337
255979
476774
324845
458859
369217
744262
749972
386356
781479
11911
700207
524977
901635
751345
401288
143983
580258
245439
82884
543547
259566
963565
588899
715977
289317
819770
324376
198325
34684
8313
232038
809082
7900
333385
935101
235195
998041
828169
289124
711844
949754
99871
673299
295785
553983
451137
948194
43653
861434
213735
809240
430398
814011
673342
109300
328655
806805
70015
838844
332753
724925
839456
469346
881709
598248
149360
117150
965864
216283
326868
272653
52032
458599
971989
647235
305109
704008
400506
574863
635231
496214
708760
443305
977584
752038
71704
434706
252690
2622
967714
519322
207380
337200
375855
983853
603311
301351
42004
788244
177513
587
205073
302434
270073
444684
213321
513969
992939
994967
139463
350470
58412
382268
847457
935804
607289
931345
26774
556653
280341
835446
332826
601971
857512
857374
574173
601535
158147
334483
63778
24971
767531
265309
68763
740499
993617
933866
367083
371836
798840
263715
521379
70085
676706
214925
890274
874669
126091
161881
727830
66468
313862
83219
227365
753887
335778
967966
126238
886351
523209
324989
445390
884587
920674
871141
884008
54183
544497
828024
959752
255963
122612
662512
462910
353605
15828
416898
675886
559262
431600
846376
992951
693423
149182
5518
683001
827876
44255
711888
833330
146227
981484
865362
265317
914694
767996
158938
238886
461303
826730
106813
784797
804672
573915
629731
910952
757604
821606
7900
888765
598088
810371
107761
893058
266528
574232
948093
300382
103284
634794
193981
82213
179400
804252
54802
60336
334367
542325
793071
839031
308570
780455
263020
349153
119910
149968
198186
591273
766551
301928
553868
232911
224021
308804
850791
332586
852213
459980
179672
177992
764712
110454
790795
662800
343204
710004
839502
80005
273821
14595
511049
703739
546231
819780
1409
119244
493345
635392
348334
982738
613746
871800
537898
713458
821087
617119
163428
883770
955546
640750
235871
312872
329978
210755
255124
806654
675362
88017
187709
625504
77131
2545
38628
694664
614277
491353
561098
268653
299489
674182
972700
408374
77665
172191
511995
353964
128234
531103
936746
69337
467828
130728
92204
912924
761747
315615
881843
424088
952407
587444
22313
942811
901974
824363
279060
261532
440847
959321
57971
167421
887449
618114
399206
287854
916466
53943
281455
416480
850633
690038
485252
35457
442976
355382
145963
234886
930420
521744
762956
379963
52541
53073
353005
128278
957784
37959
739356
304903
654957
117467
685139
526455
482946
620576
391160
95770
432558
778020
506615
892469
556726
399276
621808
989446
675062
15621
554537
348313
403144
50090
513089
476643
240795
323568
432497
426279
413482
767127
326809
656272
446514
357324
197342
989965
979897
517485
401463
204422
921233
653211
107960
652286
265096
78093
26411
474054
543997
403368
425814
21773
842837
621740
596558
450442
252027
83104
935564
213337
312699
111191
775564
725818
326697
987292
942977
235382
25584
960176
206686
923483
100940
18367
464808
667190
36857
38913
873661
807986
456534
166482
739227
314488
505787
332734
627709
649293
365219
774016
329052
558262
694621
869341
678576
340511
6333
661338
619205
318658
650817
852429
353592
747134
249733
950803
580318
563850
61098
218043
76445
651265
315699
129603
267424
333030
103356
309861
41076
465889
229256
934874
915053
29935
846725
667419
804612
216862
218057
343623
554308
80159
765380
838487
470061
906316
719868
237298
780532
95744
862208
574525
572870
164805
48768
377017
354964
982253
507995
731724
908576
829873
680310
241628
537869
134474
668924
733165
751778
759717
591884
433865
429270
286360
163792
972447
215885
499802
105162
273338
407217
844527
667304
142783
752512
190027
873552
744502
573941
983054
297749
519931
577439
884769
886169
965575
718783
631483
278343
844605
875302
664424
906872
823662
31797
929821
102990
399440
778455
432992
76326
870009
275106
811861
33138
160957
230825
90771
4533
693787
584189
646719
387122
412625
992515
875106
941134
902121
735136
817979
223515
393749
74617
12633
486279
880818
471170
137231
862183
79790
753885
939612
897005
87772
300740
332227
139284
37579
636707
593476
274353
156054
970581
970176
434947
556574
236691
235045
64213
588594
124911
331453
191189
326313
410063
126639
610814
652212
701211
206183
256007
325804
123591
942894
13119
491905
625054
232266
978938
913747
705861
254802
222132
462494
866937
142991
342693
311800
428719
335238
428052
561232
331993
305228
698566
878006
929090
410758
705161
355393
116246
447058
10522
809336
617058
153785
747450
955075
123453
534998
478755
814128
441225
848314
466963
141499
499256
831134
342165
409782
903620
698013
204171
85174
748521
106449
638008
430212
387638
993400
980911
381291
623368
189869
404220
780668
599467
930164
699356
289916
217942
443694
742682
893870
477640
767052
530171
842187
71730
548011
31079
52042
729866
168029
626098
433396
822672
724248
953676
91018
186373
514391
647048
11081
986211
78206
535522
749845
830993
333912
829815
516092
599450
942539
680972
805227
774359
292210
248489
2160
226097
249374
198809
180429
194692
569033
582384
993050
247462
700816
967879
297821
778710
57772
65482
96329
157461
501182
26347
195405
913943
491772
973614
956556
774290
106648
791667
375619
458158
551412
552060
645082
596230
32128
183895
222292
430650
113470
935511
405507
96292
971437
235022
360129
207711
529
157807
893989
260203
616929
434268
839908
594338
100083
765588
12117
499530
682884
781172
796050
15484
882847
57081
944545
109143
320891
808550
506448
585724
57799
236910
466453
247211
418549
280838
474306
664261
564715
575396
489420
606462
477981
544511
496690
609467
684825
673852
495727
223479
976776
470550
875622
601680
920272
886385
117825
300669
270049
851088
697923
502450
811652
223385
432401
539603
949055
252110
972513
659694
979758
439424
408144
996945
146124
16045
779100
886223
102533
263329
391930
657363
868514
488351
748047
901958
594831
872508
627713
806211
443423
497247
111458
206817
505697
859480
725445
185092
155667
462255
461712
409518
784027
213369
551621
907182
647161
890470
391275
993563
336181
588666
721056
686128
86126
631688
474562
451238
875785
407287
880697
745536
555115
462424
167723
755201
114290
445253
721259
64676
616390
200661
743348
574784
769236
835844
800320
895478
586785
970817
695137
241513
441534
125256
372377
821864
547740
233697
812801
37079
446977
595550
824349
853938
198096
863908
263466
140079
936913
250746
401576
448473
612118
692523
262138
159756
205195
627107
39943
324450
675492
582727
161707
835207
826517
647997
592570
187566
763576
133149
289158
237295
180347
547476
523000
792779
879112
140107
951465
219116
275715
636653
955642
55790
593976
156891
398760
161735
751330
136315
399545
446388
228704
568423
320874
217080
510535
231267
41979
366837
827585
629958
421153
29237
605470
615932
389802
360227
40424
737097
821322
556181
987919
687940
991575
665918
132728
670048
834724
68177
357423
98444
481621
516029
127083
302089
914621
166979
731804
83536
864973
591313
537638
593090
326330
972197
967082
847365
918879
336160
769040
685624
535691
60901
52926
373168
398986
470224
656929
287276
383084
48417
457124
432609
614989
689299
10028
629654
680580
814641
913910
853318
725734
625275
356521
82599
335546
942632
537580
990182
850189
131072
885439
951445
6329
352826
546140
955824
866518
260968
659331
184382
253724
759845
797649
832797
936599
236729
881291
626996
917908
662564
688167
676479
618595
565638
708228
543728
69232
517192
52233
520087
321279
39528
933279
353105
915943
181776
533675
359291
21166
312685
342891
600282
301928
305938
368980
686275
101037
190552
478014
158258
221768
835910
476670
20970
194544
940488
808057
981120
744510
257740
397777
807141
983102
924509
22574
791728
470143
803552
243563
521770
723383
261381
750334
337018
28493
198451
627018
3109
836779
323130
441821
376790
657882
434428
434395
462753
486118
474346
981955
438293
812989
871857
261744
695378
614918
804189
307135
378085
789665
963583
936623
340300
872624
888897
682309
359708
564963
385956
787309
603928
925226
849997
221270
705363
314876
867785
266679
785370
557065
546652
916686
370653
483663
227403
233674
965163
909375
293665
558253
484601
500843
821279
707713
89831
357617
220896
668298
488829
961500
596117
576272
40370
521196
804321
461521
60268
814971
207651
7169
959388
884158
366685
653483
640531
209030
771821
379320
498192
780785
715738
554376
453687
571761
794219
574148
864562
130951
144274
866236
232444
552670
331276
765987
866274
947962
456072
909486
289865
573333
685930
742559
167425
453641
107856
588114
860307
873219
774620
996270
706042
475157
793177
753380
341213
43498
368
559785
211412
867132
787323
875221
500953
363233
916026
617983
830623
459147
700709
832501
863826
700547
218696
230234
673854
717345
422070
570366
466362
136748
685158
203216
44390
243030
781598
7208
6505
575219
472658
32787
119495
84236
30542
848303
686636
842841
130550
687336
674901
774821
999810
298842
710987
443533
471651
117001
183155
946269
354029
643332
423763
386119
442990
21766
213030
651521
3651
399690
473628
239481
438719
170027
824912
939034
165608
9350
448074
561055
529482
299596
371724
728556
102367
456457
739365
710717
7557
654039
748519
308279
198742
943225
557442
328354
743068
427454
827754
837200
462478
394040
399634
237281
835308
754199
993957
753192
418195
984891
461067
280734
742952
110984
531457
946550
810153
665929
518779
693985
329829
845046
882476
209836
163969
664909
774688
668531
365151
186633
228619
457383
410613
936538
950640
912483
958694
133519
352639
476131
183741
735228
723980
66159
586727
93820
469686
149811
147466
858649
414795
561187
389982
809689
194496
128785
179974
926237
17696
446852
741045
82109
397042
118907
216397
858864
166556
195573
916802
179749
163987
114832
494218
119187
364417
736719
587211
608288
565254
993219
464799
788913
855184
793982
726657
33512
675395
560590
694789
704156
963583
994215
388847
963057
412717
608803
671320
305411
764238
529155
2535
799362
126139
407544
819277
310033
319657
584307
68877
585056
273220
471485
174200
366837
933167
742011
866814
652708
478080
466116
998792
269492
9095
296918
468803
46793
819828
83548
954122
141582
528263
53984
30426
579364
570671
808621
53094
996533
125122
295598
542263
315798
196469
466297
168313
170447
41938
125623
593548
283836
939109
599640
792364
656105
333923
36364
260194
373337
576360
915313
445852
943009
830911
272600
887351
762518
28725
4889
94756
963409
217056
202227
490836
803090
489204
58429
47174
28728
702410
461308
451849
129708
53927
448403
579108
216613
616380
681181
525969
475881
978268
175826
55697
466152
949196
171131
859422
647127
740527
811750
376779
256458
240307
421057
236246
433446
387126
817346
523018
442033
606734
344184
862335
988046
838618
616464
150316
211822
693286
188812
507259
428968
644911
729387
453072
101452
368651
302630
273641
705409
240559
410656
136843
102255
558397
645906
12434
539665
629720
104625
327074
598827
727261
785888
937885
457018
64706
685532
722243
247825
132552
102243
797719
440006
341030
458137
73073
860753
148627
946343
970172
415253
228082
726683
270777
31571
902414
199591
459243
757828
290777
370825
922996
19761
994428
325412
583831
656290
583791
108956
258280
74929
140171
911453
145112
45006
780408
697065
468758
790479
504484
417459
303345
228734
953899
58381
945902
210060
236980
606922
902620
386264
127182
603453
475911
502929
684957
646640
349783
490637
197365
92604
867569
210769
784948
881735
884964
218183
67518
874683
910691
430391
691712
74602
4622
448360
974461
713680
178925
180100
954651
598349
517359
960716
519712
719711
708343
540565
666007
854483
472296
849581
955313
672703
419658
830973
607762
782102
367106
131272
80431
214244
112041
117813
399969
954497
188322
660911
921989
413283
452572
594399
670489
871247
979871
137526
735989
286710
18116
46818
108177
957693
856138
467723
843938
815863
136126
908454
514926
853258
577119
526423
856707
876695
579542
464611
494702
627310
784824
590158
715490
79196
527782
366711
156302
915052
586759
994
69859
696938
565200
495123
270031
911740
909084
736978
69947
944731
758172
34418
467410
314196
685284
233871
697318
355466
98137
92814
233096
946669
561352
864859
126260
368392
359884
73481
365350
935090
230220
322872
860950
213379
301375
329379
710692
528957
938594
734968
660762
411119
162169
364182
284776
837897
272029
336108
789947
82020
580139
158085
9624
595216
98564
521768
682133
693483
815247
743492
178348
400112
493762
281903
797224
902376
20514
655235
657671
216562
160657
535920
784839
687926
101188
324590
726223
535907
994711
194574
500866
515111
257476
746793
379292
657579
855817
4472
19926
36755
165992
210594
107481
742608
597686
355198
491267
400288
593079
334897
555567
919455
195855
320013
689107
342540
51382
287376
887735
948757
872611
744851
733388
725022
131976
496603
639770
801271
641587
324941
866356
933201
465337
393790
171127
269384
669908
329969
779071
80552
692001
796447
220181
530325
715206
296614
557177
385417
42926
694527
237853
992649
599171
190718
328516
343570
280202
158611
767256
913464
270244
217288
376291
181575
208606
215348
190762
90688
695200
299567
997994
235211
813700
519931
153092
409659
500566
160338
141110
682820
990301
263973
738533
786124
724010
194096
648640
418770
325385
922596
926698
310449
484202
440746
613710
511732
203769
74570
658215
941871
663998
817329
203174
651970
399969
718968
267871
928408
113912
486939
745982
876751
604855
996390
646872
214359
120461
270584
404929
159881
711022
666209
313114
280418
842495
135971
296179
678915
826742
494997
585590
50652
850995
583083
952570
887559
997182
30599
897379
772832
155041
327135
202431
788332
153842
964288
902598
513816
399466
649695
307080
188829
329668
404319
534374
845777
503064
468595
349155
709774
980956
723648
135135
886628
292767
845547
849503
118036
200874
570789
904330
114751
974105
879775
765408
537236
858384
582499
794108
742397
379869
537764
62914
722283
538952
769430
917396
866781
388127
509356
141968
995201
427179
221500
755552
96350
792193
331985
13240
213205
288374
332704
131781
5330
985909
298340
847086
857139
781816
957846
998851
156806
829769
379706
26648
527290
275726
724436
342999
188597
717035
943322
205079
411197
215698
713277
233455
96567
6195
640324
915143
62656
632873
419593
996973
185170
663081
628586
729893
701764
290409
181678
842721
408837
542631
622255
374802
706479
614989
208784
290936
25183
519640
812473
207203
715610
756250
689285
596354
962463
631081
137883
994995
524346
576438
571231
173324
746187
58147
591460
324549
598886
389054
927814
25382
939467
89038
837918
230981
827812
759610
674104
584747
844946
218433
427504
86318
409286
850672
709235
171786
493489
47293
117495
628107
864940
602048
383822
706665
659000
852312
766887
359251
315046
238911
756236
87155
595682
454407
671978
424648
379934
719137
922998
913163
314244
537881
739391
755919
637967
742154
742150
646792
299505
408500
109660
953397
900155
783410
638435
860028
361962
904730
927372
127112
992305
957904
551067
249411
4089
844323
422664
144072
774006
979947
984954
691793
698309
564458
425747
969730
46021
282719
264547
113644
391571
680867
744113
352745
731355
702821
466161
915437
107919
160812
707328
591303
480090
877959
323850
141086
581583
379967
958984
621123
864613
823570
562426
149418
60802
345002
311583
147209
329047
48141
375762
355663
349718
199912
696849
803847
358667
315615
205353
556929
372599
593330
588585
736778
425739
941806
562629
654971
536142
62537
852024
323226
405794
490340
183973
603894
311061
81173
73618
308583
427614
83329
315651
518142
370667
338892
342020
432279
537586
784166
969237
6267
319769
412023
714683
363233
740808
919120
360205
805256
581647
144667
376147
414900
190225
224533
3139
566309
580463
831664
932307
574779
737657
928408
843654
915409
910452
202844
246305
733018
432810
833746
259247
519630
479928
28737
240178
253644
317917
170477
566652
751875
194998
577791
276811
325751
622417
450456
423521
612084
342032
287122
735073
403258
791043
333195
328348
428502
519003
789267
30426
211163
640334
551620
836296
313096
317404
473544
880449
121746
785826
811394
186105
354493
950094
809398
48913
751110
602491
586118
754512
763045
383645
246089
956705
600218
528073
997341
824952
713901
634266
726708
476358
958305
701582
18349
125063
726597
499151
185310
184882
357751
471921
814910
818221
828035
971926
616224
324949
331262
748258
17595
160031
49205
224995
76675
525320
88724
726917
610869
379156
915098
487289
705201
632758
941390
906978
125271
117666
608045
556045
754748
776840
639264
38247
865288
227056
762718
207517
870988
321519
223163
376303
29448
64665
401567
649603
639395
367133
734869
183862
389857
451053
707947
706984
431884
383395
919290
435211
966218
626726
851161
385661
141085
279916
346363
297713
233306
146058
601893
144353
68186
608661
765515
780013
908785
666500
395612
898942
967021
173388
258982
129658
511318
872860
853670
372508
218739
97911
313704
226932
699585
828539
794252
485394
310262
447994
335756
395066
687555
468544
169255
481816
506271
689445
394187
59788
886454
665275
14679
307384
237178
77607
322178
976872
326300
307043
418621
416153
439351
802308
12948
305286
405305
647919
943591
96543
75049
119178
358705
913385
910606
962801
479759
649613
469407
366719
469318
786038
436923
285736
675752
856979
949919
347110
877256
671432
334424
422430
440372
398407
938542
75415
962131
6961
170582
812614
829977
549551
959217
250362
334673
717693
144625
12309
917996
585770
920039
391571
24269
150765
594424
900218
840051
437918
24724
247211
833024
276683
56737
431571
148493
87936
913334
489059
603290
559179
118144
491752
558921
586405
659240
876956
137111
416104
432240
472514
594811
597055
452141
842483
231207
252087
327276
165935
869695
650175
852440
799280
90773
679084
18466
414053
355489
597411
935162
820816
197333
259365
590697
667318
207045
946765
85434
406699
672211
596481
785611
815989
553905
270895
280124
813855
464937
158787
36229
912078
867356
324175
495018
215168
802460
675138
818202
685236
476395
875467
375139
31637
370614
306972
225681
759922
474255
543493
226377
767609
427305
522812
199528
42254
599183
372773
521901
712328
796291
603814
9117
225660
265108
679840
671777
829198
565821
325900
302670
546935
25445
497479
539719
511567
311716
207573
431843
213689
702561
976573
869427
576029
560370
995990
433803
277394
389241
3352
533503
10314
965521
343609
406189
229653
555455
650862
663289
864879
111683
989537
866924
683827
184289
178147
408702
922357
774368
424141
81108
364999
9639
375600
970867
870917
532621
837584
970012
180688
978161
80998
975199
761062
721090
169066
839925
725243
486261
737071
498845
616835
990807
902546
422028
856957
263757
977017
914293
205466
414497
453856
462402
923334
598764
302831
373073
364892
437686
524151
52829
183073
234559
208685
590462
937180
474645
569302
283981
931997
594757
530499
604611
243665
127864
286705
546824
556226
646207
628408
443784
769438
843786
835656
519910
650451
876826
