168377
167511
129298
184918
8403
986264
339780
842282
982068
49937
999652
294260
310247
806444
504560
549454
209797
582818
133288
900608
795237
241261
975911
453239
985791
316999
648472
22634
43041
873322
357834
404759
422739
23979
893606
630033
597716
558298
311312
444527
37042
952776
370915
172846
105905
918681
784125
266406
242685
534545
502737
296938
472130
593856
139842
822363
48827
480570
982598
299417
90031
74298
421096
100230
824892
478120
466165
647858
60804
808788
295952
631712
859454
625994
504532
970283
641664
101622
220145
271699
673503
225663
155130
298903
375373
315403
307217
988861
92724
249687
624301
890692
638189
91611
994904
909146
879393
102728
313318
297232
680680
16407
839892
666246
323220
296068
291251
941789
232072
911421
158696
579578
486913
489197
53268
73110
826768
951333
891264
253413
157187
19703
974087
324863
304818
894939
904300
259231
740326
365797
239060
829564
855086
862801
588939
616679
309885
297590
945883
28823
999276
549996
159344
799658
113327
992131
724512
461543
405406
692200
576680
731366
744537
53825
613013
761176
769939
279611
131979
892894
819882
788964
912934
81093
157975
460287
643779
949640
72663
518213
644297
600783
839503
537130
130241
161270
260738
509963
676958
267778
192352
355651
153072
348228
924684
209109
341512
740635
927747
608644
371951
557323
73516
745448
143139
790870
336054
284959
214078
1702
605385
292560
860760
699347
35564
954538
356787
597526
956691
172466
257880
112961
784011
162208
281204
51318
760173
282162
469260
317950
542794
927985
162583
784917
541439
430946
168584
606130
137796
28805
857514
794434
552566
987502
10471
307981
542183
455184
149211
822321
80554
9723
198653
587399
265908
123505
265972
421488
375400
124044
685950
621508
982466
885490
735606
278586
421306
978508
885545
160478
308630
899444
114330
744603
949254
204125
121044
799481
151928
286797
965081
551953
889303
151138
293285
184888
472290
948388
446719
620019
934485
699887
711869
2581
246210
923350
960350
217693
170890
119377
283179
568473
71217
82640
920417
616040
43843
573306
524205
982245
361338
135572
604056
294256
637653
161797
554227
151547
788993
881568
250388
48145
150477
799572
219846
12238
630845
346404
207346
941328
884472
954562
319245
348677
334232
805192
538499
777825
175657
547852
175574
852727
119195
448364
704271
65297
596510
421455
217247
877382
641782
729779
333453
49907
753732
892170
183771
699446
300102
263301
599903
296746
149595
315997
339607
259620
23032
521580
220783
916304
73862
171585
800081
342216
456972
406584
375536
200680
981106
919111
217277
985811
134012
495833
823867
747432
683859
89633
619252
534528
718330
803412
966955
128309
576714
999699
848028
661446
28485
828463
757932
431685
19840
412314
173568
379174
833706
534908
751295
705869
745140
498792
410973
349696
199038
427149
418024
336818
995351
612240
827854
490617
557108
451116
489778
899340
130196
449495
807784
728716
334484
910715
717880
883085
317131
827619
571351
852370
157180
66863
168410
151690
746561
464534
815412
360945
790103
875942
240195
740010
759903
697162
287403
783660
264948
75223
733404
600311
257512
20004
348668
748198
754828
709269
804708
617356
808616
302287
45582
570268
390364
288946
565780
654372
380837
583455
293605
475135
923892
835838
67527
630115
449758
185651
742709
732456
236914
262372
184709
925138
547715
152491
738324
303379
353501
467336
387414
586452
781114
92997
847432
664326
671772
239744
361436
346007
406888
479819
192672
614994
326159
875318
710113
385442
873685
232035
516684
703262
277760
575920
626948
371199
125790
28434
826348
473349
423110
263580
244186
905963
430921
165348
686821
452139
604582
659149
266260
618120
478673
139438
666396
911136
417976
396060
99030
612932
286523
957638
899837
759371
862716
230112
712423
249423
621346
230238
164694
273632
925686
121787
16687
411824
473493
159342
476635
843512
619615
129252
843190
742512
899025
477116
759781
184285
493623
736431
132651
865514
126745
697990
389205
425890
169921
161545
100164
360449
262795
461152
811501
223420
984430
480937
238628
100835
714887
508648
530517
293987
678118
949374
588618
69340
643364
353154
365404
382342
615047
193244
986781
403570
264243
810580
370019
45585
759913
785858
579832
564898
459189
370580
639636
231723
435215
488166
877499
590047
187345
165348
163746
52584
129877
522461
262264
810610
205512
763656
244344
404713
78250
13673
859523
444818
103286
915996
472607
981687
959112
666222
855805
511862
351237
452747
713431
104259
547933
363850
961247
812138
150565
348299
798784
444074
820011
199513
39237
756157
495462
210328
359955
275259
870443
345835
634262
337913
471843
385193
94172
262920
753366
625696
814213
631080
236851
824787
901706
127702
721619
732435
618434
128987
452911
808575
664635
967225
749417
547733
59523
688789
895417
666148
998442
302904
522882
951735
145481
710970
210798
439248
719037
576469
683940
479631
150586
186473
11093
355159
373718
456985
882844
694302
484225
517662
759016
101487
988987
434658
65283
959927
328198
855412
542527
66800
132131
417610
230948
957657
670267
659559
969370
429250
617591
423330
407005
71568
467021
939384
647523
205125
855152
202769
723801
817300
995977
2163
652736
824194
939269
816931
999652
842552
390977
816964
773624
431510
494962
231796
93469
574283
413575
113131
479024
755594
760712
451336
599150
179083
382073
205241
639912
155810
702703
916259
276706
691781
81264
234827
930472
111332
857287
523152
741743
371930
339903
846179
155560
515290
514329
689611
826951
853397
481800
243470
427243
317767
119308
419694
112590
72743
728667
409826
131512
826565
5135
178619
519620
547034
727972
606275
874868
520457
615145
946109
986737
599365
465229
589549
358873
910962
825860
440660
367217
31109
897482
564253
583134
558853
486399
85659
637553
732054
451215
24540
106147
335625
572116
286070
980401
389639
609753
544181
579819
909631
317435
167810
266509
637953
867032
669690
5528
890610
142842
75618
156162
705739
146245
166914
896197
725413
67551
239573
657012
508370
252428
697110
530602
659406
176554
756450
966882
785226
385368
711111
269749
176620
972961
481047
711266
569766
991851
610024
659827
238703
693434
835674
544278
641992
790715
851206
643379
761940
750868
807575
441943
827522
267369
812273
814378
691653
304425
454632
471073
326148
576041
286980
636588
782865
982884
645168
828891
380788
745518
547933
359068
169489
338530
831444
694753
567352
686652
146301
882467
642489
336329
655969
3550
547308
261611
521367
728862
386211
134525
909470
714858
962830
154326
752884
766190
60353
269940
480296
820753
118039
164956
805416
285558
206738
379804
878412
36170
55731
747025
143573
37567
27675
52365
515196
520608
340997
743985
638359
777647
247249
74486
810804
299236
826537
110493
257556
744866
348856
124850
72538
451692
714069
188008
918779
338942
166731
236691
118773
92359
161680
2556
186207
127315
735543
43568
901183
467007
553732
288199
140399
124535
97478
154425
836272
711687
551953
65230
541675
666403
371392
180255
961399
200113
813697
15000
379429
623564
30262
334491
814343
62777
167853
950744
470407
870192
877110
535759
919873
712195
857460
63538
757196
733051
47803
579493
393013
9041
96736
540844
660561
678500
433788
655804
841253
462755
102876
726277
185215
202648
972512
529961
673647
304531
410286
427126
728465
564119
584512
173852
377045
642663
239692
476595
546270
569624
337412
745042
411639
211788
748498
608741
685923
867420
819849
399173
333008
494785
731109
998140
81894
729044
383102
332768
664008
32494
5942
364970
429492
174485
337007
285246
188771
702737
464542
901806
503188
841520
470230
597455
266367
952858
210757
962966
695576
669840
269641
194978
247662
228293
146554
592226
938080
150617
252162
559482
273195
754490
906540
70011
530239
140285
753457
529492
843502
17949
830711
949244
690251
934300
33126
979282
157616
723669
68883
917454
197602
353289
747825
632835
757622
117210
767690
846951
98520
547464
410200
84509
125942
803003
921709
272920
590173
630631
692139
958182
835995
795275
72566
199126
590011
122100
110783
596173
840740
416529
649069
593533
706576
47620
385205
992491
919146
30450
178105
524791
795389
688097
858623
186510
22930
709178
136302
848239
334695
782202
5974
657647
917240
551278
155078
342620
753856
617735
985676
100482
631020
500693
190338
328305
120449
94936
620863
58519
346161
300473
781623
23510
82932
849786
167119
513487
724794
342233
238987
757239
889635
361374
679576
953009
471551
617932
410620
205735
556446
982972
809663
675555
960734
712353
816115
415700
315624
639285
470836
626242
385908
670936
138034
20523
670496
50576
27830
271544
895871
786438
623844
291975
575547
531518
663873
481470
424754
42497
203041
687652
494000
97579
258572
77336
33109
811398
861716
801109
360563
980286
668677
320321
291292
622870
480119
570194
814686
364571
112113
263076
983658
871978
310931
322201
584756
892710
514645
214186
626661
823603
604932
821086
270615
677642
637957
954374
975787
91521
673036
372069
249855
111170
749427
57317
146529
992739
767204
12179
247348
425049
301131
606474
929323
553640
680455
962886
693830
387570
74196
860701
121246
629691
677732
257112
990231
405335
675836
144507
677113
929730
941368
556217
664173
81931
13611
821151
298074
739153
492804
90375
332066
707756
652086
376068
776497
531273
960937
960719
414850
81243
604540
908641
682351
915564
196850
885131
584845
585319
570045
477264
252554
983838
424766
383101
544740
619531
636886
42829
664343
595135
727513
108509
664262
38994
134208
974620
454400
762326
303506
715814
795476
914056
593723
543369
855783
912728
681682
684748
40029
89058
154966
759182
778517
782996
194084
751953
622428
552134
135844
905993
199795
21225
657439
5807
856034
248446
770592
626838
696017
770783
859914
100105
592761
422066
98012
181517
69248
621844
122846
420258
361630
112321
613200
573565
819711
721536
59446
641166
546776
691161
734640
686708
684919
852046
116119
382666
658463
149664
918440
962189
135079
879626
280706
410147
326059
93618
53212
985944
281493
886955
145158
592364
280473
164457
74503
447212
983711
132482
19532
927932
347006
230122
568703
983526
753225
307217
788506
106586
299514
103244
568752
897308
448820
9023
691603
245676
773410
116996
493209
34155
686615
725913
333072
434071
755119
866402
985582
457213
498300
161680
136572
844462
150477
987033
581985
891479
548272
211047
997211
800689
360523
485439
265025
307700
634379
874366
275065
830531
598758
272423
232463
728798
943186
775093
827828
793785
984604
205266
712464
282962
622235
170543
767935
287359
435037
74827
370693
586633
778566
860534
316129
90945
505811
446102
839526
163132
385850
81645
187004
43484
438849
715784
267798
742858
270070
701403
745417
561726
481337
543830
107898
292779
422200
848411
892160
551264
717561
768885
389575
440592
238345
534314
104009
580592
818344
784688
68185
731895
356995
641144
727036
869351
318390
988340
461298
301262
72978
420989
852634
800565
775811
583262
484292
927843
795863
545545
26540
94933
822861
952182
915964
753412
382372
535698
235428
114812
94485
509245
534387
570248
727130
670350
755258
66463
330013
813619
630434
536412
506784
719374
878
127265
370132
902883
703378
682152
249598
873670
649708
286757
796290
349108
630498
16814
163103
376335
360424
423523
309187
468417
70204
376334
213266
810769
315911
923595
591928
109025
644069
546574
491685
505940
845263
272061
504572
356820
349801
703054
664001
969825
115332
683741
209445
91979
609548
164612
262023
676361
580120
182837
508454
941476
890845
434235
117442
825844
970299
859179
656151
470619
904414
762211
763685
716778
438543
680529
905887
731420
37012
900003
612576
584770
554858
341132
498086
803603
844060
850168
625374
709316
688081
4263
116085
471047
250605
754045
163684
652592
430295
522448
137315
906297
756289
690024
327
732891
17496
425170
231727
731429
281272
629978
389674
676621
279323
295249
78466
720444
438520
691116
79836
345974
983786
96919
667225
290499
211389
627518
951573
942266
907612
705503
699347
884707
641008
487669
51988
854842
789452
168562
875713
133098
105167
87316
341373
196487
761583
103414
821312
882020
207931
556590
111438
121432
722313
16092
766354
123941
15722
558737
258203
174049
842914
71419
878
550809
819148
623437
354160
706623
981789
853719
952935
697280
663288
216008
18329
236621
956536
715797
98307
301148
577324
810137
977141
789628
532605
306979
925592
463168
37401
534833
10286
511482
474901
206594
925800
986167
536505
163032
544502
589593
918926
89633
975291
545469
705305
566677
250968
912838
169123
908259
927850
167332
546161
778179
14455
874819
529385
813073
615513
722294
186135
318754
652189
206006
586652
18874
247833
895166
645716
959112
996150
773826
321581
991378
808599
963840
756048
796890
613479
867038
603805
572637
566595
112264
664276
945145
227653
332665
551076
169698
914947
682538
120751
585016
914300
257358
250869
177013
158040
262568
382332
58428
213179
19239
116082
808076
743917
674848
422961
514526
550555
490358
285435
593251
304878
849801
350861
374571
421945
168996
742517
451037
179538
669740
428727
461618
353104
651311
74626
444987
677320
665178
917232
791052
869151
123512
613364
892402
319142
859709
52503
22634
396679
491803
223144
124014
569202
663926
41131
492626
435954
887732
31457
198329
163785
891391
310809
222380
598088
727101
886612
69579
667535
970566
373551
935737
893654
208820
691959
560562
846335
430477
549574
551297
12051
595406
836224
472217
691937
487741
501129
698309
353192
425063
868296
606861
967211
463837
276959
501463
543490
68625
491613
17625
336403
731418
232982
869098
342280
399619
482209
927579
121406
891174
609861
93658
950444
294435
444644
607712
474015
274139
77485
454528
165395
270830
256510
506540
659657
395817
736684
87060
614361
862154
494922
377025
736633
944403
209269
303119
357007
669659
701055
582298
913271
568801
281502
467683
659295
597538
670397
719831
197373
890028
249087
242329
846768
230390
984692
796455
83059
453828
598299
200487
857678
272546
962177
39986
445966
552420
991745
913433
355596
400535
991289
225622
394280
327012
817834
970716
396505
306989
838789
643036
13522
901823
10244
324776
91578
254350
513837
749622
296250
108747
583229
8041
516302
849226
887507
615273
651029
273399
128556
525494
870354
8026
652781
338252
601960
239651
545905
439632
671024
681278
609698
816876
735304
897881
616687
180585
21139
760772
645833
713003
885754
663539
953009
218683
457971
512849
732287
260450
508603
882308
785386
78949
505183
38094
655174
940628
854021
650477
323714
235614
353620
983999
879870
964382
877078
570481
290145
97373
40425
453147
128873
344713
611849
891895
627211
110760
324097
213495
292932
79602
212011
171114
62403
229851
239777
300480
298969
751769
476728
620177
952797
637752
833607
387051
17581
835401
282634
179532
755630
551255
242298
885845
572734
159403
86330
735440
796582
657556
377023
271133
172745
514687
536460
866571
190424
973177
335041
140995
685294
54697
824206
550269
300841
810535
489736
724818
822298
950210
258835
251755
428806
432387
346807
370321
357466
421832
106624
646746
663451
979045
562967
570030
644667
710608
309443
804809
271478
844496
814269
607339
705319
610212
697287
745448
938588
596761
365608
957767
304770
826747
285002
787446
275363
899378
610317
47201
40467
173393
639221
12993
359041
193538
697094
392534
322809
333886
609928
422599
839432
623419
23904
984402
437943
155988
305707
785053
261326
138362
279773
692895
916315
768436
95325
96002
294683
853907
535061
812651
145478
439800
769837
934233
124043
605590
725061
48273
747667
583511
618497
121770
270226
352281
643365
214127
361806
75211
216535
827176
971618
318298
17096
128987
95667
413468
882714
267550
128793
660558
756259
1943
714260
767294
952953
922909
2635
291224
240756
86222
283619
873764
471008
267079
682070
580787
646240
865222
696595
172408
164316
508710
156667
259004
671503
698455
760388
953532
653785
572691
875425
931472
915796
215064
814765
562013
665851
844141
348763
957302
958314
303364
955995
291982
550555
260309
29508
360165
866542
530628
434039
323632
751892
552927
560414
201923
206839
682388
636608
914450
34334
18497
443991
144970
484078
766748
618062
821200
480641
856513
354005
530322
380411
468802
141471
652126
204127
199911
195948
461634
37615
212911
764573
564985
825310
742931
868875
93458
677281
662517
293097
481665
224414
469091
593802
159026
712372
792617
165037
329451
154684
795870
514003
782539
999094
465652
44186
391017
841340
697999
446108
666010
4864
390299
643441
643247
481709
271849
405128
528844
490463
534607
395644
807325
491483
344474
170561
810913
942131
778371
17735
367031
811629
762809
868634
615545
68011
664284
166067
708967
653627
897382
643603
975926
855924
47971
918682
429832
916490
813289
894266
34002
612442
162504
322888
562640
104015
606852
627508
932143
342904
301285
656141
599234
523655
108726
740338
778423
659028
188514
737706
311198
896525
229692
924694
868827
496712
648700
102654
412836
370977
352908
57561
848179
24480
175064
684429
266935
740085
101439
394180
28628
449666
520714
897288
471824
927663
53233
909943
690558
509592
487196
632289
569734
159955
205951
11809
164707
642476
622066
528223
403092
115003
361385
757023
348793
780481
275734
546016
389126
464935
985173
908454
572605
932101
742132
289350
88187
569902
968968
514767
920152
326597
671039
583034
438738
577827
156675
732769
918027
633842
499752
972436
80490
164240
802650
21724
954117
531092
743119
120787
510949
858273
420754
286831
952427
739541
342806
773398
98952
888060
596095
590177
540679
46205
277024
730478
201964
870335
715313
118476
639433
981649
637338
800873
707233
206132
195810
865683
931771
88483
378675
9483
452544
183910
539234
552159
804542
757245
317531
962267
465902
955841
588834
175415
223881
302337
20620
496237
449412
775492
164881
433031
348709
947514
346202
16704
323373
194096
74618
108325
238008
295330
99114
913722
2755
579819
403508
447267
280302
432678
865312
624584
421040
229979
605366
405023
635137
463038
895883
77419
420833
587225
479048
242581
386001
809781
650097
774091
58562
13013
815899
424907
264326
281115
953030
447646
385491
598907
229583
488239
437076
114726
741180
304244
696179
55193
824029
491019
40069
261340
171698
648310
726799
427603
641147
66801
381218
659827
982987
479027
624879
482053
398489
888366
555414
950832
169957
553008
421722
905522
776099
833499
689700
951102
424205
17529
34339
552255
353113
490082
558901
580044
138142
426517
69822
306887
424903
380242
686800
553080
696325
654901
526596
29629
426282
30130
208936
18182
286787
466502
582332
9937
685607
748166
771782
781591
203218
902236
742323
937020
946597
370705
186770
317864
664353
805938
665732
99049
878482
887674
92926
556804
108442
928459
584873
74007
672712
5458
144714
408328
848004
895098
111588
723150
669473
604424
689352
458952
982377
485173
109365
993053
756756
408026
668611
235176
67509
922941
890645
365107
373568
681369
982466
800536
644463
175825
571530
992176
885153
927912
509713
318196
695359
804342
325088
85094
535717
9407
614133
809397
414528
432449
405523
890925
924007
971536
464853
454644
233933
411120
505169
171965
512526
608318
1168
382829
436487
170976
273756
571083
127671
188080
778057
639558
595812
703654
350843
293438
144198
718222
602199
926014
212546
604590
583681
573639
76557
347767
752803
776463
62054
243676
775294
3783
37593
901687
830373
902786
835184
421480
863289
784698
966511
396857
701046
723904
589084
525197
784760
231456
665189
974990
18586
796891
838756
210849
912704
297082
749771
339577
93225
146449
346965
999726
329512
391985
772638
15682
820170
872708
906010
714182
773209
595757
970621
860756
793787
296451
490718
127781
473540
856263
51157
353811
873848
424993
619222
760258
612383
638127
160115
704812
284377
759980
219366
796266
451752
187441
441303
292723
184586
735255
899509
372218
460551
223727
901244
110060
750989
677846
605110
860233
100532
456906
786067
167670
896232
853990
226820
683385
194565
779005
383847
483222
891180
815935
349986
950619
879889
521861
373359
936053
580451
771709
905850
85157
521467
812203
336882
854933
398729
223243
29125
147412
24596
158147
988004
4987
127441
875805
181799
53676
378976
818341
425873
742038
646594
527542
816146
751222
621027
562960
420152
162803
404852
360812
336403
412657
120269
198954
524276
440516
830223
924768
553863
899992
378124
400690
709125
811501
640426
482553
457265
122644
217729
27010
256862
808378
198192
84243
878051
966446
169033
429738
798037
17329
84168
497702
940007
996517
210388
414205
967134
661134
23418
451552
226274
295754
758232
997091
673143
298008
818011
327336
964467
201285
30450
266199
916840
702478
497249
915900
613943
663585
211005
300968
769008
383450
3595
649184
638309
584017
3888
108581
843649
323882
916170
144462
126328
809841
570967
132583
189599
439942
796551
56682
270696
915609
81770
830356
515109
886894
89338
609153
330495
592308
155412
248826
849041
609755
634600
756416
133565
258766
799316
574996
617223
842740
484928
873053
234123
749827
645390
216146
921484
765083
273437
529278
167722
582603
136816
209528
403814
788125
917804
355905
957276
381155
207552
229445
117106
335769
275431
874798
352703
269017
654616
310012
55822
839310
918360
548004
199553
994157
135409
461835
884363
95666
142244
281485
107610
666699
166275
188089
538682
120356
586778
842945
310280
550880
199871
853988
267404
584432
452605
789608
55000
350916
775646
625372
926267
523885
66521
200696
842988
733545
2933
533853
836577
260103
503200
627306
212077
689627
449615
252788
571224
947854
876107
44580
198971
459505
945096
272910
434449
986298
923980
183901
355556
690613
610688
310566
929282
806782
220794
216404
440955
323794
338222
513552
303412
369365
914194
608396
181267
873199
106300
385559
490409
882935
844078
490727
574359
872340
343245
369279
121083
998258
533001
902152
168446
534762
130158
900476
787391
476559
431856
173704
509510
338677
350727
939644
536527
346034
692208
996431
973205
809400
987409
364936
697264
424198
696990
955137
741229
385077
945846
3881
473752
884414
365039
432002
436898
798789
200352
822385
744554
594174
876229
597404
498164
229327
949552
14584
959736
239529
268972
98734
900461
479831
698807
709648
275836
572504
264282
470288
226810
357465
468519
451929
91104
786146
883326
721096
163319
555403
909719
633741
156879
893325
653816
725584
418950
989500
81314
525449
21149
660227
821314
945865
940627
810609
225672
353154
19385
96294
609175
863791
884773
673470
594635
384281
645436
84223
173721
113116
400340
315436
564192
384183
129212
608371
780069
864577
293307
874725
946669
914706
162819
744426
627053
559342
961959
271437
145702
692111
473299
307115
488567
606064
863833
107174
991140
619412
169207
382943
361178
880710
420992
911059
300607
571357
664117
121303
802881
538567
491914
195564
435706
750630
581442
489659
55849
946262
698194
533119
822136
148173
990877
910287
392586
482181
410131
44659
735056
662997
15076
409049
32355
192049
851823
35039
655767
134106
95868
540906
117152
496595
421740
109642
945174
266789
899305
714445
290046
917114
210546
624540
804194
102836
836302
165645
98022
551156
423931
805042
886040
161171
532829
943026
394474
673076
12715
199110
254548
153927
192021
790789
877530
542761
818341
772114
149883
582350
827534
439161
172821
981774
363372
595419
79406
493572
446078
818380
500696
169017
996152
996628
350562
452355
900503
427022
598868
209365
804332
685786
821003
977966
418017
362062
603977
625432
56109
508031
373317
756992
93793
778358
837788
722405
315017
982076
301259
789628
449534
713400
581209
129249
952100
135349
250778
242938
384366
188558
841514
614482
335974
621042
277971
835887
395008
756669
720862
682617
811232
330828
105582
166275
494222
840431
121890
255347
97426
83287
783319
756195
24644
593696
110923
155428
323704
971734
303662
246937
482185
918671
922498
778804
764165
466630
990662
385226
198982
802116
100691
429127
189290
976261
774100
526932
86369
273261
527788
611111
725277
84310
948574
423990
1599
24930
673409
536651
293008
438826
470877
829570
347483
178091
758274
948030
887408
860337
951351
307075
616488
876246
862524
728654
846806
943603
525265
521262
304878
283261
364251
706856
681429
810107
11186
240176
800389
186112
605535
919041
778976
358078
411234
624445
372359
682168
83925
361666
512380
342804
723223
353890
461823
128299
617113
495566
658192
729932
668467
996402
369645
354807
943689
754958
304769
96
35405
296080
49758
344755
838121
134941
511383
579429
409615
726057
852976
230573
612640
420282
555406
58379
569436
204798
105965
404678
667042
59944
650733
705750
39986
255693
238967
199364
120504
170725
748243
667838
520288
483190
198338
60130
362965
645188
115040
322418
493847
760363
834520
268520
639323
185238
185928
456819
160109
369674
125980
82861
628163
166577
955581
871919
347767
926096
852497
629750
25083
296094
104911
23290
460125
106897
827181
977247
542076
865712
31859
625810
544707
239687
95403
68400
662699
578444
862336
179161
353750
515901
826778
35119
502772
537893
979235
367457
694726
359951
404331
406597
536701
840880
834359
220122
817616
489051
886410
429909
647077
230403
964569
87233
457711
19597
647672
149049
632299
188008
106352
742542
158114
556232
358443
115622
218419
182021
694554
718515
76435
724946
127104
295081
698355
238753
538680
449770
215032
273283
90854
937904
477680
882547
605222
255012
97162
381572
116497
120631
657463
410831
208093
858880
564376
666600
386208
638058
791083
616618
953845
902514
192354
545949
717384
582707
896071
860650
505022
589195
261533
366640
106893
808539
111113
270346
260640
745430
750761
52573
297396
76569
452024
929227
950446
714056
566849
164131
178992
777602
147835
817501
288915
284419
202635
12637
293338
172273
171767
226626
641836
822671
205233
308312
437536
379862
426990
766709
172026
182069
861809
450781
75214
20833
343688
393200
357514
550897
126714
843405
491056
810004
202453
68766
467090
437930
890647
535227
697751
94058
773145
872283
264265
688533
429690
784159
95100
774198
155012
783944
378690
434159
222666
347340
399121
930367
695520
934651
708557
694239
458010
312662
16325
92900
770701
407851
623971
180485
310734
342307
953866
749869
551316
732729
241108
644570
364600
452083
750100
684592
720007
606117
979246
906587
781459
745541
738881
429323
34983
613936
862661
381330
731719
135493
929096
278692
875057
701115
912762
433091
263279
171191
953130
546536
572469
127153
284468
836171
585644
348317
464042
998364
520138
837907
519686
757070
129200
754463
621442
138379
492552
83795
490952
196320
118296
324037
749287
442928
802842
408833
65694
45531
233893
161321
739696
606316
291610
796661
814034
776334
65695
43352
217931
361260
756772
498338
416531
814685
31339
80686
78801
187711
561141
922414
255016
441705
102120
349526
456925
83757
683765
817802
64462
775445
234408
614513
41571
719838
69542
896671
84318
542980
95700
446258
543364
140263
39730
622190
712790
138640
364145
366236
172077
484496
366200
875772
568143
352848
905291
861327
781750
959593
306305
397063
519705
434000
773674
877223
779388
972032
94842
569221
372392
420629
723791
117371
757927
799888
457808
947582
95117
84856
331314
298271
824003
1139
538662
650735
335067
400683
710924
718903
854843
718813
77723
40841
854741
621113
974936
664744
193950
771463
207908
340583
343731
7777
910829
784914
258826
116811
972871
820080
114824
728443
957515
119894
762155
300080
155194
917520
857219
207971
7990
648087
961550
560567
632030
790098
23120
969680
115030
619795
188740
19278
658016
740790
446855
601415
818918
118852
520464
821482
923462
977602
837396
183883
344083
951889
858176
985195
931246
884249
59461
833644
209614
666343
877049
614593
889370
559453
176493
586761
899412
837007
271022
155686
369789
989922
681012
40251
955771
515699
768985
620477
260544
551204
185228
26531
920629
784882
353147
309812
296467
181923
760080
694388
219755
730769
483636
679052
207221
345554
983411
321506
885320
80951
493079
578203
806348
696193
633383
258245
604384
567868
738036
3614
982333
725407
315237
700004
763649
78860
790451
781466
167434
572738
715202
850399
100475
504664
755193
276651
183016
818090
440059
993465
886741
200441
875183
351592
675245
666724
922244
304893
793830
801469
271562
280706
13313
570466
134525
325647
959059
727271
24464
997478
155951
54894
147207
227604
271622
328901
34632
435389
320321
315096
604019
855364
584136
109867
861754
245219
677127
356598
281418
506897
712621
356144
371388
277602
264645
260036
87457
877840
920982
8772
515509
928109
131667
550413
356168
274558
203952
53605
102704
627475
67419
229046
467173
423868
486688
297730
834464
63163
176957
29876
823441
210002
705204
850533
116604
483613
373386
448100
7591
952677
677163
105219
527190
597922
424763
545704
507358
91166
514749
602752
955108
830160
150565
431807
841622
581492
878482
869942
25173
91476
317931
305469
94610
861644
658087
872649
35964
997961
436426
147873
408238
168508
934146
985653
111225
716300
719015
723404
358759
637956
780756
495924
945354
722511
551061
818354
328419
732046
878379
797464
666644
869864
168046
580002
146923
229954
61479
277356
416239
911450
638192
286291
396893
195459
135386
544703
491568
215021
374640
754518
242586
105903
418082
608426
509145
597060
144327
90441
304447
520383
910526
834069
663451
396916
304268
290902
785376
728205
414876
503737
360111
171236
656670
721021
971024
893025
499232
253912
867028
732780
567842
287632
104292
894447
733655
267189
478683
706366
598565
438290
405215
953634
330145
139867
29200
996685
620679
926205
375248
599948
854365
264831
183857
919531
332267
245638
259818
284262
724556
126441
493564
419818
90469
552660
760138
386601
731513
197405
912029
142775
518641
715501
377701
373408
904957
88348
667353
515593
238647
235544
401875
43586
574603
344283
54266
545458
818957
714951
537053
303755
291759
550536
3048
183574
229582
156747
902128
447697
574787
543350
300781
179164
887464
69114
217725
825735
237267
440991
888153
292680
53609
323709
8326
265418
724909
640226
752227
959407
737134
118378
143177
586552
340353
62016
383101
808266
933872
728134
347043
724944
479639
396338
589006
864040
336007
592937
274068
855763
537918
540170
972945
548848
764819
37996
607339
475589
935790
130585
482643
820626
859579
704424
49426
846112
775669
224258
944099
277707
845712
241320
733390
421715
595290
4491
34745
128672
701626
39791
457958
64614
440388
431856
371478
235898
404959
340
499565
898625
957386
957156
686327
921638
967388
310720
566747
485991
311496
572335
180670
910794
89589
546939
837533
446128
962415
185382
354808
770400
665759
88669
365752
259680
692346
741151
705340
238931
777760
382948
188935
102689
478116
662765
307243
466423
427131
696976
999823
11132
975412
961010
969492
147932
985079
821062
980511
836468
269748
615033
164712
358016
498248
122976
300436
500360
941110
835488
167784
797553
478271
562847
256548
263954
478455
773357
437744
171484
356636
879204
323378
712450
623711
984667
671832
350756
35430
493623
95029
391069
772012
958487
48656
814936
521406
606352
369587
339784
619682
304769
537731
69803
907659
462570
44122
773230
817358
511746
6695
435215
503020
415848
525930
613193
867861
167314
637852
702762
737278
825367
25729
573714
295177
699913
471522
700213
502898
934197
376646
814081
987723
131175
688072
121363
951766
718406
106902
580207
496330
427418
614671
337594
860760
479007
15400
339999
431383
136070
837901
399000
764125
149179
795774
630991
998978
444629
653113
500591
309020
713016
627969
19337
579471
747500
150369
731355
46916
263518
891721
373813
531495
663534
476389
62258
590957
348069
172706
405152
189656
463487
903734
51490
383427
839277
902646
881990
525650
409181
600537
598942
130406
342334
644443
797289
58165
367230
277130
693173
50900
379925
693924
660990
588514
595303
733473
388019
552388
80251
592009
423049
340419
37846
402643
313959
414907
351978
106875
83789
383857
394749
597631
718502
718560
851185
952958
129211
574530
283683
977933
14798
475274
224037
945590
522951
652072
255703
864152
597865
974134
657944
762617
300681
616998
643596
631778
130050
136965
486248
205460
412336
948751
487696
460453
899628
146636
143895
795996
977506
64972
719833
759377
940081
905411
210536
786271
652677
98937
384082
45790
952921
870901
460205
959987
370321
684663
948593
26134
220684
834217
827704
503547
78380
463056
109826
222402
321547
977777
198727
630843
862067
810480
499308
854335
860088
715552
927233
447623
77465
932149
765499
633339
344795
410071
511631
199631
641493
616108
802960
40538
855386
104555
115693
754093
823840
556685
550919
749708
503303
448832
690401
220766
523570
19820
218239
834926
602280
418812
286676
585860
210787
702708
187412
93501
154504
191272
423114
808035
925352
51227
305316
161143
551698
43956
90194
737574
457297
608591
866648
378505
280807
259356
204679
996331
487590
152948
934870
141320
485020
242830
18784
295016
643471
635844
496707
791061
439578
796834
544130
907562
199324
318814
484479
305557
822320
444094
145112
94675
48961
643556
184589
651897
240541
505896
897110
598379
498275
455004
108306
978365
840599
304891
277536
593613
372152
660767
876711
7394
821771
311000
533258
121789
351187
921538
565652
518782
35349
35499
792367
199210
400894
488221
105721
207927
787718
373133
927379
721215
19810
19180
132998
284032
834292
582620
885023
720468
888965
739415
734725
529815
332622
306253
415811
363649
113478
287156
18675
481134
195806
274571
484378
337963
680675
203238
225224
527877
487362
786505
476253
68078
651736
516779
3002
988177
396071
82411
533278
128882
263623
891882
918943
575147
988913
670296
407970
541512
419625
902046
774036
944403
249705
429492
626009
356076
822267
251711
479161
718646
542513
116164
865926
361012
559249
872215
28583
475899
834085
297807
242724
382516
239607
339644
433789
468949
479117
50728
119519
337523
284059
348117
389657
273537
793619
120647
566720
56963
24787
828479
150081
231801
562627
632559
393796
171841
668832
254063
611555
972542
102711
72790
956768
568273
937196
747229
245572
64371
314247
85318
323796
247581
339474
415261
90574
474332
72337
75502
859351
493037
858512
308389
766620
476667
864652
903233
625069
271614
289596
794346
492957
201076
378598
985756
846564
857026
15430
954255
660610
896820
511313
251559
633354
787850
388184
669193
864191
505959
668490
444464
793053
272424
905933
20623
206214
505435
52725
316360
822257
525512
245222
402763
85537
760152
724532
849057
517564
4169
719803
174936
156093
707029
133518
615508
325659
149608
839963
263431
553762
754893
865571
732301
185258
74374
70468
368874
563469
549427
959013
748664
912235
537350
183366
184023
813168
620745
513429
435141
735822
50083
38244
295031
430794
182842
285849
560878
662958
309989
565309
553754
797079
428469
807477
821717
119692
915945
329479
611211
672519
711586
78
526132
781665
240645
726469
198101
821205
225515
948158
13074
412806
284451
277465
311868
580085
878876
728237
668754
474400
493449
683121
378344
94725
281070
940054
196362
408031
92691
410349
187810
215213
888573
138307
411507
874095
742158
504754
649830
39402
162973
446564
124269
556256
651303
34927
240557
8408
932551
812432
872772
530391
94035
953095
123182
931494
229955
171828
593685
607566
798897
799352
629186
808318
181680
27129
591627
838037
416135
905512
305417
877149
591044
544061
285107
71944
988909
558063
708391
422888
728930
221655
76554
380030
537044
759272
793683
592337
980504
131624
139680
531401
212088
991011
316673
632526
396721
375380
600908
230965
460763
527858
334257
636062
899813
407007
446966
861609
383044
69200
686579
355984
485416
13553
738555
115162
446164
536702
327991
828662
336514
82096
814825
540904
812349
47485
375778
649792
715350
32952
869599
18194
584837
133302
378526
790158
170247
54048
844817
766869
908440
174397
752619
250338
714137
117138
909374
193504
547544
262324
948890
185374
101821
323270
616446
289436
154743
706608
314064
128501
511483
612120
7907
958921
697229
611728
237308
115977
601941
110300
890841
10560
591984
400100
799772
480438
164268
880086
70022
284900
569844
485651
335025
791533
347605
884566
225778
183522
53970
45159
157187
561833
546658
919302
333175
137075
287409
106217
520964
819829
858179
296196
590249
497271
278234
789595
704352
776859
716006
63769
631410
311008
250362
713237
183850
621560
916894
254625
172350
232862
647061
580843
513914
465042
215118
933145
801424
895055
968283
821482
593564
237453
966889
288203
874250
966214
333423
165174
169477
156738
167019
652476
608177
223529
28312
822925
301721
921155
308221
660722
20086
170655
606959
340078
1323
744050
549068
711515
635060
483352
725466
553253
536895
513908
917053
859873
834766
556996
200853
540988
106624
732018
713212
871087
688031
951117
160831
996123
824744
63202
334343
980680
27184
833
757739
777409
236397
542232
86701
832546
189316
639445
991219
606295
710491
45911
420412
286524
81342
797854
239802
729165
319099
3880
756832
668901
737534
463061
540506
607344
883351
650097
832545
633298
721081
260121
530748
714638
526177
448439
46377
342391
570856
867503
186760
54702
66522
134906
935242
371166
789345
395762
78391
730922
322915
876174
36997
882999
517813
343257
177999
193975
857453
549431
595078
104413
44841
212098
618752
391970
273808
54993
271795
610036
466625
358932
504934
610259
58043
562841
198219
219882
187733
265746
484775
207379
738317
839219
540489
488527
899941
518021
114629
966172
150229
519167
341878
926832
449758
801701
996427
285186
395913
402008
15984
538845
901038
399263
47510
152394
730390
48466
423765
681185
256082
270542
768828
238266
735469
666732
511075
877292
241562
383110
190687
587105
124267
940949
593213
311082
290960
716792
907490
151211
415079
688456
449464
865293
207601
161890
493319
834528
875444
314834
685934
558757
55934
748642
546359
62127
198262
999969
518871
129615
268533
894271
943384
972925
892507
583514
624941
272982
455526
39825
139834
951313
6135
724357
935172
344736
677165
136763
972947
974510
733485
950404
471386
295822
68079
978218
443456
24303
109748
820168
537046
870949
208968
121294
46859
869133
985533
118736
500338
887552
376943
391417
535618
946111
555650
135166
916334
246327
422582
775609
436785
906849
305845
303579
744598
408398
789691
219263
120416
798135
603678
332627
9201
415285
87060
602733
923422
710358
759664
909539
561585
997758
907595
156033
760604
389782
418600
348609
453273
281105
14553
654615
779835
704317
169887
926675
108071
502043
851013
91548
362270
207420
610160
352016
693951
149801
613122
924789
930338
478489
907337
997570
845773
126154
663611
608835
464082
625409
271091
939707
25851
300204
220490
203703
576418
471962
865086
891727
363501
29774
936677
505571
735615
74945
565564
506435
188892
956707
897472
732961
460533
413495
595338
865858
361895
945523
760277
80353
526286
514596
693944
650892
544516
272595
916170
218906
388629
24612
593764
60527
39485
86068
595936
525348
798177
714632
882133
122192
640627
535319
933686
850536
429802
817178
268278
599272
474689
853896
33797
652780
839537
42014
743015
470333
565134
671337
299912
452254
878294
833342
109361
841339
925546
950020
980423
351736
265796
870280
28387
264635
352974
583173
181164
631244
234926
743503
271288
766909
607577
820314
887355
679751
435258
68604
637212
870335
459110
620048
795295
22495
727630
210804
979171
393423
616685
416388
272101
156863
835374
996642
831784
840352
304775
420595
972031
337869
947417
780867
129724
860898
547519
584886
977074
919783
871756
5540
481445
728545
347579
435141
311008
905700
244747
544708
99988
196878
647397
33501
123407
684245
159885
417900
507790
55452
564417
544347
55887
176533
981399
702704
578911
309178
588256
215508
490334
244201
149451
512355
422678
818024
18611
183761
626337
139867
635884
875644
645546
303325
187507
556014
896897
690467
842069
123052
805212
610031
670862
560478
551076
222451
329574
587233
175186
571211
762214
69645
865164
719738
651837
523778
962704
295981
376360
945482
412935
883228
782996
550269
565578
161799
171500
44047
645901
360299
476942
882696
29027
406819
330252
903235
497950
471942
824497
165840
263450
117627
987664
157202
639522
46657
277203
461461
1678
442390
528706
811725
778113
464774
558973
822926
79053
910281
342447
199429
966980
786957
853809
869864
433703
426417
175994
309610
564047
78774
770952
485930
90345
190870
315420
742315
51541
972347
876654
902769
788500
444224
547398
405236
645504
994777
579286
583547
39368
774372
507302
291617
660413
554623
186692
730314
612616
764884
578336
693967
773743
600982
680786
274078
661914
239830
12377
830891
571031
223198
824310
655361
573887
373229
923906
108535
350797
186019
451872
663851
474815
925899
497138
186565
972485
564248
766107
85753
73028
762555
889137
415343
455736
81026
353639
612526
537739
13342
319963
521528
594822
476891
744175
867038
291
530119
612606
325977
337912
795364
829072
117219
862029
967021
696136
614186
166602
138068
999220
203952
126516
136194
70413
513518
800972
824340
539084
220290
723904
106933
577071
994533
413033
604346
25410
967497
99757
651097
222902
262263
408741
38847
682041
297492
161430
644438
432670
187372
546843
339976
326157
406146
781802
384407
888580
534669
616686
210324
575616
228300
196266
116169
973345
414536
464157
944532
269169
437315
303029
664791
620649
780860
918497
868499
988056
964093
633545
173729
549212
838885
358706
459523
123082
234377
13848
404585
210829
335231
238047
616180
896735
512193
689465
349632
460473
945901
45749
457034
749468
914439
431720
618858
669125
861698
726694
859003
340816
423315
574678
815385
577164
928802
700826
980837
135079
65966
317998
507404
494195
919551
140129
713801
856845
215398
160051
370696
560279
748407
948157
280882
222444
713219
152124
271286
579115
920289
560580
278090
869789
516929
837864
737914
753202
366135
963540
79674
952736
330226
530381
398490
597053
285118
876564
369353
225832
834502
691160
842753
539884
671984
908787
627201
828069
650785
663482
702332
652697
634424
347500
407191
670087
147020
428806
387115
914619
704932
590563
7831
619846
143151
100107
604407
476750
524001
433887
446047
831123
523650
616814
984378
25965
339995
32051
995301
760860
139815
138074
49040
719838
463351
801743
27102
69137
415650
785852
742486
227064
59938
585157
546424
740393
240728
956907
224198
59416
71304
263326
494322
512388
269738
276133
495409
12119
685097
460063
434534
93735
801124
478206
373408
879343
597115
98315
552111
944880
288094
290988
663810
309079
454519
100118
21753
897675
97472
455833
546586
674357
871926
271018
826444
490058
386067
914633
851397
806029
795018
422957
505022
820902
84134
888079
561225
151445
526830
12881
223306
841086
420454
701048
781545
466837
369389
792838
410046
44282
426066
437616
37026
883036
207050
879895
959464
498782
914411
911338
973888
775546
729888
892892
910964
331176
551996
788344
364196
988072
564032
285975
503425
586184
960066
864552
424636
466570
390571
671894
808924
783576
425240
873767
799959
523432
753644
391266
368918
976807
125571
133048
598769
646696
45683
277144
418959
862702
272626
829302
474303
649086
478746
81258
18221
498767
769939
293482
939858
289843
865455
325646
998508
422572
363436
512039
776036
418553
189832
936734
698676
370579
582022
761271
551264
383276
991181
432082
937244
749547
113894
275844
118404
916222
678017
4221
630155
996597
635511
127351
16553
26640
635566
235105
422598
206860
37511
456289
934714
90208
883046
899825
161827
51241
117239
34301
518364
198182
828749
652017
992602
200491
559482
345013
569645
580354
559055
690136
293725
745501
290145
777875
898078
334488
967972
400374
914829
82800
566373
514508
284231
98865
701533
505254
41698
187195
259323
278159
11752
812118
45555
965608
932772
130423
446084
665352
667329
905339
733849
516846
490696
658471
995752
614517
638438
264195
640523
841267
166917
941519
486347
775419
683853
564872
679260
772886
358087
348619
322144
702124
801538
197363
850153
968539
387745
394108
458862
519073
454423
538215
122612
701400
218696
688474
6735
618665
159966
984589
779061
686363
253819
936080
332561
434042
938657
289607
723490
975213
522879
95694
762423
298706
567195
472907
792152
683848
914378
279641
930592
575847
724288
454728
281977
572600
381297
799065
540597
338358
966768
751148
236661
358883
82909
518392
240099
21610
589775
863647
577322
103365
307281
387772
784708
218916
66583
139899
72541
591544
75678
67114
659777
492289
601368
593123
128951
976168
729249
901153
190736
567952
797157
714282
19728
316444
502938
302053
966817
249120
385414
860148
926492
822052
239917
616494
522388
139710
912001
943849
431520
961768
632143
177146
329565
25281
16861
845090
700769
489558
769968
336280
524194
583907
341022
358932
109598
352276
552124
465046
470217
13467
473207
717680
285361
932641
928139
642174
183645
84082
710765
297493
386375
261547
566628
402292
446418
874879
735860
384662
12035
281680
931140
563995
37299
150835
468987
436006
597133
163846
899975
16089
516841
540385
883408
899647
504261
667785
660397
709421
172833
487012
174865
517006
492895
247474
887153
376534
909298
20410
969901
771629
879915
850171
886622
956436
599358
763243
677744
967784
494089
900297
852777
477276
566777
644271
763184
853037
981106
258968
628087
514085
257402
465439
653343
326014
162550
205949
316154
955474
53531
10758
247491
754872
42489
629155
475494
988611
146779
545783
896273
782662
74782
906787
59337
248305
835207
101890
555805
801416
687041
583184
326996
491620
386481
352611
462612
662547
755353
407954
59990
703970
229955
660187
498404
311818
600117
239176
80292
363097
276269
818824
834080
280304
51058
689921
807488
529032
279076
368947
208963
681078
121591
623582
65236
836671
304617
594527
408234
691129
780611
262531
691160
277908
174626
837560
345172
353578
97468
38018
923544
443809
791289
77103
410151
465146
459707
720841
99883
265797
42126
911441
446084
698910
681980
978762
676494
781727
974351
822529
944799
817845
669597
540994
379983
556185
73808
844527
115252
870453
973135
142018
283514
321127
456517
868611
670453
793287
299014
942595
978060
441658
856019
607940
211541
126155
819166
659225
869823
843120
62226
113999
643945
521025
602038
799272
800235
877023
284419
165233
235246
502346
946870
630119
144285
978515
563266
802206
475466
926043
952350
269734
882987
959532
342147
500048
424903
516743
455091
165978
996612
141765
531964
982670
521971
647357
384340
439249
739495
390977
642875
740385
463497
866003
204109
630288
920608
107996
410360
366174
994319
772698
571814
461261
914230
564692
548984
341904
996532
984846
779359
931314
891100
611600
164492
819293
75763
983059
436732
802066
467214
371782
473306
763807
848770
71169
745468
15300
561337
881836
988479
583798
563320
377674
947252
133889
636274
126485
184185
465503
92497
619855
367691
938637
189151
869986
127036
148381
647595
201961
630700
366116
192767
849560
290972
535125
426755
239336
416362
609633
801565
524914
260190
968646
757243
337412
425605
399355
94446
930034
114456
407966
226263
191648
915496
150762
640218
828618
802434
258209
352742
605030
981343
387083
596413
671841
787416
32220
713082
941586
973690
36856
66263
452341
403006
416115
476445
105337
844510
511628
153393
600457
590161
878652
67913
368491
69843
39055
661799
461432
673374
634024
44621
965028
39498
826986
446051
660540
392180
480282
62052
953084
586403
658894
720016
61893
892156
735156
753620
799116
364534
861258
766851
49932
128953
732730
554172
23039
84395
305479
586808
822420
493971
291
941377
876602
719950
804416
194393
367126
825051
731292
107410
514719
561949
574856
704691
729237
921754
803962
602986
350230
681140
849273
689367
71015
802249
340285
827536
254831
398805
664326
785736
453265
772296
470767
917959
538885
464383
334454
306076
9829
720476
910726
755775
124558
255098
19437
124077
165964
612050
628270
294899
250450
682159
177647
688780
245522
165561
23746
538044
58746
681311
420778
101231
515506
861458
816244
653940
792953
931009
256375
422364
475549
454956
161130
764245
743014
972964
383465
146550
323093
947709
151113
329113
387117
547208
298968
409859
325647
730792
804287
146662
520466
374175
345775
662432
747842
210383
690975
729377
189751
734417
561441
176061
267237
50643
359023
411251
389648
254368
689896
348965
97133
822982
657309
568498
130163
510730
621520
598146
330488
560046
514421
345292
190632
379614
176533
882743
403813
318219
553266
593031
520240
221628
606890
222154
319159
182533
424815
57980
758373
387282
982855
332567
596631
255667
411918
113860
201914
559292
751089
608599
24763
670303
752215
377039
380031
20481
942261
411782
410604
552885
295890
659275
398295
815084
194376
866419
448360
985071
658015
4361
101943
446268
53835
450232
767441
716721
694206
6552
734211
469462
412438
529385
891082
831666
983390
483110
562286
144670
488024
666324
48821
628791
848049
671137
931275
719911
920899
603721
595676
202733
583109
627505
520777
299664
155556
988412
573275
318756
17466
52898
656927
509319
360816
746265
55594
950921
272751
391334
276556
590101
37824
328269
655632
274419
788750
955596
773281
586793
4592
642830
969208
235736
321574
587916
941852
937960
232261
661664
794460
71579
62771
605591
458804
142152
139572
466569
665473
995197
272165
506837
360828
706793
88195
703585
126230
472619
771127
188521
366190
478454
579568
651952
334375
935769
476212
339968
897163
271368
821123
627939
717653
272256
90742
135903
208141
494217
675202
732945
858444
791290
155635
840945
467261
905241
963748
679699
366453
679401
990816
299237
227685
720338
465322
527340
905460
75486
849690
759042
130364
336538
627830
556434
743752
928805
831639
175233
320114
905977
680052
464578
396861
974637
497858
974381
234563
520845
294672
654069
262102
706038
906461
899319
718450
515894
31582
276127
201867
477069
871254
553586
123695
279453
636395
801537
660752
499290
121996
434042
279311
641082
507894
863453
686970
940149
833424
43634
600557
143985
363034
730058
896671
184714
924971
684513
857713
905848
596040
730731
593791
720088
239758
857664
803366
525078
641961
463949
471239
359053
858311
907891
260029
94144
988360
775317
364438
775123
764580
202849
560390
105083
973899
255219
802857
204274
813803
967333
229367
494459
622881
691425
535407
169312
446930
347107
791075
246207
991882
624080
11411
66954
610000
759015
903546
388512
705539
231248
282775
438381
590468
340452
437781
523001
449518
88280
94139
721814
551587
313954
11498
720271
697857
17044
922124
579826
757433
29676
212973
850939
332110
730678
483795
253670
709162
857535
997747
883105
336035
297788
376376
498387
589249
323992
683294
498270
976690
728407
851085
99167
395499
320057
796104
796509
578690
716876
766142
982157
320366
583454
687944
758738
132809
214925
257794
495203
15594
562753
887993
478049
89656
665207
923961
318073
386311
937307
918048
21864
975669
693360
622712
906075
762537
581305
897266
852062
144673
79925
60618
989086
881633
272058
354066
713810
123474
109775
56421
943053
612142
421428
57933
217086
576832
907290
665857
153768
584727
86770
394044
133837
349943
500920
116333
554089
432572
741174
213278
812196
273475
245441
273506
320391
444583
108535
11344
585138
406908
103417
678197
306277
883720
940251
177113
66962
937012
120678
909449
271252
958613
714737
593218
116737
138255
250433
18441
645745
342803
663357
352930
525252
262217
549217
742047
351530
816843
715241
682938
710316
760541
135115
291042
863322
333175
868678
309166
758713
838740
102034
951278
633862
782706
973648
688914
832506
876212
187088
615404
320606
71827
68604
974932
646667
755481
14195
265744
396483
378451
851146
445988
422830
972864
748982
221046
122827
304788
742899
294062
258174
551684
638675
56776
959795
453977
621675
483639
779517
198210
777955
138944
988851
677600
177897
291744
898977
890689
774206
937773
836318
146221
306134
529028
914799
71564
681960
653012
132738
578484
14206
559912
105996
791271
945844
730927
372579
850590
358671
575815
243620
639058
4084
947849
40238
837902
263666
296058
543731
653772
635844
487683
1416
349219
134911
508910
230886
264008
462661
560832
409882
882146
385193
214386
957297
962994
673753
616237
982232
162965
622355
881204
943145
799325
231176
432901
78427
113774
680058
783679
4878
81369
650345
907048
28099
318701
258723
704696
731281
562104
741014
979271
322905
147023
521395
647174
227312
756897
407219
141295
103059
930095
110096
959111
830933
570708
199560
559710
971286
428741
131919
619768
435744
782375
287126
595665
822390
58313
680104
870806
961025
342532
664181
154440
954840
161780
355791
436713
101361
955590
443558
37929
820647
261944
600044
904162
590183
456123
454667
341728
259433
194357
84908
143137
742862
701604
10106
534531
562697
79542
183976
5588
977586
482617
13845
84686
512391
785279
198950
930951
627146
845441
732115
208568
950079
24933
587533
869129
572948
646055
630099
877023
340090
473533
752195
568791
119558
300708
601295
995958
409132
81342
289033
299606
606281
617580
558711
931966
898004
528342
95276
461040
784854
69165
355144
713882
429737
27946
367559
922631
468106
632480
826376
289474
589196
61160
443716
593354
982918
426768
129928
836297
454231
232706
833111
907911
49514
530814
55511
278894
691616
943162
870948
208028
868481
373599
933285
134803
794491
187612
793661
72991
982680
969615
527216
976839
211536
525546
183414
5062
526402
48357
660335
550071
684473
784481
790325
634951
147453
249685
606834
657645
894325
600147
596546
261885
606462
734909
793280
933493
88982
211866
282167
459518
476584
45830
320756
660863
338459
596279
805969
351364
98694
224739
762664
491827
243623
724298
67209
933061
972944
629206
600614
944595
781620
355892
706733
596349
308193
107054
218298
216177
732880
668717
287348
972030
358729
906903
801075
930392
447532
509815
704195
953483
103886
603883
332423
732514
471017
131228
668087
924801
953564
65057
90596
223893
452922
621277
803680
26197
396557
721140
189918
496968
774424
430160
118977
353260
712544
147465
688435
789158
116439
113411
369621
79807
367106
630489
540223
794968
37058
849022
657998
106841
147318
91622
938794
470679
19437
815388
559277
411690
809205
757363
387816
629207
951815
912049
847378
113737
183684
55361
390097
556191
955589
79997
12058
528457
697688
246090
383018
177584
167949
721971
975713
735974
123041
724090
280787
624708
548609
913623
970566
452833
952224
248966
645576
540836
659023
518416
374138
53425
692830
908832
115647
257540
448419
562740
2073
648413
576855
948962
394528
32045
666060
242362
571363
259965
804133
662046
395725
468392
914372
942086
94297
859998
157923
483965
638748
237189
165068
10752
86538
448915
862542
887093
102394
997048
339197
99674
296905
982809
471243
511084
263823
654337
679727
953925
308168
802617
10903
36640
917211
811550
771111
853893
231405
438259
385128
977437
697653
547481
29653
689557
798260
141737
886931
111198
700636
540141
321408
444259
855007
440425
47872
278074
843866
904393
410375
484691
514500
760250
244708
30126
140292
777474
481252
913788
472872
962902
724409
938918
91033
23548
269153
423747
121290
411441
753116
71726
942348
301755
426906
901452
816584
70641
113802
508697
225634
67019
172054
843602
49703
358650
682843
132920
605143
885585
74146
794841
123682
364424
31742
7855
2674
956152
553731
281101
387071
690745
193934
246838
933231
284564
716585
747932
324430
314227
591072
780790
430826
234091
340168
473588
246935
133075
779063
913561
268581
986337
93398
412387
602174
188468
932769
456383
109163
378042
20046
33593
924073
317695
35260
936843
46947
175371
139753
170963
532066
658531
460743
457438
79889
341180
542176
336050
818804
654410
133893
523000
797280
546925
435005
93811
738308
778990
594575
98254
141225
397253
79449
401223
774038
419143
531451
772014
258881
759708
62049
316100
382576
805017
236429
789960
249297
19502
999147
580737
470767
515339
308959
647001
635379
338442
45344
226682
350688
963761
99750
643471
172374
466038
644997
403969
533050
39650
154946
155463
261274
148906
791771
222488
713250
762737
72925
552359
804136
272807
767748
834796
946374
90011
519598
169331
515901
698818
727983
380730
760657
584181
970860
187732
746731
435944
400574
285423
856563
385330
174173
219699
735388
975964
235323
991722
669950
419109
287590
381785
979454
482329
251163
628531
501825
594764
286090
473178
905515
145004
329242
363027
18168
266733
381017
196415
399601
867144
945113
325938
779508
997500
269359
999508
38722
858199
540565
672711
574579
673438
812142
329141
735576
18710
596108
894379
703275
405097
90933
595568
991941
10781
463317
62218
13943
388547
428691
329944
468968
528825
865388
116610
367809
852821
608252
416798
863657
493579
472075
702492
335315
277248
710288
415623
56662
763692
329779
163023
117191
493207
340
495566
618490
192900
606990
206359
666698
697051
957242
407807
573690
923947
114733
70995
979440
690460
560040
424680
488693
878152
92835
20410
43258
266513
982788
846008
867394
520760
332062
764338
783743
771780
53851
304294
795892
421971
23211
464397
829652
775287
365212
705235
105980
139889
453525
589800
29303
317035
156286
812792
897197
55648
278537
658705
478979
283973
554351
890664
285307
246319
161355
891354
312206
387415
256492
247098
834311
851382
319421
302722
263406
400107
744043
744200
566990
68312
515396
694206
653785
661582
926881
934149
814391
195817
298204
494940
770454
965625
257653
920091
154255
553354
923772
623187
106428
852067
470676
579829
847828
157552
320773
72614
686110
444385
639200
724549
664575
617323
24692
236640
741580
847842
150950
986416
35462
53812
950119
489724
493105
124897
387235
265296
524028
666239
401122
799031
168867
195164
663998
458470
223890
833129
312358
232242
142154
591095
107839
738922
818509
484802
439950
255502
789782
782351
923434
535532
553045
652526
357935
885532
511518
301435
833957
968008
838806
18920
30622
588000
581214
510012
994420
23329
289907
556940
980235
570481
632685
109489
410121
572252
907123
444126
521060
674579
178733
860917
370076
548182
224417
646478
306731
113149
29020
44940
247567
827037
341863
605730
911323
598544
596025
975379
304385
372824
839592
219930
938815
44571
876137
282069
597728
264270
823216
605065
186182
231656
119960
130278
485245
746388
796965
508084
275981
30143
361978
629383
950995
23175
888132
541981
213385
151752
691878
113021
37388
260244
288605
101782
640480
367706
94742
769779
871201
940493
246444
773025
385777
799094
694969
31621
327097
782455
227854
501990
843758
562514
699469
15400
789458
472055
984551
147595
13886
528148
456277
31229
912177
459566
679692
188381
822715
258295
118695
984941
758513
987367
622045
486086
783292
496126
417408
679943
981355
869644
924733
4351
422701
573302
255863
640253
220341
989208
873316
370827
332549
983474
405338
857195
613088
777324
136282
646190
575958
568809
445383
309795
756711
846505
230779
545541
732824
975317
957130
194482
664418
711457
257506
254996
811208
263307
261764
524737
47888
603312
405824
936515
595056
224447
661233
979755
47566
403193
631421
737175
238746
581559
47772
657015
641051
520774
415886
272911
542151
633005
194962
839984
103516
264607
51709
831752
340672
75115
53528
340372
448586
903876
594841
429017
407596
441661
754252
588705
983305
29881
356070
617735
717586
198305
118797
929749
769118
648595
475498
821470
610402
744897
16168
106324
264875
574812
943236
99463
798897
856263
840957
623935
283601
37078
943117
263656
306210
74086
510693
164493
526924
645355
334742
49181
551555
165614
218462
976090
289946
15929
876642
957584
106090
36421
782164
473416
545280
333747
334182
169629
147714
339952
875470
214851
380821
512817
19201
995125
680394
857588
53135
748348
730966
752898
469680
844432
561295
137443
268915
519491
378554
514968
748522
76376
597055
842896
360291
598498
828236
397817
837192
564715
95226
360723
997881
100624
772080
959331
801994
588047
765834
149307
512941
658215
914987
188389
556262
8413
995014
44983
193380
565071
775602
921629
164138
921153
814252
891520
821515
967938
152433
802274
280091
484666
833826
666774
558329
859284
374741
456707
96356
566960
667526
847421
264174
407010
519580
229961
856507
725931
38370
784016
140126
97905
895692
675206
942485
462592
739662
399470
252378
473394
12031
220878
783986
508550
834409
37892
204270
715410
787211
932809
216876
878565
268114
397659
606270
441300
112064
330009
363905
871555
276341
644030
617387
234851
379428
139548
245343
901029
590679
24415
975302
270379
849440
208015
629383
298142
576828
241956
689919
71107
4852
748544
254483
962164
415607
183387
422911
384816
14808
764387
644088
951710
155058
183002
741401
839047
598040
919745
973759
257642
758825
735379
775665
503388
998822
667060
719037
650358
306200
569269
275328
852178
398095
242142
662524
545723
888155
17891
928450
13413
849989
263080
831940
754809
651540
401552
109466
61344
434762
23881
957739
350714
390382
722091
812636
216322
624700
8308
170262
681549
271005
579013
46007
918344
519324
44683
340008
114371
523841
194683
267236
299361
901786
476741
696606
394141
472389
45668
879371
607266
277312
241708
133913
920533
931081
651356
316965
143403
222357
116617
398778
446495
92933
428414
97268
437070
887579
270724
530170
933541
9180
379682
581212
663786
621545
62230
446162
464932
206411
73115
157884
877280
190054
320349
54451
973789
34341
57265
247759
79530
119601
536906
127705
749458
887695
197842
232083
877148
111597
614731
886674
149715
383151
945034
42532
239428
673059
243499
973789
920268
230218
905803
599954
575326
84132
714330
704151
417417
101806
867551
861089
928450
199167
445604
508878
318905
396976
878153
687692
576323
391990
893234
88127
313566
823392
543489
636772
472239
225754
735321
970933
703449
902333
372736
896337
724847
48913
391181
2805
593676
381483
866314
805120
89957
519695
269406
125904
970692
447853
351265
132160
482686
890773
965881
67550
479499
312764
623500
760465
831002
318222
941396
751659
365233
223474
290755
172019
152965
972947
997661
112592
342444
335353
309740
905530
230965
268687
91145
373521
158272
861737
823154
428990
603154
871022
237037
9624
855636
603266
998859
23554
488139
748124
834453
976752
594224
445208
598413
559322
501938
607391
336248
846215
542784
799453
462530
229799
584513
747447
417736
539645
808378
535672
241783
16781
371079
307131
633954
533334
290750
390255
424541
224722
992552
526708
320899
317407
310324
194853
599967
879496
622314
780223
258666
499198
203892
739838
958128
857269
483859
814535
346950
28726
406793
940680
632838
472605
194152
717140
157497
755371
970943
186109
902520
442210
142529
940018
970605
567542
984741
530174
303706
935735
800620
161520
686585
959496
256424
64003
682560
298874
654674
931704
323630
144912
528029
583451
719591
261282
367487
608683
211633
349391
822896
841534
975042
311596
492617
995205
618786
590391
850325
902937
723765
167180
278445
273675
825028
714866
950622
739510
407290
359078
149063
901898
691359
914129
476537
349533
848434
924563
164623
159153
823065
647430
800662
794230
442125
778845
728111
480393
650966
443035
688379
214008
216707
837668
914046
196976
821681
719986
671855
136009
245312
358650
428289
798526
835448
846031
337177
455000
557586
507620
722071
899548
46055
283823
230816
919716
946801
113127
282975
387756
498377
794230
834891
652868
428375
717615
520364
292251
148477
462874
779340
446426
173835
461899
985889
691482
566758
574600
274670
972252
244354
408595
423230
227462
587909
329797
86647
515525
818418
976363
367957
91893
785019
881822
297537
999401
86343
169028
338081
692448
356585
626194
455980
833764
901059
427292
187612
234545
492996
355504
599812
578253
3402
954656
829012
700202
905591
827551
81760
956280
681622
441569
380343
51007
96165
722645
991258
68079
127785
779273
203238
610629
472288
212558
161815
612932
505740
164707
859863
777575
943085
868642
252417
742985
109989
102916
26837
967891
515710
285855
29015
95254
549579
278523
281272
685510
376452
68093
653755
475525
115972
149004
269885
46082
798102
607799
218655
752209
75400
513064
35591
207407
272330
632876
244871
309007
305408
914738
140151
735924
475887
455439
739035
248286
315863
733321
53643
270048
319665
755736
296665
291674
280374
792257
619825
640749
916036
312358
453970
689838
482571
254523
440645
198325
692003
314097
389768
254471
727989
102501
65954
981697
864894
463394
198131
562738
853510
65851
273243
714365
223859
456328
821943
600613
33001
93073
863119
260883
201286
200960
133748
256366
765342
74111
129403
150424
276823
371448
577096
279311
755180
693604
776537
587125
953493
332549
449121
193436
68058
616792
983636
588213
502284
581048
264514
743784
647404
586449
856686
700988
61384
429419
938672
359715
37809
453977
447157
584724
983405
591648
615738
370549
590719
939815
806738
839500
769835
699187
535755
432147
174777
75802
315621
786392
690535
127318
993339
185184
887539
405659
296950
444855
850817
882972
635951
229368
70950
483150
769529
780668
113588
