874325
829482
806464
40645
874701
663226
155617
392663
495318
743825
363101
126178
180088
518444
799300
810024
115137
808243
870616
864317
704555
914715
272155
98100
90240
104639
480607
753951
347616
782480
383658
918532
923674
71689
464064
107303
58783
334894
828878
432819
341233
140235
540546
181043
973896
69692
969092
77750
432931
613428
576170
954518
597160
941286
56214
555705
803807
107977
532267
122714
137742
772005
523930
333918
134851
295412
393904
743919
785013
272183
96277
745590
37637
926595
880882
756470
525227
324736
672453
188867
164831
915195
222079
387549
229446
35195
773772
699754
199151
930973
928623
170093
968385
490220
730663
474682
618287
671798
700773
26426
953440
870478
580173
168185
154190
656318
914269
324230
403785
780909
95668
209508
427549
497907
282416
819317
725430
519524
304905
134639
833483
132101
219408
815988
82481
552404
644142
423823
289263
402969
204870
319991
227324
486355
355837
55956
96107
68828
766646
725068
269527
878729
210622
687251
375719
491735
112317
125770
696008
444136
200297
409267
289556
758473
620508
182869
170110
781137
121510
469376
445744
423929
801215
77123
864478
253023
419952
431118
409982
778548
517346
628509
502634
547920
222931
336487
11764
432282
374050
563465
840528
249887
509605
190037
514885
450626
585504
702859
910737
168812
315158
15799
577706
423287
775107
317141
743576
307123
266344
195263
303418
917011
34010
456374
247256
291341
803977
645192
753202
381036
998827
149586
89422
232704
188726
257232
731294
511109
115795
833265
442982
169780
502877
805030
959689
496090
98375
65807
379430
122715
227290
706893
926073
853214
986442
751581
632535
8377
980654
928384
743654
675346
980285
966966
824506
115834
885232
654993
716974
224548
142666
818892
434291
997701
123444
408588
623228
332873
293719
92863
370703
42503
309321
298474
144835
179972
716649
326250
368606
281225
704004
985735
968191
145344
146792
802078
449970
178032
560685
61234
335832
563233
182379
374201
231009
916386
937396
736583
35148
536620
543994
972350
658872
324766
298061
820359
296235
632922
500347
350116
290912
78098
245350
649007
229204
835380
936120
746906
744150
821847
673726
839349
232152
55545
682583
292925
970671
604138
709821
312986
633351
896383
895708
574478
783744
727814
281984
525415
353605
876005
228669
109760
512445
292503
192524
209182
923563
677664
684768
10645
255143
961217
29772
191696
692634
186952
148694
337820
467532
608608
160890
102053
995638
16120
650928
608852
879611
516698
741789
623305
466847
829223
653828
681386
950820
727399
278130
963701
496376
345745
748277
435164
613108
355455
340556
365959
672137
827575
469852
75853
839793
707388
635662
299469
694998
35383
624923
516544
291089
993003
664293
606318
170433
29157
798100
86232
428766
685306
897008
402016
7193
505021
102520
347167
528280
594449
265082
648367
144186
972406
382886
357265
122783
523932
202086
493240
279548
698687
448123
939627
634228
803471
257999
896649
678609
466734
393874
360969
388728
546122
996427
288752
436993
982235
709877
650782
354578
632198
241874
491177
982430
232885
39723
128510
413926
6144
196683
144805
286421
594977
911031
419057
371432
892822
178858
154914
740392
318611
105762
921392
7643
802147
655837
683842
350531
82378
538548
761053
391307
627317
199198
410363
817106
202380
56695
898339
832211
474289
681405
903728
545091
281091
498284
593375
447158
273837
999307
18951
179840
307311
565302
880793
924223
206629
200960
235094
412735
245487
401966
725717
467510
576207
632445
777124
84880
203333
339283
552361
654017
457847
56965
124002
67299
448105
521452
282196
954150
921849
83363
324174
649777
869693
285830
913327
771214
335171
551552
281011
194448
846652
604232
108416
897654
65994
892996
872125
996580
652241
319761
560853
136196
266746
374488
10802
853562
721352
630246
665985
77409
492245
139734
517055
220559
113672
300429
33573
132141
886410
827100
592544
373065
332027
708131
285194
915301
433193
117318
606210
552176
271525
635083
550450
107424
16375
480599
869530
63608
716107
116926
966719
699201
200835
109788
409856
891080
288524
766914
572408
558298
46402
472871
737767
1322
770398
668357
819885
41811
228574
653830
916885
992036
159344
820598
635402
900737
80618
17922
475118
192063
14866
361095
704158
517263
884246
444189
877735
399466
795771
811296
119245
180117
219138
735896
383272
169090
40502
632920
927879
80856
817154
366791
517661
678223
953719
247906
265445
966267
808227
563423
10595
633088
161630
735409
3740
405827
334048
932378
824495
370179
629906
34288
928656
723448
382959
295853
864761
199798
548924
190576
897594
598409
416446
830150
122194
653631
532831
965423
292213
122900
793278
975907
495396
476398
366507
601479
789372
944814
451412
836508
709837
503953
303987
843026
147102
930695
453355
950321
455397
211330
707452
318656
862297
786799
444552
393086
335416
8519
225201
755742
629735
472364
222297
500921
724049
488306
501693
107131
800609
115590
451407
262077
545244
38182
940946
316127
740129
862753
700899
262403
929012
557954
889892
18602
619339
233457
536010
284428
750498
673053
886687
16633
683430
30180
281572
842593
485999
786664
247647
342777
782555
871790
496651
93428
189236
555120
497020
436388
330293
554295
936502
571115
528825
633284
129727
646457
742555
441620
357335
435937
734477
529096
386004
250849
345567
247548
51336
495427
815057
792879
215804
908357
702487
886410
501532
60816
967601
776453
195184
529698
47578
929922
70865
777457
585065
695543
835960
349975
119089
333440
209007
380630
219895
100564
3476
778065
223223
12569
490598
689499
40693
624174
65319
42277
730577
359383
777017
832778
982679
697451
408743
494313
16380
758530
983567
711229
629873
567171
624127
77099
113160
409067
384541
995223
711824
406775
533524
909003
121457
335269
41363
65711
261018
670414
93211
305406
495028
549693
920119
232939
195520
357033
86420
127201
254018
776064
862983
948550
885889
153358
662245
492759
880356
981450
464965
610070
744363
60372
359034
795470
833493
39413
60589
467012
865109
316093
57309
539816
464324
540222
711643
491581
777549
702661
734863
425404
772994
89804
743682
34239
550844
328211
209960
187401
456688
565061
484854
949332
114498
653184
475187
2526
270123
804781
75705
859227
66455
536266
923814
230753
711497
507879
963199
353392
508430
621102
236223
436297
659850
946335
750094
86197
682207
878001
525739
377545
824193
717010
493554
976070
307576
584463
996909
848722
51420
367050
76128
559219
54404
179151
127635
120475
166544
927130
431553
404146
290404
244643
707188
416883
861298
121178
136766
487139
284377
548304
435019
522896
499977
860649
918794
830138
872182
973728
30976
46039
25442
370894
530041
611239
929330
209870
607108
61054
702892
328436
660827
591739
926198
637803
897406
869884
884956
449997
80385
805141
954152
338438
211490
624211
707758
280656
704074
127715
564437
334306
125016
235741
168198
448688
287694
460511
12935
690667
428057
762641
957870
283302
842805
70879
911977
329204
751284
173440
93415
342615
312305
768348
301721
488929
796784
551379
326752
206967
819197
237023
92906
865750
323343
877258
393714
51885
22667
467337
17181
99735
141914
723949
967260
90967
308474
563554
936703
974762
146828
827785
901981
722538
841012
347312
522983
246156
950127
336725
246226
976847
354645
287935
755528
121251
715309
968158
85421
651934
988465
545868
916720
490336
28418
226211
489156
945397
546035
452583
918877
794467
882365
355341
71547
808235
371986
388150
814806
103048
319010
534137
635167
479707
527346
814328
244121
648233
881572
600298
135508
798350
578805
489572
473516
41944
713326
164243
810292
600539
414866
477769
310770
159611
63018
512014
67566
615807
647935
952404
159679
880098
934625
923897
230644
809193
749918
406311
781467
791053
793505
805005
654772
808983
26207
691839
316564
258757
86015
427066
188107
293096
785592
154935
944162
931751
873943
739508
599215
291577
238847
301788
144937
915183
361776
508709
360397
898648
542750
462101
711605
526372
242141
674663
817386
966772
777333
191851
706260
445418
28735
296562
109759
236076
3286
470199
739623
410808
561795
798705
273150
393860
41324
864256
244089
338567
790059
436098
427683
583602
620933
509202
986325
61885
6450
566385
391411
24324
359644
720056
172844
256160
465703
701186
818658
341862
381682
540097
254559
317442
116433
742320
495315
575319
606946
991318
169450
283797
317571
492495
245848
614923
107230
776793
515033
903619
456844
8470
861878
717303
984237
589397
64403
710571
442297
68214
891614
662314
100886
827365
680773
613464
676652
377117
874568
755923
84954
63322
552956
673006
485358
754155
710204
982938
156138
439228
819999
366923
599490
577550
509999
432686
530531
259133
899911
821026
749534
458361
143670
317269
60496
228689
727129
481879
112708
2826
668103
950155
23043
528476
185572
755517
219175
694717
351654
207428
712967
347864
733793
590584
322702
359258
901114
486644
370681
731074
121560
538115
980657
858408
240839
626164
662880
588558
483484
46438
671738
458520
192582
748317
421544
448789
608194
727385
813429
280288
97782
985017
546587
72836
650017
496673
23020
80044
735847
766533
975795
767640
122762
611624
902884
117997
474975
683758
819385
822259
138970
361534
749914
401713
146084
637850
204331
78052
492769
411040
583389
397075
316874
687554
791766
849421
676750
951429
918563
56001
331487
88272
438577
243907
414295
360796
572255
953719
125123
367761
104561
800940
668387
242576
409363
675277
31518
786808
816700
583522
888539
748891
235680
965464
295228
397621
150235
395556
30001
900230
936739
734585
838564
766261
341733
632676
211743
747992
216403
32936
764569
243543
843226
567922
345940
47146
876878
271304
457745
934940
113388
254169
89372
167545
927038
561572
895714
201425
667443
119161
447816
772885
711682
698543
512624
18848
435763
740770
547635
375775
758648
958088
782525
465381
575144
840705
476048
784175
914741
244270
980032
199008
280215
300013
584068
7647
471574
183360
350491
589408
405781
154101
967475
319182
552506
170243
124018
444121
89835
531885
196465
723075
851691
86207
156355
259768
250011
309487
43375
187144
510780
834020
218314
70542
840469
88026
752597
256272
889970
627603
452452
989950
794427
846085
970838
641168
730519
294500
811463
385910
511168
590065
905707
251335
136106
667715
851885
144226
754376
724449
450256
565025
132912
162738
626525
899741
72040
951759
730529
540260
253132
464692
27607
523979
600118
692721
88712
82461
895948
780470
616910
886173
145139
151990
474394
588702
866135
851027
704731
129346
658524
33970
665467
339555
598528
264198
296871
156802
318246
738584
333569
181553
133007
244392
702380
742704
731050
256396
447647
816494
322307
736843
277694
132257
408245
360398
705609
282155
731738
239606
767616
25348
948460
490690
510251
792362
802308
105088
891268
270136
764826
617734
232081
661708
203530
257859
139176
528713
73862
17053
594384
70034
62816
186226
652669
974667
237449
683068
70518
549415
802330
915818
417431
355644
206287
454217
66358
585422
402070
970800
771903
811705
631548
88234
38910
655824
755752
457123
233226
48425
793372
702773
734592
271618
836747
735015
745561
46910
223995
312735
80716
534690
832670
326814
12271
393995
87563
82216
703975
678307
498247
718749
432132
201706
877546
424230
977745
464234
11760
759907
493015
877819
438908
638269
480843
122162
344842
339117
851672
729575
255989
22241
17952
100800
809208
309363
328467
74159
328752
670371
237838
517640
496857
224299
736711
285719
564262
877959
702082
661481
616513
284813
72386
387357
696286
205849
19601
655985
645456
438356
297615
603514
512422
656743
313594
310297
173097
210371
545538
64985
807602
385411
27183
391428
10085
229768
761833
362353
370328
426306
190573
340176
976252
498418
273382
932180
439731
697212
479968
843038
413816
793117
624896
378072
420726
720646
773711
741088
962486
114482
917229
951448
54987
553259
150983
366275
807910
214796
803831
119598
714920
382916
252526
621848
392428
753410
617002
508755
82589
186679
416962
134100
64773
234085
176508
327703
292037
771560
354154
233332
194388
203431
672622
303280
260458
315927
380652
365059
99070
341650
921468
509257
894371
352925
106640
884541
831692
55739
489992
37263
471913
875649
918367
224383
752413
375445
949557
719055
535444
489282
819206
122351
529795
748452
447003
103389
365226
212525
934767
87470
968581
568506
90151
922300
522952
886991
825178
41111
491265
729725
68639
459628
641580
804781
399261
605526
107942
758015
975354
808788
51686
68724
443230
309570
627507
205639
396136
342796
883847
990386
248043
157099
572781
865901
382038
484132
198232
506028
604820
215537
783187
461796
643300
749032
845951
569288
887651
169778
723742
74441
353465
69403
264431
350268
134952
533964
734014
127093
924011
153905
707412
117203
427214
314671
448415
305847
605452
999026
24292
949703
999858
410207
64979
138928
409034
246694
78994
263843
968402
492855
67017
414460
261701
468522
492012
734807
861900
390622
946124
760278
379052
23832
101857
927951
248085
270958
921120
902044
174072
938800
545031
860752
277644
853337
249799
837043
579524
538939
742513
33696
573635
741943
571423
866571
982329
438416
652251
9407
554096
681137
494885
338823
351610
649373
700940
518019
953090
829544
510545
368104
2417
629263
973790
534273
460321
148516
367652
387023
186206
917297
85952
859440
898964
169753
938694
420013
613453
82138
259110
621913
271542
217378
93930
998156
340504
506188
576139
757398
478622
439881
52453
892445
260485
945309
440081
425204
614671
220326
107314
732826
944263
720902
693520
221411
355152
639010
86626
497611
867883
255059
427903
276297
891478
590454
646866
531824
353268
777383
271952
19004
3183
468829
420030
398866
87067
704058
518642
901440
670758
310500
447903
493102
391370
290606
473046
741069
766646
892880
827137
340961
367692
118937
763737
545612
826183
658305
907013
482163
136319
586838
354946
462627
844471
27280
421886
573090
206761
972589
525130
80934
500060
264863
294229
304326
751310
179500
655060
691283
789016
34250
959480
790926
859866
723850
727665
688814
201894
753738
632831
746104
338406
970189
867729
524842
692987
358864
989689
934571
749985
181611
285209
591308
978614
447396
94616
261823
319614
70115
760959
305038
515328
932369
886430
806373
661644
947826
257204
951806
819777
96221
383691
372146
898849
576705
420680
196306
117259
784588
549461
988548
100937
611150
998657
150288
726173
117092
730837
447267
804053
675312
590336
785422
95082
836150
354640
983520
789526
5782
485379
914865
511516
966198
77575
106392
309002
789268
701700
970791
868961
765672
729512
438310
940163
279666
107336
67373
128171
908278
674495
358411
343122
559476
18399
321985
405615
926587
542256
428961
474039
97848
529212
541455
900295
212240
587333
323201
867509
470155
282735
322735
454623
452030
842028
950918
217043
103290
236615
923246
857781
753893
621068
352571
153596
445625
258266
274258
483026
131883
960201
248182
848954
890639
881688
64115
277518
752070
291441
154632
833048
520737
550313
666042
320155
455155
394913
517186
427342
869247
908703
540251
502853
577396
845075
301814
504339
398807
903679
67601
531150
53482
620048
501672
477283
538885
222087
938802
602474
629815
626334
95644
131225
860546
408659
620135
669843
324052
603105
106172
380845
637746
956475
750725
310767
425111
232717
241986
641144
391943
742208
766648
812978
82193
775318
858122
547934
288142
721660
826915
204662
496121
58246
217078
748139
43807
971626
714480
105146
317827
52973
81733
969592
680941
684992
764609
10301
750219
314117
471473
244629
281318
414941
369009
200626
928864
925655
797541
488135
131244
323118
470397
571532
557098
46754
168030
393421
655159
781930
789003
199684
517675
420308
218131
905738
148175
573441
277648
311230
892953
154062
864669
440971
318912
243481
646709
798965
927300
954199
127685
495950
447898
938176
259940
427784
527346
337092
275664
244528
649095
771582
732497
73435
633521
260353
445153
501851
575271
712004
533402
694696
66467
111281
580225
405639
927310
618765
434327
998451
871448
671857
813305
970274
616652
461603
385826
517751
8925
215041
601608
444093
793850
666835
430276
956217
858462
244934
427713
229974
21866
346057
370680
265369
765104
731300
892556
674637
583431
651610
734869
570749
865971
301088
829574
829277
771476
772463
815957
771125
931776
52601
580059
337645
543057
589903
490360
406893
769325
302629
394994
364755
706522
810789
241349
947888
406926
499503
872747
877959
880244
39185
132789
535032
581526
997604
591124
299488
386121
678156
398517
42793
95965
521886
367470
410147
356153
748796
742340
262907
316645
606727
314636
384186
252130
526689
47677
18235
54629
23203
59889
814569
229139
425422
456602
880389
583850
381742
341395
156462
31906
80519
987058
827043
351079
72517
149130
115498
509805
56692
610648
806646
295268
642446
736944
473551
923306
150784
31879
25125
493536
69555
557182
490339
764180
967832
247970
185397
960151
504629
875396
945413
240833
701067
924146
246721
75893
51338
699359
227240
279316
69405
218130
786367
840528
5270
762832
467088
966193
185091
763557
369868
843834
96629
640643
902750
552422
814116
526732
429994
9718
85320
178657
28508
679527
57410
330888
580525
330147
599652
620104
509483
215559
889547
607775
694978
692952
842269
39411
182633
587319
695201
936944
626697
865532
541125
979998
609552
855907
451509
256025
389552
170427
691864
330654
203951
267555
166342
160565
343516
657447
556110
417264
968086
89491
782286
170787
109788
122714
291347
890673
326171
781883
66225
580874
527247
641279
5381
134679
963101
191626
64214
606835
33033
970584
400608
602970
58912
174875
765224
455265
784926
910339
28257
800122
754987
253037
103514
966314
413122
286136
890397
294905
49520
439148
373604
281230
614017
894865
280007
388927
838712
748997
455903
988481
802322
131363
11441
463318
178819
314714
407710
890960
686524
570425
970147
62275
476350
982831
812406
10245
456900
19863
673880
369013
733813
538826
512055
526162
257860
372897
211581
380692
821643
455738
331628
176853
544667
863789
961744
586877
989142
936411
665680
854214
708483
257077
447105
445223
20554
554298
198197
92886
36541
417439
923640
859383
610135
463800
827174
198448
385811
726725
741141
631182
729028
937072
657798
145252
372790
748631
768160
774293
28121
544487
910949
395235
394692
580661
962572
333835
269362
713125
214313
834283
467826
153030
881971
967335
255341
581541
979004
452334
677272
144390
823438
751932
147921
799197
810827
713854
480957
897237
899305
766885
317008
220177
407776
930163
237246
326239
281378
376474
898961
653027
986223
591200
467147
176501
648210
251332
791553
614712
27047
843013
962615
616769
512839
851671
343395
861692
4586
601962
721523
461560
950510
960401
814126
602650
8940
136116
202700
669458
633523
47679
483667
711635
167599
91999
89183
594986
956962
893963
484711
303720
737114
14283
222822
104933
67038
985483
45501
687428
761369
691413
322133
808394
246303
7288
839922
822619
25200
134389
751487
69190
710379
824608
858050
387009
791549
725616
86801
984172
882084
558039
441415
857502
448243
367848
239845
776779
921668
931973
726627
401800
63396
924501
614694
39944
643851
450766
447675
706821
769421
557600
749772
901544
224253
238367
975653
851447
346864
955680
554475
148575
828046
537798
895490
841404
754028
356080
192848
50819
641830
323441
246860
720219
660830
294195
78479
119158
783468
664015
301508
169283
446148
474464
547035
621151
585848
519417
696585
801825
74077
889633
418725
471949
90657
897190
191461
367517
259837
359295
736237
608583
220765
559486
305911
232783
148738
756354
815178
809117
570176
886991
532012
747770
882342
807858
892026
758218
716611
277147
366202
652893
648914
875581
95868
340357
548792
235277
340185
156908
644041
756495
663747
402208
900554
470279
336784
192786
51682
961430
142362
170096
425806
248924
728932
289643
360796
420298
418153
426412
93441
816121
120859
842362
257813
176932
26986
563864
422804
435039
839637
22795
965442
67201
656335
572821
564273
953360
203623
854705
477911
296338
478969
179497
904709
815296
399435
744092
804368
102613
822322
788464
719478
329073
436011
719314
726329
497867
821667
711448
623432
318429
609855
894949
356488
571700
488787
89948
887039
836606
735493
997939
715951
337960
956764
538131
644828
316974
198984
275806
672407
19600
98582
510661
967018
637138
649349
520496
776727
354694
467219
572639
323859
972505
37754
495265
479578
300578
755490
129520
325661
196683
102037
247394
786348
912495
428193
327786
474112
940976
173764
955159
120727
578794
289438
473735
769570
466418
487147
173973
199765
571804
680647
289630
713479
974245
750367
176111
834432
816553
791310
480282
863020
500942
241529
644624
309607
568180
924109
480083
951237
559402
863503
339849
136137
89231
696461
568710
24592
218090
316285
992334
351449
851198
969914
518554
525200
660629
616094
546231
893780
933008
981150
824131
304460
636055
401726
530189
528284
710641
560188
493140
324272
259306
861801
139612
302243
2408
256048
864077
235360
539205
90775
117944
763213
423758
683570
270135
41292
141627
563620
105526
561625
140206
329441
389341
70576
846149
656970
411947
302429
690677
694264
424514
423117
767279
559634
73730
606682
156884
248524
833853
972470
781006
959991
746432
76817
532582
387912
477269
351569
241023
264133
190564
42070
359398
879005
802928
363520
495913
440131
290537
146579
765948
412702
228798
460248
787106
530909
810783
617725
366270
546742
95402
144394
208964
267131
500990
276268
542152
977399
124313
548738
556657
317988
965630
843606
168177
960545
581134
173260
172062
442309
219989
744571
210657
408351
161762
827684
266142
912659
597110
412004
219026
906353
889545
919060
123760
518328
932499
673992
613659
200301
141351
876300
163990
630205
791912
218862
114025
158083
429845
693501
506653
579484
781033
82238
576128
511659
987973
229868
889535
170388
391481
402424
776917
78724
533111
725825
782616
967045
188404
800986
131477
242018
993036
148173
180456
388898
606756
349504
786993
751584
14279
405192
784361
686811
75673
137663
292641
300439
52657
569818
183721
597998
228573
823740
237053
744248
770329
808154
704591
223165
902756
798625
834554
195775
686551
506707
54061
590040
698239
205121
359175
274764
918620
784642
337887
353341
561757
236356
809552
51601
686154
383177
495911
807465
729521
500114
405127
585595
605883
810073
819513
270425
393001
299901
865767
937811
844880
579954
826993
678592
980752
226245
45785
351244
791246
785544
298544
535842
95071
859628
93188
785326
832772
64285
856907
82548
451663
206014
383042
7001
959854
364712
37133
681884
916808
129311
143988
434106
327824
596549
344327
878348
464868
312285
545912
159758
182230
799570
714615
89458
146881
675127
644967
136444
4924
985244
970453
186505
420431
330407
760798
948323
840850
443010
608064
68109
582431
603423
558470
974205
720827
113579
19590
842183
288340
588428
697588
216496
781794
431023
768281
678578
882303
610048
917231
197245
856091
325714
898325
614206
954824
151820
65157
938962
44253
187258
480667
849220
190231
95984
186093
427957
616449
820595
962693
361375
173037
292045
594853
552004
655516
184982
692744
150506
719226
954928
441302
363129
906766
394260
488511
30917
765385
209033
76889
483201
939488
147589
629730
703627
190900
396506
983678
532080
277935
204574
48275
80031
829723
569332
77766
575864
774510
40434
850585
267856
730201
512757
984505
264564
628564
824910
629068
809177
12935
860469
468484
654403
870890
614597
49549
346864
116993
202346
930007
526373
617556
8737
13774
135121
957108
370311
628373
762781
506043
150145
303750
517160
517365
570990
629733
697953
475831
615032
323169
644719
909101
593100
419792
281868
676306
209813
655335
543642
672593
687382
59722
591806
874176
361645
636664
759036
236158
342974
165037
209376
575763
152484
83342
452714
461755
670536
654387
596886
174548
574614
689506
163516
512188
909330
815641
919194
43752
164160
487420
620085
294334
290369
891278
299172
301348
794687
704226
172106
301564
274725
33069
644852
671738
588114
547216
68879
691761
765616
619592
962423
416088
804556
610314
8459
761091
678974
419472
987720
930114
207074
845060
815420
299213
422872
159746
779699
380054
762930
532223
199071
5625
604986
150661
677646
182998
390328
790211
316132
294881
758249
737415
475148
53089
227499
526474
193788
604743
456689
925401
585007
242242
312788
495028
825166
39641
418126
835434
760320
797852
627223
618952
534704
23991
519220
514545
661471
109696
490365
1971
275823
835592
906559
326732
583170
285010
200993
19049
502617
97952
332478
83471
105120
323859
912431
550695
984260
954473
367493
624287
233076
312924
888388
100593
33052
891492
356353
179213
908874
938586
89933
517093
910670
115308
477176
80102
611993
498303
965999
405107
417492
953600
958091
839158
910001
413069
12615
385741
343369
206364
297408
23047
708663
427631
863297
58618
377586
953794
674081
845341
702437
953865
41119
216034
690762
918644
876045
993846
179884
178972
708757
853961
158247
563797
425220
823613
210691
222374
840283
191707
604226
243978
559056
214837
27559
785745
450963
338133
102838
878293
851965
534443
85627
428970
307379
750624
424867
307559
216744
28199
233457
504771
934691
437003
621129
636870
768798
182963
480011
155962
528327
485479
437611
911522
906544
298852
236491
220825
466787
949881
762061
610285
556455
529340
804671
668289
876409
477522
745386
3219
842913
753695
14712
928239
448646
730056
853013
292005
676977
216370
763683
302535
935201
510282
931107
426279
553062
266583
488931
696451
73628
142984
127951
682403
590465
639122
95835
525544
165914
281058
821936
601193
356207
218496
515651
213481
644000
690164
245066
543643
980237
384285
175605
46313
364596
468728
90718
563088
902926
350586
306940
251504
103310
129019
707168
756587
284920
55926
376623
567534
708374
536992
175572
917268
656407
698326
484678
460152
627795
600753
959719
533812
255006
747556
142290
301255
433673
132047
242807
930298
69314
360927
662852
332752
404657
476272
61981
719892
94535
481952
953068
57643
816364
681490
981336
257701
583246
599410
384076
253097
195699
751582
488225
939464
574179
814602
583838
46266
859201
967174
636320
149697
744080
97489
790800
773903
312437
348446
213088
542007
126599
220177
255066
574252
148485
974325
158420
836033
660014
32077
935949
857279
210241
615513
604681
655035
275691
418708
624727
254655
753531
971160
165977
984421
529196
172053
786958
778339
644629
769405
441780
599708
159741
672065
815196
441896
44439
49288
865071
375038
554174
598455
623136
400940
752703
22115
939863
237436
281733
23838
701439
62828
604519
19364
103360
918176
341750
633799
831987
411105
282228
441714
448115
732168
398333
11894
188131
421886
347803
148625
333255
490740
696970
446809
948965
12616
851046
546963
908099
285313
252548
365376
912004
311801
890606
63341
358402
197760
566800
964331
6140
740135
635007
820522
453713
398730
289983
870311
396197
122383
165770
313793
893473
239699
215362
522787
499014
631019
681456
820662
547434
113382
617683
310509
893409
721787
817425
375423
18272
213715
212610
384389
789815
203410
343426
211123
557703
531548
901926
28970
369887
825885
211074
737149
590389
282884
122463
204206
814282
909759
929703
202291
107457
577011
611279
932760
157416
345346
12543
735299
204269
505829
756410
689321
780412
461921
791577
884741
222487
612132
111728
524677
695991
131483
492844
777699
869423
440428
910963
605065
502124
504147
144828
336798
359033
65117
994487
898695
596117
176624
372961
661727
745001
477241
578731
58405
984711
609654
698497
868470
501633
57269
905150
373587
577467
677776
885422
299688
374196
351987
481272
30708
51872
422639
307835
26307
852190
20580
133418
732636
458718
367294
287040
59112
687590
139391
922776
176893
235712
38094
217872
724973
917458
73303
721338
928768
512105
276173
802729
471350
109303
314513
866919
834072
449632
803069
994965
785941
440268
65994
912053
375308
766494
572004
438563
255530
822042
125915
128888
972910
159692
65106
388017
833242
192984
497074
337785
509016
766946
331284
232874
281513
416938
545121
96377
287843
998906
186436
190504
566
186870
44160
289284
569681
366854
617779
267081
272032
386117
85618
512416
278593
453861
288397
479373
203742
459125
158657
850896
143036
799726
329626
399264
768951
665165
719121
970968
593097
518019
58017
497020
791347
946748
371230
215567
919444
69870
347716
232854
834777
110026
866886
206481
127681
86965
427623
370176
972457
517759
591041
107817
919525
621484
271469
105304
366017
602491
128225
743082
395774
257475
87259
573594
483726
309529
811394
567557
337690
470858
728848
925717
556976
326834
683630
604063
634721
280148
782765
684742
223382
460926
416453
671654
95933
146440
62433
969622
127271
689794
732478
370732
351874
81106
640816
110946
289747
977501
952833
639990
138446
281479
312958
275057
12298
868937
699460
751119
503046
981475
790073
329965
338534
478236
674853
235379
234591
458936
439589
708663
638705
535997
843820
89461
20746
716501
904384
478602
558583
697476
600591
59813
417689
249635
972777
270359
773925
539713
530781
545299
756847
412502
979249
207537
75489
891440
418113
432619
926697
423279
954634
612346
281024
603874
778391
200578
315137
321866
228911
539247
948583
252786
801732
536539
584430
984697
850700
65042
761276
916400
668076
449511
467899
371763
210117
971613
10696
780169
263946
122140
472576
12019
347512
874853
792489
121411
661487
421901
463973
704154
945729
179151
588926
288826
205970
228316
768954
885311
764944
792296
894311
776720
412646
958449
968491
145618
416192
394040
120350
987609
105864
721882
637184
596917
849598
249021
180377
252763
757417
7947
857294
615940
513251
169409
910645
500126
995267
36550
758299
505365
401517
463340
172239
821761
403531
80808
331205
269784
103195
907679
524588
605712
312717
957108
469906
604326
322788
53783
295045
509967
522245
302547
385938
650615
108359
351124
95497
435182
897278
23020
406860
6754
217397
88468
214755
99924
262431
152275
105534
307650
863665
962562
609161
495951
650392
398015
93972
993533
741133
567666
352159
909100
24669
945854
523288
113753
205099
990251
795783
361986
145726
657745
375611
68093
565165
39499
277302
239864
734958
281222
410724
163183
806227
757063
677407
995502
908136
753610
141914
433839
39022
353338
20732
807826
665962
925218
488841
49393
386488
259406
96556
222920
454004
421906
98986
428228
460067
403644
609300
732257
962693
471158
751340
57561
603854
806648
976076
670348
652177
440922
236273
317547
185268
75335
155101
662055
862901
337624
172494
76704
204870
601000
427915
875552
809464
843596
296888
155588
330114
550123
515956
694238
716623
953221
52631
57574
749980
144816
838141
178983
939600
268472
62812
517792
610659
917308
531165
518359
31214
925163
849311
727344
665989
849384
395983
434814
890687
551846
694495
510656
983160
299639
425514
230085
720126
890853
920956
502828
555162
659503
311252
770390
949309
781790
785446
805044
527138
161169
243926
389324
861758
147720
679313
435158
775312
710543
151858
897777
4688
546259
848975
473083
172614
109721
291115
519148
126958
723086
832818
801016
219600
660773
454136
528825
408192
362031
72802
36620
671709
127572
483221
498740
629533
208729
288840
598822
88012
311884
819551
477976
234349
431848
113012
576519
99294
41142
676432
860185
366369
821366
10482
93042
207465
440387
606741
365566
382833
483391
369336
159012
574711
595986
672980
221097
632386
303693
209320
513002
276807
148870
292781
11119
935236
930168
580448
213976
418049
485435
931768
832175
771709
911730
101424
220690
405127
568012
100473
935211
428785
121366
837949
517760
589589
97342
40432
217521
786018
159573
794160
305649
942214
42471
334343
671991
355646
371059
103479
242371
687100
619825
763662
104088
454779
164201
812805
747488
987558
962692
117511
528805
135625
580742
501924
886339
82435
480247
778681
545893
223200
803586
742190
592137
437375
933477
364234
403898
933112
873477
604168
138898
431250
751295
669625
435592
304606
887335
89459
700380
842652
426705
865493
967533
515269
710006
959907
596115
496910
714200
480684
81729
211115
893401
837839
559127
487478
915147
262385
709482
648494
844422
401259
442123
239735
618922
127840
23713
532237
682322
610314
592896
583939
409278
80227
304578
312512
115767
902688
939757
594651
645487
854828
982259
129060
609289
784488
12300
909766
793241
414690
293058
933092
882005
660433
950926
6857
387141
305535
517270
971469
878764
425151
797680
454285
376056
685949
499352
353152
264691
987048
28004
449173
964379
353383
480191
348942
890728
528870
583821
101192
879923
97975
452414
10664
705301
896094
415686
438653
989599
325152
727278
559885
330272
146559
843282
16231
879646
536384
34062
116108
606725
587886
59423
308321
478289
413032
122437
299108
942961
210754
155544
670593
439217
858000
186876
264325
636680
132943
225477
294093
262850
850710
237306
506504
410523
911042
273594
498683
573710
862206
465252
588748
808332
138491
457480
575251
810027
106606
484707
599876
573141
370253
991553
992331
521330
605352
628708
360004
859303
885249
794735
235989
146102
6688
348764
638269
893381
122003
435844
264335
967182
685476
838704
826720
870288
396321
37059
788391
41515
100810
962351
987460
871649
171258
81113
621386
65373
364816
587294
325399
64733
112880
785637
289905
373372
165683
380028
444391
250871
881013
682135
454430
517982
160484
550949
709363
262461
970481
212656
628179
487113
317077
186906
261374
574516
464799
637222
133755
727885
288819
172297
839241
861419
688113
317704
821789
502121
694050
395023
580287
559051
921506
255059
9508
992864
97400
64493
430399
362943
791250
293733
130176
361643
2038
690584
742685
742595
173623
775430
466106
621680
673199
569938
675294
676711
421371
714828
201940
481392
630774
690293
35150
765592
961384
221322
404673
909083
226442
953916
366915
971229
668251
124191
316662
860195
797852
124358
600539
845925
598869
822606
841439
376334
719720
64018
408969
550861
44589
611354
429430
670759
26911
352115
325695
18229
453177
503398
500173
605956
300313
610133
167209
547125
993978
677819
283187
872534
455199
115565
671735
546658
775990
718233
342528
822263
975395
83551
74280
909003
520108
25245
784294
974063
288953
680898
646748
448128
530942
278874
417526
555131
622039
523148
950299
347364
441307
890515
40269
789951
704985
199455
355592
482721
812409
853247
935455
909194
771650
281312
327770
789268
27615
166407
459920
889985
510424
959227
199964
35592
600192
607431
524598
431200
942887
952832
59991
542724
362850
119482
988546
42399
497940
288462
913924
512713
476502
787634
868961
38564
987984
917537
172086
744753
55099
419795
12855
236485
78983
635530
238989
927206
591752
440283
881457
174747
492890
72662
776230
857688
218667
469643
719809
304615
986217
56321
483015
456212
632503
601461
155236
599064
96820
133094
391014
964846
48265
907741
75659
192879
444780
308438
119741
855785
616129
970742
725704
674168
383972
845962
840272
807211
845110
193567
313230
897023
783562
885270
623348
9838
266430
627048
89395
181253
266251
982579
418501
58434
914534
544601
40109
786017
635141
671410
354064
673367
520256
573389
39111
561601
277058
723162
958237
237923
381583
672075
617555
787015
620422
357012
330816
378181
595152
62709
510081
471567
543791
693840
196188
6847
619445
669105
594554
708619
689271
784967
828809
798764
8920
304299
83606
966924
696017
20931
826209
297073
627860
106259
944617
863814
254173
904657
118395
818148
646662
37891
39310
368847
676840
667090
583562
177457
521427
370759
889898
953708
952247
717014
91502
287189
437221
227152
344492
172075
326294
185176
305365
597868
861027
27969
498377
241236
826277
540384
899041
253909
551833
381528
538346
205159
276776
427340
577483
954512
51248
192805
468047
479811
735044
439686
402848
105772
901746
732747
176925
366270
14134
735076
249362
749444
903271
496931
66013
992173
247048
974043
195864
41630
417110
558492
871053
755354
263704
435252
225180
131535
710603
469198
421232
46809
922546
119916
117368
113786
642196
944039
661412
636417
830112
941991
448836
509788
624317
770945
308011
436719
801694
750168
441752
153704
979242
944981
849749
946477
38422
233571
942210
112082
969405
414838
196936
548843
885912
932257
884468
571434
254477
186806
465735
307311
288953
794172
619890
94175
612747
314723
440620
962102
932477
942511
549896
293394
701370
623971
212395
363510
870904
296747
993002
219289
501502
861444
90243
652106
324044
806013
604542
481655
225773
603534
190651
685025
582396
871415
968612
318643
427713
468225
338407
556093
733607
653427
932178
205266
106215
834652
58530
569070
178090
531228
634437
90287
298995
536743
133719
359083
915439
468852
294506
400572
299729
193443
778370
691021
412612
715097
900218
948722
585
462701
553626
51610
971193
424904
204135
180638
779605
717467
416119
717012
681360
107533
231900
779282
647253
248723
928253
282329
462711
80933
365204
697242
969534
707026
21141
50562
232962
101636
683537
49740
298751
143922
608723
192204
987239
587026
93549
119035
970830
703370
204629
659184
61613
402028
8310
847627
176843
883507
596619
406835
567412
733890
516788
744352
237792
587083
114788
25985
570063
50721
988049
17782
898929
989316
861054
134525
700428
66636
654656
565544
180451
961544
482863
936124
875201
568974
700017
386578
25709
895468
596767
265517
957556
39740
530410
602384
559924
130478
395534
580569
522854
498473
344136
613538
520030
712565
505808
806205
957335
994344
654587
831267
628176
502955
722039
71261
503216
720272
782315
555819
905341
67309
623846
440108
853187
528171
255529
956408
824144
377391
957085
32723
110331
690547
743480
801888
973019
809334
89821
259038
762862
621591
858270
590284
642904
455961
41890
828116
209417
990084
292983
187504
755509
790970
47934
257355
245690
910617
504223
67179
799637
766638
463815
512129
41182
982063
500464
637300
899882
922229
966149
941813
522008
893338
377943
435276
862271
518814
354184
531084
480839
947511
882761
895638
125088
139381
591078
106651
814554
219892
373807
961072
565916
131063
86098
324333
285421
387902
487373
946351
183592
505559
682446
231083
272089
561596
520534
874064
221059
199327
247030
713203
341281
573222
963978
802564
817431
403544
111106
471308
721955
211989
379951
587226
28430
527379
829947
945992
19919
86547
444494
962680
683954
755127
41793
999533
952539
68836
129229
602629
575053
979901
575621
133259
690841
114389
120827
378468
929410
404405
999485
914650
326711
463340
466184
903307
253549
403800
290108
991152
808576
759557
203440
982054
208956
697726
68175
153626
716049
409636
348120
828454
973204
639473
832576
297271
44750
316733
429188
274761
174031
663653
617794
664383
260694
215037
649085
556856
325496
862790
67909
79389
426386
197185
939658
393872
148883
431414
637740
749460
656524
349672
426714
871521
144546
632809
743113
283524
754426
168165
255942
920149
346827
230059
458922
174976
335575
470315
216974
202776
865417
601328
417517
261094
570673
756730
270023
846647
876974
456546
326892
149128
804298
616187
904964
470223
983069
871517
558929
280902
579643
406244
348736
474562
873505
429245
646264
250244
239466
420461
785951
548798
533058
485291
199722
384943
330391
219169
875517
302578
269788
158496
546876
480756
797401
366213
170865
809648
777609
498543
764540
338567
420464
6455
919096
577487
295710
531287
131411
465133
7682
384713
370914
299395
31418
43777
617824
974367
849311
264270
80757
37793
985443
527948
762911
793182
697453
195730
616580
72591
307850
535511
766446
573641
173188
306540
93335
874486
853882
903113
984805
548093
937396
408073
622523
465126
860057
377936
222280
214010
788480
48736
221506
228637
502346
529491
969115
801529
42532
218801
700614
245192
525167
692697
962391
136001
595959
124655
784251
330761
287196
465444
492444
332431
66110
386167
20562
231062
633061
562827
792315
87393
223361
94584
580166
431388
881388
506426
459003
657110
238363
444057
627019
4028
109778
886477
379707
753048
372865
878485
399922
606105
232846
812097
463873
197041
422927
73929
2574
469319
19632
93098
198683
407345
158788
442092
918440
365795
183312
102627
556313
85209
828187
280519
179924
990513
205703
400479
389323
1630
681705
473764
525874
460284
947626
180608
621067
127261
363411
906324
41376
805717
49258
881958
704171
596826
984737
503812
972066
109435
727696
460326
259900
405409
312927
829303
887348
543197
923596
301330
925975
807429
689269
26526
663698
969543
657827
312122
267438
670957
396362
883778
137831
787629
425922
39641
110245
198396
131622
355700
220087
545420
119855
230985
100178
870157
32923
765682
39527
810886
940048
604336
909202
153464
519640
877153
93013
550903
375087
237574
307228
371194
879851
371021
281652
703272
713780
417896
757978
130805
375322
645088
444309
379450
241394
92093
798400
867193
640904
768779
42670
248054
811344
102965
83065
687475
587156
589057
886378
830170
376586
230824
890397
618202
991296
24318
345243
834701
626871
68871
624507
932189
734514
148271
19610
487733
897445
598654
350818
863171
448305
920822
453463
132124
865102
738739
391285
364953
565626
604784
331649
289885
731203
944302
334817
923812
42916
390973
554155
369548
292278
963864
22152
464645
282365
86187
92434
656973
749003
341500
74533
762464
434719
546262
23683
118702
307274
703314
125280
44277
254904
17369
48022
374715
440217
675593
516949
697731
258383
623258
449657
565702
569400
329053
598098
827521
737151
638303
443527
334822
745084
798267
691012
971206
421992
416920
383364
209975
441637
273565
933051
807453
55262
84150
168750
301398
357044
783816
484750
769296
516529
224079
507578
572714
431991
935645
505707
945372
525710
420231
865379
517176
514081
951504
329006
36294
120620
583445
520820
723291
108411
809701
32077
341293
140349
562513
299966
866333
115609
238506
255678
873598
887284
482231
835613
10928
409405
489736
779564
912375
413694
377158
893907
495936
89490
914091
121946
982138
150100
948240
616167
14189
764892
989258
600922
872156
554463
859476
309947
569223
669299
246281
783297
753531
260544
902716
464951
34875
795540
47601
560444
658987
839533
594861
759526
716173
145247
289412
839214
237751
520749
755565
120936
736464
139331
137998
271199
868865
828207
575447
12250
692214
258401
94067
713741
279343
810127
349506
571089
207153
54987
816799
607780
890496
71165
917380
698522
661745
739485
861422
770729
144694
592755
244010
875368
469300
981278
516463
643480
10617
490000
591094
8184
431585
410389
582656
315069
279768
87808
363946
538282
497394
461241
141829
951723
28823
362671
710703
190231
633073
657521
234502
575867
223989
236985
573971
576735
43300
255285
166262
936417
604515
914381
288628
739306
992635
859050
24017
907001
936081
196503
35291
584398
248897
142582
186672
641626
206694
576016
670110
759459
761379
278832
14667
125055
846316
492430
901969
831979
742806
928980
658468
400513
304432
399067
758380
360022
962139
24387
111952
83315
276148
713763
897699
123820
820121
742850
929570
645047
463074
110735
125732
530024
50053
562558
413108
319268
541823
693568
859639
611660
744646
882245
682952
262421
634196
239764
910710
615075
340084
868563
200253
447504
997646
210521
899389
239025
37295
401728
129767
936803
889234
395725
136708
415076
468965
250591
229835
710543
407786
142654
241197
126630
864716
504649
977967
228816
654039
250803
425448
219965
149416
954931
816626
477836
759961
144943
142695
707734
978554
898311
353090
929168
190572
28694
978140
864502
650702
828016
705598
34600
285352
68863
410872
984497
658352
78337
43344
973218
111506
791966
904925
906012
787993
436147
299008
428951
676441
283929
917023
71565
95646
370086
788695
182267
150043
862192
719826
99049
166049
730201
904466
284921
353632
25521
231316
984695
573441
762842
310556
628364
119868
742265
311566
63989
674201
619027
468409
90013
477304
607285
822758
419366
953711
424692
804988
796310
122465
792339
955557
529026
688173
804709
114322
413973
319154
201689
205687
42738
519667
994204
539400
61559
994276
578228
717710
629302
74606
169607
636781
716369
815390
389124
641221
378514
680032
522699
539634
390981
691143
894281
472118
658492
164624
125915
982468
549378
118313
176056
283482
566332
254134
238093
829634
905018
60541
290171
490820
84739
313512
648456
676604
259234
766663
687517
787946
783229
975012
230856
279787
356049
133509
985195
462557
258138
621949
575717
396020
850546
273150
251743
953970
745675
420833
97285
338072
397439
428473
571601
845827
667963
746306
413496
56635
348724
587475
883274
381057
861529
403594
403746
600025
509289
824344
815
340112
915339
680965
35552
438734
492898
811063
539818
467485
181794
618861
166763
419744
199169
944982
166356
316608
336268
199931
290199
339967
670581
73844
393724
120067
977635
143621
960824
563975
775337
80206
503413
744127
209320
950446
611363
500475
389245
991013
227570
523822
118350
735671
256115
49598
547401
945726
723219
508056
257349
631257
953854
990524
456447
987166
54734
16186
458828
613761
94023
396371
858306
38569
49371
375020
245914
931492
540217
661278
778457
945566
785018
176078
835208
114122
890754
626916
723966
190017
659833
9707
502805
249601
814803
377840
804257
634766
968486
15127
723432
845907
827121
675179
948509
608610
817776
594267
539106
830783
80369
2387
431649
704026
508650
517750
170502
616884
229606
752472
322416
485815
163282
653300
421429
438121
670164
683999
789822
184049
724808
491101
233269
519722
613807
273962
14747
734212
958351
623975
65117
99791
539061
719158
619423
326020
931814
467767
409065
807864
141176
152987
679028
859228
445164
469651
736080
919169
491407
364851
316393
403912
925709
852399
930264
899354
888254
469915
496771
644961
599868
913795
614017
933304
274012
37538
348987
664383
298647
123676
392492
320760
385082
881229
85296
161258
125812
397404
194624
375458
872488
584934
546735
913617
617751
208587
803055
789801
788893
287843
514652
245061
607080
477358
540452
140852
667467
946578
471199
846702
221322
716122
254186
546842
650995
274491
377429
607925
615578
679528
660809
605416
652088
437167
783952
228737
404133
232804
934889
878212
888350
654286
790708
860301
130183
114364
586884
620706
565690
764876
866165
877982
111563
992029
406389
918669
811034
828995
107469
677654
577655
344352
586243
271542
696979
417238
336866
660711
747639
342318
213544
265724
836793
349435
460166
531157
892143
851385
749911
807417
304994
449722
458178
918372
395567
913498
632810
915152
610208
72564
183290
978133
337029
903784
605018
732103
165820
199161
206493
950683
75591
161029
639292
141289
703614
107977
778950
903478
102564
890261
987474
868874
111668
213096
997090
682176
833736
973171
446009
929740
56106
121949
734959
231514
1506
398962
311799
938787
551931
695017
861155
218788
543719
166929
747250
890503
107298
508850
311602
474151
348904
184846
280068
968136
740653
198074
743464
938269
606860
32417
939738
269034
375584
83140
412362
36513
407659
836619
320979
961136
830681
529475
200487
105757
168342
488044
107996
307478
497399
467297
271567
51162
678426
464552
144302
418760
611088
541181
669660
252692
572318
112677
125209
157394
618175
578400
803705
11046
185976
917861
615876
353516
391109
713263
228384
263771
170307
603210
16283
816006
629514
778613
479691
130485
712335
199357
624175
870890
398879
578626
162382
943117
512626
899408
549031
17175
782867
76355
273297
802363
735409
117175
846397
883570
282163
999292
617489
853035
572257
147593
842010
958224
951799
364207
140417
252072
551956
952450
137907
318693
463530
577699
828062
510217
29465
322387
884905
214079
468229
289879
116140
959007
36761
997370
190017
656418
465281
948666
911913
637860
104999
460821
794258
490417
418214
487339
708529
60680
154741
815301
990483
149490
990509
802057
750209
393284
732693
410695
845328
91914
305847
697694
853261
226656
470077
151152
179926
757916
907952
530166
955576
118517
180062
901843
599081
373938
465766
752171
332542
146446
108474
54006
678023
828745
577353
396219
655190
111859
623884
193565
697418
598093
36540
202465
454850
8303
445344
701720
970410
673287
683139
409790
520793
965859
562651
381163
879580
98810
924356
806743
570143
541729
457952
272701
76817
923774
184048
955138
651329
193447
721372
752390
506546
449455
704546
302277
19218
76522
649647
310091
989921
664227
285345
540251
182734
264457
927494
825245
345278
766392
789383
924973
112126
962502
964596
173189
732841
327382
830586
156773
79171
778041
647568
61450
83789
421203
281863
259692
959072
516437
114818
565429
533005
281272
581206
845374
689465
662724
778643
904614
550547
90429
697772
601207
570990
886020
283187
283809
399617
610807
654718
642275
855684
752563
418558
751836
231657
469447
583087
160427
801684
562947
450841
706794
749147
63820
802900
125996
394160
352180
48170
731963
493798
803032
211831
236485
54375
991852
126356
207299
757226
831534
943464
800637
700543
58922
587099
230719
19921
733770
743849
452661
964889
409591
250372
890782
54207
255819
651341
390883
795051
74299
458530
80508
973739
827371
52239
593102
168535
611387
569973
752116
561852
572384
971708
417913
808490
825432
977142
694392
207239
622796
679340
827896
966362
171817
670166
102732
721241
694890
658860
126695
266847
589042
904451
426837
862611
726023
144339
499279
931812
274061
366254
703420
181172
438221
371081
874129
888181
611945
314781
100906
120301
608331
346496
771413
141647
336019
685361
217077
802816
987337
63342
143952
725786
827393
291279
852147
783296
964724
619693
890485
717260
833271
39950
947679
384261
691585
686780
732178
212581
49288
775367
402350
365401
534227
866702
1164
713074
302397
92582
228348
295076
426484
572069
409667
264546
340608
276209
227057
644381
732624
683804
516303
217787
623982
359521
746234
219482
192191
884498
881328
525651
419592
230475
224661
557385
318186
668866
636870
389072
438935
466455
276191
481768
313111
272146
678225
457388
590579
997539
573353
463746
199219
282133
877392
199384
271365
565154
894535
714863
120798
199032
348756
178090
313418
7947
461351
656607
650149
85004
669975
480709
847805
536638
996395
621435
679918
853205
333487
307983
27936
498837
299834
737213
177251
152011
782989
487592
647541
934056
877532
563911
149041
749146
245237
257540
432417
555201
975749
590782
152824
978173
846991
469802
23090
647970
794037
438569
557394
873969
825338
599275
233605
579470
690718
450356
292377
570640
594684
842622
807477
239071
878983
64856
312525
508877
641978
819406
754027
264538
513766
433915
824143
115030
899965
569462
269527
741074
759515
373359
266970
613597
675294
785540
716346
217607
657790
432842
70910
478951
634264
19879
788124
177618
702706
804329
188512
996909
382334
725710
727319
332504
656133
830520
725785
257519
969033
626366
162992
629946
862791
136989
224577
449274
470472
806251
496581
52300
567184
248062
282404
321750
50797
355330
699575
174751
502400
827024
217589
611504
501427
931862
726880
748479
973723
668833
568335
565526
392920
212970
363657
541671
802439
317627
847676
780066
400295
812978
50938
288524
672447
185434
639926
658365
835297
307996
820208
945899
796275
467297
867633
404419
85004
620155
286722
266014
226866
119088
927848
540446
213648
982671
199317
103809
204033
801720
371010
771240
951581
244197
599711
73050
812146
719584
640049
969379
551014
757356
621257
400540
434848
263641
26290
247357
426322
373472
21612
305979
653696
258728
614693
311000
961990
580194
39826
804415
843893
964291
983130
285323
575295
492680
873071
644159
623920
154120
832236
219833
419527
989023
39829
247111
669119
578286
363806
450034
177955
710926
438591
996821
968451
121305
734386
600700
706123
826790
641054
16994
124934
984244
810529
929172
877298
613839
882821
877983
767504
209565
976608
695660
108522
483767
681446
71160
786726
685614
196118
324338
370067
629339
915164
466089
270283
248232
285545
35120
307227
554482
478984
704898
103847
188930
561772
359139
265102
806671
60616
73798
852137
977841
455146
985791
538731
800464
400694
568530
567760
250411
811972
528130
827121
376808
479501
61972
156355
567301
428647
379942
249253
574646
644623
491195
161611
207948
264896
314795
621961
172124
692572
437299
369875
979489
504090
461766
901980
771736
527383
501800
179045
675213
406685
651836
651817
90295
371733
549355
322887
952065
173076
443895
641163
260844
93389
172543
925980
296912
505834
1612
346989
518100
445869
365328
456088
704778
617933
835998
373022
217406
879247
34873
874634
322480
447987
693266
648598
479789
977224
422386
212990
632929
380983
814409
819857
530138
653566
919371
110951
715008
68498
433085
418613
724027
817776
973273
517996
384793
499351
878911
880594
713290
976151
373293
616225
965588
378233
752564
201014
879115
832836
166741
315018
793568
735827
229777
84993
276960
782623
566816
87783
819046
713600
870494
103306
974573
152406
595550
182807
328392
10124
955917
756587
815945
583015
530659
694619
951037
117729
110792
958569
609434
840256
896887
603431
598500
277403
328760
577506
877483
315434
178910
41114
5386
348755
224374
125309
264863
868985
398003
520496
954332
588062
500153
558142
123293
672794
578764
197959
787093
390554
25348
894412
254422
1001
905038
506258
88190
773846
146933
499220
385484
701214
639556
831064
570197
619213
187079
939729
618093
479208
712738
504640
502062
233345
165233
272610
286495
186506
353598
240797
495993
546816
756271
116332
995363
570017
899883
713382
622886
309669
150987
854910
381853
643376
470528
71696
949974
616995
633856
388563
596010
419472
90268
544979
466598
2718
59451
398805
354902
814491
337023
31196
669454
511304
16356
57080
863800
563601
464909
647067
725371
915035
353016
283797
316014
7023
16035
221204
676513
892919
655772
240745
409124
31267
67808
119946
26942
397213
992393
815422
161169
986275
596912
849587
979850
364394
763097
639912
781260
111027
406069
788530
937638
892367
46652
938699
84957
510145
529760
285561
81363
600890
401979
104165
579202
552773
303466
271571
664870
33240
13924
325890
686387
874553
83699
999525
392045
670464
610316
241709
876512
894343
758112
206152
445724
131868
757012
927736
281258
202937
183665
170441
61007
821010
761702
953735
906142
522019
131003
333578
265313
587156
579840
762062
592710
355616
500711
520990
861308
69540
48759
541724
684007
132526
890314
2483
459140
903364
622224
708237
120461
285535
451051
610083
911502
284951
472187
843170
979223
993625
360722
369613
503745
79987
833910
29802
627092
518941
42787
195374
871931
113197
318050
786233
943087
223071
256126
246039
951990
598969
982934
330263
267135
774235
14763
95453
478817
840827
159845
755223
647178
434159
505709
984530
708138
878218
751602
936590
722391
523010
668352
35052
416971
813600
35275
584391
393086
470293
967197
861970
294943
473132
370364
533924
387075
899526
801511
637483
185964
266150
40350
279613
452063
66280
809050
553659
163389
855639
371862
366643
935982
711581
89990
513999
141249
361034
592816
899041
671178
601618
638656
826454
20968
672190
71086
690797
573144
279367
235142
916758
790407
376388
581492
588109
611322
905182
310533
889796
724327
185813
841977
401302
381447
918904
462934
763566
89963
725159
614532
290802
288652
480285
387950
158786
190279
702129
521864
249112
713410
318383
249278
414213
649464
838426
643721
139488
540804
763524
570759
292861
917511
969556
211480
951462
210318
898992
600016
854640
131858
626521
392990
805299
599718
783773
648143
550941
666198
362386
281912
727744
134183
610602
854678
158443
971672
332395
36817
841529
433944
431391
954077
907204
759759
213609
697743
553520
11269
998713
93534
161956
109609
100528
232223
900525
722866
158965
618366
141691
492087
210166
122343
80413
291711
821911
682836
909989
111497
287978
329263
303813
255206
551515
550143
861808
52831
360835
102349
825536
24886
600464
477433
704606
348202
139043
202730
3328
182898
3496
290917
798412
253532
290979
930795
635527
737746
11735
706629
889304
817876
664144
398184
513355
177387
318928
282055
227944
937649
684904
231733
524298
641354
768263
552292
830622
488935
811936
248970
439174
966225
816768
447036
968098
867377
108755
514603
231816
45950
425304
942788
439720
14464
789807
89799
810424
18963
459300
27029
453897
256258
204922
837628
216053
733659
991446
320709
625459
826828
835374
231633
559519
924594
498980
174654
749410
728877
898650
743393
526591
910042
381947
691644
872885
825074
545887
73375
407627
628077
433654
106866
403563
693106
885129
199610
8624
407002
399856
9005
653458
419390
500041
370952
674465
125126
400777
541092
664889
922098
612349
974089
817118
928224
979478
490514
958010
147977
722049
315525
939486
413855
780226
792594
604441
548684
224962
874079
974524
580322
772889
143599
134282
754157
167882
75848
733108
831736
90617
546560
302033
145466
935244
110771
302973
642782
230771
740658
712353
67635
237636
14529
429105
738792
781245
512711
518540
750383
814750
605609
352892
583520
432451
176131
371567
275022
700154
666657
949965
879770
27961
997353
748681
820509
446316
34576
934972
882750
503676
199929
292972
713294
25607
353791
296877
689118
607649
515536
534382
272813
893754
207532
660141
784848
874433
886653
294541
663033
40417
337282
343031
400311
586334
600016
865775
948426
585242
601422
889992
358344
375745
634252
227807
150230
812883
486437
975784
366969
493609
308883
85244
742791
647232
350657
167292
77306
886304
332886
865067
87669
300151
568116
332527
778194
558905
225341
435882
999774
238097
48141
517696
59795
404080
866980
529926
252423
707119
644198
100610
98671
768095
600595
241793
389692
325136
472925
344276
680814
330278
242293
835119
616718
719590
637909
904290
982150
361012
985390
131971
993970
708634
50808
701024
573580
598608
962876
844962
989882
334536
780886
158471
355683
818862
352941
439191
479229
590737
344723
506532
982671
265616
219765
474473
335938
186663
306039
622336
154707
135281
502577
61612
276776
638939
26559
541902
798698
188820
701558
551518
142151
370951
119160
164819
952948
18950
46475
527732
731709
642486
35222
420915
707299
587301
202335
922345
350710
122346
840692
193428
819588
670732
100682
929252
679084
413700
449422
698126
149580
920979
452059
902034
339554
789948
779862
520370
955718
791189
933601
447466
481399
569738
407279
242860
631462
775972
900556
817046
843641
501525
268817
364986
702466
794113
843304
789635
195289
871717
248645
506577
765364
920750
996259
550341
26256
321321
483915
415990
537077
454208
122463
17588
514545
228654
665690
537559
176701
780920
966335
582226
697018
96227
781627
121753
100438
943322
331335
662549
914129
158585
573319
210201
23626
497483
777420
940539
320132
507703
315831
596058
374050
69629
896243
204835
38561
140090
204401
40334
713452
410155
167162
656738
789857
134492
153865
102933
343175
884536
42062
466185
276114
985172
604309
153210
98028
422010
707148
649305
115953
553331
826047
805160
141145
192250
286732
525327
163222
951922
687810
226719
72144
508581
897141
723261
328508
211376
521020
622681
743810
432583
187890
315621
25521
435459
687353
386226
518402
727086
11083
609528
606318
459407
881192
472021
753050
870666
764491
889924
92378
996437
146619
596562
176416
965753
277601
724286
460843
625185
790348
503123
928698
563621
788256
558241
425058
513775
334127
764984
660580
800168
909547
668561
210023
63352
693460
228884
905097
500366
431803
517585
669098
455090
220880
338422
787875
74223
582656
157940
786331
939387
326987
246146
369116
703103
47226
926232
470761
364346
261142
141942
672811
362763
778959
545442
166321
672347
133483
417409
251824
273865
944434
418490
743375
219590
639565
847902
698999
675930
475432
930205
372576
706551
781178
645690
285953
559008
278200
420026
346741
874326
461999
89949
918453
67068
649022
631389
555219
491920
510595
339950
860082
317407
940389
872702
687910
309297
243468
588635
153543
644490
57083
514279
135019
264026
387378
59519
236629
647128
32306
210525
242266
427869
620086
316217
488462
595459
442815
594232
644363
703953
428603
354593
45121
688610
97347
431937
864215
719062
946499
433485
563176
828196
248743
831865
906584
525886
311673
175570
49499
602945
113640
522605
934414
485668
535593
136999
398443
104417
93441
10291
619386
136116
881524
898708
550603
46574
84349
437428
619993
866214
27365
468359
814569
287973
339469
167741
464774
349788
432819
380184
933957
528890
102715
375004
215665
442167
133755
787444
873918
572069
197727
643641
191545
581465
936576
352813
480374
200495
337894
550107
524871
734432
258220
885433
751144
444617
504871
312941
65762
758143
364137
991539
247446
872848
5817
42512
325253
559224
255789
941621
847382
722930
472373
504516
357408
106682
954304
934569
482678
401000
479909
863266
189473
613231
382277
198725
310818
261914
156333
451528
403860
300707
710188
49670
376218
908326
215131
732500
777486
12244
292539
809189
650216
247906
376625
852168
372532
419266
89631
887455
290194
559441
41109
344551
607437
773386
726047
556845
329399
25494
189592
907577
146353
73930
394649
692353
869979
880857
349049
322034
324588
251186
444780
552917
27090
603970
542613
32665
183263
960091
895944
112488
774817
427135
842579
504344
23774
787139
943872
27925
131397
370303
978690
993285
890469
557995
82729
779867
436763
574603
881388
788482
785650
213197
427384
103124
641502
707121
45429
251400
759851
81748
149596
70613
390327
924073
424437
443895
675874
825004
857174
702576
306312
946052
236164
901344
157793
254767
219719
661891
815034
875078
297126
686510
671836
773410
999829
539387
801626
942547
525410
697093
281491
50494
372512
174746
249746
273317
884484
6435
483538
617266
102085
33263
289865
433392
597175
741495
198445
562119
828899
476029
902300
711690
812290
49886
948546
483585
946045
144203
378503
637863
237378
458214
425001
760081
784472
763579
913656
524473
693165
932845
613246
847476
507914
290919
777614
836110
214032
824641
525899
676684
866498
388135
808689
598632
717161
468808
843347
223366
194422
525537
484185
990784
62846
263678
990832
714442
874250
248304
699357
365792
316156
47921
715754
961674
680261
856576
166356
621897
136378
993616
472464
707464
10071
63068
26376
287561
290307
848672
770906
127658
742021
800248
295931
344868
56251
567380
886163
426615
197947
120164
578984
511896
912128
96471
243996
183110
482330
752025
773930
855748
331474
673323
555220
196932
529674
229260
443808
534871
441272
650636
673765
481959
293042
961454
406872
451546
140042
224350
81332
463241
619371
109261
385191
853125
444279
558550
550381
327915
116590
613595
456983
735837
958312
303889
652147
834681
727039
938043
206416
710796
856248
325183
472575
165554
690425
120504
44862
368258
124951
700670
340207
968019
110536
481676
291423
854710
640186
334695
407886
677200
169988
597446
55152
626647
731114
145835
750187
251521
177800
512715
749376
506665
710649
302178
826469
351742
212011
586655
744996
178734
13447
321830
810719
729342
677540
339930
295333
681452
117200
242912
838968
998735
221747
941817
663969
572333
720585
660541
722498
998485
399894
272485
423969
161866
183690
417450
96726
230145
23103
146149
890344
242554
170080
640808
811672
179747
849764
917428
986372
635869
919560
889713
109397
327755
578522
209323
820753
130688
652368
13393
513312
485442
838141
585296
354115
425053
643049
516619
969110
379996
673984
510421
907470
335686
828886
268116
195068
337908
142412
173620
277858
56067
140482
935282
874878
885820
198428
433933
923531
22545
446532
852870
271207
500908
687263
907649
51057
94545
777043
498388
56750
219010
803623
561342
916173
743075
899575
4518
228668
970586
162235
336801
582688
551817
401590
270195
799307
191604
653098
596137
807505
95112
202401
204461
949043
872695
767561
473316
945395
791403
200771
179715
810614
82523
684635
158791
442438
57645
725432
280525
469169
276739
386668
147502
585728
7273
834695
290099
159859
60387
937109
908217
128214
901922
307769
452874
357729
293037
299290
214143
672595
70796
87593
524436
456174
73191
315901
322855
957876
428009
960334
604542
785445
849218
996128
740432
627741
577866
560692
497748
391966
934529
796992
698339
872338
127459
41585
879521
594511
539551
642805
131857
795029
960119
779956
786569
791680
965480
697228
670760
242333
892989
333534
924977
830890
126497
925342
671888
618240
196389
707846
124968
48420
165665
356087
71787
541892
539211
688397
728020
925697
205887
779925
408097
262403
33559
414919
781526
132010
535998
181833
926794
264554
72747
155728
706007
347527
175619
930485
442095
25997
46482
418098
507936
198773
822651
976050
159781
277601
343846
82280
924111
886121
697401
302629
501588
844786
484711
977286
32517
298860
500216
468527
862302
95579
704080
73024
539412
887134
772792
160331
665322
899450
34357
550450
614439
643654
528227
272940
890925
596205
365371
44816
217799
181663
306703
565866
180386
37581
473612
913019
828926
831998
582590
599182
580086
637696
904932
596338
185867
554377
20102
481836
710357
460892
2112
413127
131410
422948
262334
33749
739610
415214
644172
447053
510555
295755
707294
952572
955413
464161
513418
825150
944967
962090
422133
695528
326874
408399
364188
239258
880024
482774
925270
607903
958536
159656
918691
859115
568398
913516
526907
873929
121850
829840
222087
853163
562364
356983
582350
785141
372003
406553
651331
36151
949110
664329
510536
898046
371067
960586
766337
52146
917334
871720
744817
538415
517070
53783
670471
671425
502042
279293
410859
782240
844670
179662
452996
929568
731931
796210
51223
984829
647421
702315
253129
934652
494350
42925
562594
959131
884721
369868
581404
75675
542534
21390
638907
138901
66479
748660
351361
239811
492820
405631
373420
870798
60161
527422
453422
71079
531351
470673
369243
191582
532526
907052
191582
546959
773559
682109
906891
328223
194999
841962
412004
737430
374455
358370
888258
706282
537218
896647
168983
393174
77040
426822
875897
908640
285708
104350
232412
177944
586835
514210
416200
514701
57564
776321
575339
681107
700511
690693
85124
729439
609555
714274
723463
504884
438943
620524
340941
143952
208870
611794
74246
599840
359995
492221
54976
674179
61328
966118
959749
157414
625982
207613
132419
475733
245509
444865
448398
731478
268024
795057
530050
221599
129914
644549
362093
474584
638131
882111
765344
724297
824259
197994
786103
126707
424795
851753
445257
327626
828460
465657
877376
547924
207065
557336
784209
78758
670869
467013
5776
132021
730413
481629
39764
276734
357000
346327
509
426208
350949
493092
491155
273380
765997
265405
283560
675719
813685
386740
138391
647380
119057
98206
971730
991407
598409
187043
126058
112913
68905
942583
898092
705053
604356
40510
592069
468223
511421
279326
938629
828636
88310
851277
590368
858734
968905
799401
229216
220254
385794
563067
907883
251120
474575
920394
104504
350542
683323
889910
684906
266441
226680
423354
103380
182187
613146
364159
205121
48139
233713
112219
38702
285573
914463
812643
123391
69812
209975
348075
182588
650867
928396
482459
514487
852738
231795
2536
393340
902282
110528
892479
292143
564126
435576
567997
969299
226165
725
316384
721955
191216
381484
14193
772436
290179
812430
90752
696753
634537
289976
512746
662424
284737
616332
469106
28388
287121
329409
89140
244415
679992
112161
163359
273888
926964
90489
86777
402816
395932
869359
874837
186220
948393
865076
913809
728347
233121
602490
618207
666758
861128
695719
322728
568264
449021
631592
284530
68482
217369
330795
905115
142043
220581
128589
757437
463759
464291
166288
188808
415916
74746
764159
727016
548394
282550
749516
360704
345368
174113
534528
792250
342578
134449
517829
714214
324296
946467
900293
992397
828847
531864
457396
770682
509455
600965
736096
749870
185509
501900
147757
514479
762232
731666
818925
401416
574882
908378
778207
238951
471732
669411
109552
800546
732793
367809
538828
926008
443514
798892
735
428841
62113
746814
539840
487136
685953
223057
190683
83989
499019
352441
20987
165184
334371
621523
109375
770180
547364
909210
428050
573293
812783
483765
985191
435388
554689
53473
473202
217655
159048
799785
713159
460945
289005
550587
828259
465840
117966
351199
455831
11320
450893
250534
31624
116870
34642
960706
381853
374105
58050
657032
324721
264371
287178
551424
808334
976277
19759
273969
977813
907219
835255
569523
183261
986376
188919
82918
942583
16369
223861
355130
48506
775666
254239
348519
856307
689586
250504
592534
511666
541712
61902
40543
246766
661895
794720
13075
93200
733133
317542
497144
486664
770365
949478
987823
580927
660794
585819
434585
882197
160305
781389
133394
672688
598017
654946
760295
675425
966117
628797
186225
243888
302525
915630
566893
537883
52896
356343
730606
66563
593810
385389
497985
957443
1753
241526
594194
754248
328928
591860
459943
99667
124947
472823
988164
25437
984455
474457
125021
167196
380505
332793
728934
317359
79845
565819
988752
458301
531287
521683
494979
883085
78068
884518
214386
166203
939355
581860
856015
662479
563473
550751
209529
756334
751510
982488
305950
819365
908811
138370
789670
215941
706857
702329
566968
248069
137813
784091
819151
805398
734677
190250
901953
568260
456465
572320
513148
523393
973799
644555
190300
280430
384231
904505
861478
348767
345719
569835
726820
699265
151747
173748
137110
219978
435013
248889
908341
982035
526890
160714
890193
759686
827266
421383
884289
807362
975046
897654
535084
14918
487979
685602
873311
388676
149102
834558
472575
516703
546036
451563
251230
473117
37360
120402
549956
796235
238153
408839
209441
988564
63644
149694
375763
558871
628994
873211
697744
700408
376446
436388
510084
567283
806505
947917
336119
111728
751668
688419
71441
4640
20304
812853
138804
564433
103082
717502
732986
588402
738801
370045
447050
643960
912511
296443
108614
753164
547334
206430
278681
714663
281667
200856
246166
865723
740022
485431
41851
765736
430876
490001
560448
664995
470263
699342
983648
64583
447365
426522
149320
259355
658232
170107
579439
314219
278900
494319
734373
579940
92146
518468
170915
585989
993463
177772
788116
969577
866721
739854
848695
958003
105964
612554
507048
262601
35910
127936
666779
655722
419275
335949
511147
131411
121845
614519
912693
798964
370085
151185
752185
583948
46267
647947
813080
426097
322763
508087
996031
584660
634706
629305
407419
983787
570316
466121
630216
435613
250550
727295
637624
625620
706435
374741
144310
561678
464133
791264
441033
671597
427309
451177
59410
616633
175647
526183
994474
658898
295091
951309
931796
494824
683005
948222
663198
766118
968384
280343
532131
992012
2446
37828
646316
373528
637379
815118
206708
698840
148908
129727
601083
866265
559928
762498
410745
107465
12033
516692
464732
151062
670343
859161
942173
473060
540218
181359
509394
550672
372028
737659
390079
993434
164336
34240
686519
976624
195777
308879
276943
738682
311907
364664
416462
441706
921255
944976
812860
910164
813907
891800
41944
41917
751572
733778
368933
958350
320711
416878
848011
275242
529279
61679
362994
452718
115972
891912
551349
711805
871493
170678
603971
747822
264379
910396
886715
873044
719762
909339
925213
241201
472469
598640
861083
686229
847283
255701
673637
429082
459074
41896
13046
456459
871327
806606
173381
326868
811845
204755
935096
747594
154889
308037
745002
143046
931872
376227
417543
54801
172053
891628
834847
890628
445015
755331
796295
264910
719052
635859
728702
25528
884805
659694
291348
64058
885477
221716
351513
187702
123549
217409
379243
574665
85315
460092
916204
419979
63819
682206
722659
964666
175128
240677
623219
245421
953547
350618
102907
393698
89595
199784
697604
828824
567415
623779
316731
595913
189129
513650
244557
683303
594212
744506
421856
693545
446247
986396
348932
226406
490585
750417
226791
929284
233810
313731
797828
612163
810632
346534
183513
27823
64021
761953
452863
977244
975608
390414
155962
853185
512158
574823
689539
988868
777602
783860
961691
855406
654036
963271
488975
737840
543758
600931
969298
951880
955330
801541
136190
610400
881559
33359
246929
649495
187119
178097
671207
265329
835804
819019
734684
293838
531275
851922
893114
705190
433653
158164
938346
594230
377133
356416
954731
714590
609732
176921
504128
571528
327376
482508
316023
427948
16787
543509
131555
422038
535745
167157
76762
807080
392724
703390
915434
207064
380719
461423
647645
833011
803373
737682
713397
45406
487488
218868
829515
49698
801176
335043
311749
43837
157371
770125
813856
611398
681252
559223
173909
39778
49167
644549
484890
93349
578646
38110
664600
6243
313831
19317
312850
30560
138785
683026
506829
942557
114878
486251
704935
449267
327501
110033
139917
844491
829782
28821
328668
559976
502400
108961
692437
160079
767008
394195
845865
347637
370676
563526
900623
421764
928986
940293
513181
694878
589592
955072
694174
973798
656973
488439
660203
175018
892186
729840
395757
135482
437321
435042
826374
333995
531174
649637
754173
85329
856675
248858
978648
872504
433449
666282
544092
933412
715730
803663
957941
483193
393431
364482
768999
586281
860101
260831
869215
984257
461939
500480
220876
542922
495611
912565
255442
489238
290616
171485
622499
256847
87330
89474
184444
105759
449436
493110
160775
597057
116023
449709
502946
897132
774086
759959
283797
452968
979125
730575
676010
416539
299021
786010
747335
526613
23209
39443
353094
474799
262735
707036
518036
293179
118391
790713
472228
895225
176073
43052
881142
479382
457750
969801
846297
871047
256651
281652
281529
305533
932697
762951
468540
478619
552613
731936
277040
178759
925625
581301
668844
55450
387153
801841
184435
488552
174447
287526
600705
380440
877456
881870
541338
559812
301226
802363
333827
482840
12794
215215
799027
687968
7745
295529
976492
871801
180362
768039
765511
378736
971303
409422
546946
769347
188404
943751
202438
346951
202175
717414
206654
953527
389567
280499
270309
585934
895292
243928
972450
628870
153589
821290
101061
703337
635566
338863
377899
524232
283313
930823
938685
805275
658367
53197
319206
852319
355654
977740
155182
343288
280204
151334
311645
70662
677389
453287
907315
643543
593060
510929
7497
596058
467413
843503
851008
586917
912931
438257
185433
429679
418896
530019
527261
72326
327258
548462
430804
50894
422101
804188
97456
282220
309250
326500
330953
817466
598907
245521
755620
837898
191207
718594
55477
261369
662207
414985
767185
54429
563232
383284
258892
891834
725876
195092
761834
932021
554739
779864
632752
668302
748146
740093
614276
139016
109701
278362
640043
134433
168727
755423
136756
762367
636290
642264
477491
552337
449505
210201
191416
864521
509358
471167
872598
752469
414948
736780
687068
413294
567668
292126
446591
305037
96517
319887
781346
358354
185515
199497
402249
924517
739350
374880
137578
774333
158852
785326
6990
688647
998290
900146
743060
168985
364242
162382
505365
210835
985445
143259
158242
334306
826664
98367
966388
564779
939249
512133
380342
259049
840356
786649
922917
670143
97413
980078
757531
817958
491012
317226
327626
748825
560020
647379
157670
364936
645592
298188
791270
144630
957386
535786
345926
62680
83033
569401
19366
159218
608857
34253
994814
955311
802004
969801
154495
166471
195396
325396
895596
176637
105985
510404
211785
643873
494133
806199
795453
647579
487279
844544
774411
856127
911797
571247
74178
351679
452402
868662
600006
30889
804891
905368
287390
647151
999078
412042
380487
622224
119762
274441
625662
571780
571278
174574
94570
617174
669338
282957
173433
823947
634832
817998
115499
200060
815174
947673
90289
269520
640041
380067
986442
10195
34566
137289
249897
406903
818517
997589
109984
967467
467689
71654
526699
492013
419177
366590
80647
711611
125274
444631
574006
721730
649608
53951
647672
94564
179991
350851
742791
324348
760287
150400
161127
516610
462315
69984
214414
262484
806044
224520
223331
401302
167559
694988
649015
197589
919189
796823
334368
407415
380698
672771
435692
390203
294049
44035
286946
453427
464105
155290
140709
400627
981571
94832
851681
781245
752975
507298
275920
372576
448425
570990
271308
473471
460707
636027
396749
468440
765018
897125
887815
794798
307438
155044
795025
975648
931967
220499
515576
690074
552614
989403
206858
272741
955594
511154
689191
852448
847930
607029
9163
390140
18466
102140
245304
282248
658351
912553
80442
765056
867721
653705
147804
209975
108739
84125
705139
614301
450588
295679
232266
897406
85879
7726
668105
700786
929838
658565
777511
712340
344864
631951
906966
432857
597172
588333
666944
594043
871930
325223
594416
972769
515336
148992
134756
337829
725127
877593
774476
282060
927128
677703
526167
611280
619537
711661
154286
674230
680649
897232
987418
625352
46390
379431
865005
351558
218913
908898
496553
748185
514046
770772
419196
559283
734398
279358
830620
163516
449268
256190
399500
109673
654705
649168
448490
219075
31922
845327
228700
739469
174380
202548
951727
382214
93490
9170
306392
289796
553471
472732
416508
592147
187065
350657
846503
778391
534684
630765
758699
59097
700918
174252
356367
441309
213731
920304
312717
699696
580569
526953
348629
496590
474289
722211
624066
337605
903030
658659
747712
735410
68849
861583
114167
491623
33047
564083
318265
151188
671987
971757
410705
609615
246071
163837
540511
325608
28589
783214
591016
817589
219645
178326
379847
732883
771462
184896
352137
255755
61679
601327
728185
641449
722688
552621
998433
660064
78111
651669
375670
983191
965948
766829
91326
543765
45669
966133
925326
816672
849438
847267
75471
71005
678451
38959
615817
465072
684297
67610
910964
316588
197660
801191
768262
957670
300531
95949
918402
984158
335460
786328
15350
841156
125537
85753
946918
432302
558475
299792
714843
518707
256930
778038
952413
413470
159659
233537
373758
924309
590629
263200
104737
383601
718464
873507
335177
292384
755300
715769
101083
50161
508167
186860
378564
350440
304076
483359
953773
65770
397169
481832
546472
791946
729042
844739
540409
903050
627276
996301
881682
36435
107894
473374
496501
587423
210017
626536
577473
893043
712442
524333
916875
15278
322254
996362
664951
956858
697446
85055
489679
777047
154918
216495
636529
136489
421937
798437
567903
624287
778106
769957
419343
698679
776321
389382
264253
306294
40777
61359
521463
769159
420155
294837
359429
442721
553413
826206
215954
125233
246896
259777
832466
851222
513062
153220
288461
117724
831055
428011
260191
320298
260053
778136
188391
850261
386029
969476
414506
851849
430275
618
172553
584463
90151
622334
851681
861610
192338
740859
605742
437444
514839
707015
389725
114970
30630
69954
170664
117104
490367
672735
986064
198459
45079
716978
294159
880857
94553
212631
493795
957264
390052
244473
523134
322913
657428
316836
996123
506692
175846
529454
804670
980763
69117
805935
380644
374484
678225
100802
453659
524298
799928
68752
925964
660972
382163
307756
774832
756387
794326
650126
935711
291773
544711
453648
840383
272707
81766
300924
163961
485443
831228
693020
659553
240959
762974
879724
791459
768552
698043
888328
89284
901896
668459
366220
91101
672398
205635
495989
230958
507157
991936
764159
259751
691185
374088
646306
707827
749490
380189
20739
422065
729497
859447
814503
895012
64413
138697
134138
554301
116286
559680
167963
774647
699808
957593
183693
751245
58724
409003
978356
650159
546998
398899
53119
472897
443530
986048
605343
728489
998616
852326
509491
222474
468182
29118
455659
602877
417571
915634
317876
490739
775044
225124
648976
281068
769534
95619
6702
153051
562361
737820
96629
826503
594685
993471
548093
563987
336710
576436
307899
453614
218412
934933
287868
277977
187568
256586
442320
954528
376034
96215
402146
298779
900948
883868
273983
733015
88896
198481
869028
47669
720608
407776
212118
948608
361734
88150
778149
372694
573975
906203
542327
898960
489417
136917
274044
314513
787513
554892
502501
560497
248210
704697
213710
195640
355727
876020
236019
104970
992275
75029
870225
448830
245667
779482
269088
901148
291708
944444
588132
171528
996148
608162
651445
854953
801330
20350
902133
716222
449859
292267
904869
187309
589146
909589
75147
221486
960461
99033
447024
629852
598450
92554
291053
997795
483090
792427
907492
598904
935271
631616
673690
980910
859827
280318
730674
136507
628827
213715
825146
142389
488307
500079
283574
505572
403713
470735
522634
391315
376532
327910
778396
448486
494870
683041
199922
280360
350102
971501
648440
257028
667
949991
353577
505950
803406
688666
637700
711578
476475
264110
352774
876612
975743
853315
888821
745849
48368
287450
232898
954317
173661
749349
297373
103013
53273
659575
499701
49572
152421
880243
226722
952246
47631
652046
872131
737122
647719
548098
999178
768880
423662
140289
797875
213843
689119
703227
655076
890789
736745
847346
66470
67698
514953
811644
535821
480978
822279
4099
892809
917116
88642
95965
176123
218130
914871
253858
130027
543337
102492
884848
723611
571857
146954
81989
67694
719803
107781
251960
390024
748326
940200
802359
848742
748337
611287
671192
806991
120606
386754
586909
994408
653134
700660
578673
557193
200004
12270
346890
729971
514413
206096
799289
225994
440842
470513
136455
126039
419636
371995
332778
972454
849257
305802
383490
333116
871930
100320
762543
940507
204548
215683
3814
204760
293481
419232
848576
737593
238032
439702
558218
411210
841477
541635
174477
639025
768963
347252
571922
80369
723898
304101
768936
370755
297430
966095
598002
226560
262727
901576
627565
151036
382391
132715
679658
119026
779772
488935
666977
355160
764086
518661
146354
841836
319377
68461
931073
790997
342779
837465
231153
442389
607194
392409
180468
16709
748446
775530
293033
785951
287651
431937
718659
829861
821880
305442
247643
310408
910424
409236
867445
778947
250859
870341
586902
383420
703868
254488
755739
850061
904607
747115
931325
970151
412940
81303
586424
406665
966869
64097
504941
938901
88291
567938
167473
730577
434314
487532
88777
51971
715322
432280
472871
333222
353180
86125
708223
898957
770188
698793
508251
279221
919875
356668
132623
620544
51955
985961
426897
730264
976801
276992
108215
638553
503419
105111
716663
78717
880317
889057
52295
314936
430995
948239
271768
323358
487307
939143
907813
53154
243494
722379
648236
294943
958606
554451
242889
8257
459689
334694
103686
78718
290681
370423
955735
393400
19761
434221
712477
613384
236940
477283
277356
167063
536453
783687
329232
445643
623733
744182
327203
956019
820284
253575
427948
300404
326959
479499
116723
576754
399890
931421
643134
375267
13474
953129
849124
86490
836256
345849
906736
20445
329751
757158
357491
156333
425616
113319
544388
18805
879692
411067
921319
366744
563079
916250
109150
904908
729241
548994
648599
124358
714982
689823
250246
784945
513617
816108
789699
233531
573059
840631
165331
898293
772535
101536
633753
651425
563088
342319
89157
208585
857306
715045
241714
544910
420590
404146
753959
699212
842193
932739
377643
512319
48489
327657
709094
908772
901103
203639
986267
623166
88574
652016
85132
196443
355094
301765
822290
24926
324739
255604
630787
29115
420738
351459
99519
658163
578289
520236
480130
654837
783434
403264
760114
879708
670527
782440
644498
468862
203518
508156
504237
334354
525173
730003
936536
771540
569715
87017
760766
448339
167177
102631
492926
331679
266541
311884
848616
690178
512144
979764
572374
236870
470183
395816
435480
510676
908792
763338
121737
828260
937213
840902
243069
84
886504
550698
647323
59468
102737
826508
243115
466087
17365
812087
189450
850748
113168
564393
653152
750422
151925
576961
11821
991844
147168
919163
82746
180517
436751
71166
676314
438734
333539
558080
378871
543062
257812
284539
855628
454249
501449
865843
914267
140147
121136
966357
347552
603874
949415
568043
28754
860617
713164
172183
414690
288107
419829
456387
490369
215670
185594
804032
853717
538096
190434
425797
152655
243552
287728
582267
527964
861229
270789
66455
957082
914613
900975
350374
613055
760656
953396
965984
236338
731870
950331
902793
427352
687352
40949
179555
710483
858868
797711
69405
994515
380370
437123
764946
281561
133107
398376
403490
160571
754286
624066
948840
830826
530160
937599
338438
869906
758380
263765
5655
562558
591504
200578
73113
910721
789245
271912
723997
668324
56108
399967
845861
368941
788231
398805
724614
599582
335579
925554
107803
315952
828932
140251
820767
801576
735585
413637
335982
42762
340389
22948
8526
214081
949190
653411
299214
913929
228071
727237
1938
855715
739886
321874
12531
87140
798130
648112
64276
326405
346859
758522
774147
55015
755046
763446
377540
348883
619815
601729
113287
179980
670060
905996
623616
993457
988259
607069
536127
167015
100433
880786
452202
775110
17050
577141
9850
219859
12005
790266
364532
94671
297756
81567
704252
532018
318694
266688
993307
662305
441215
691310
573289
231958
906034
979091
645956
198467
782921
834436
148568
134369
244388
943707
84850
523358
6243
19366
395391
436915
684562
908402
886926
81351
793286
595178
612408
681480
574787
610229
727208
29269
451041
789389
433699
554000
460489
635076
94034
371388
31322
752841
938322
773609
295995
538380
644435
430188
135908
160231
230649
61618
55577
27205
582233
808014
622972
524986
865147
96977
403486
46428
197062
810975
375447
741242
581880
228854
829062
380216
664543
900332
508863
528679
510823
722834
905326
804799
381319
379307
564906
922174
971307
380124
2052
565561
151536
670432
621880
199746
358913
848968
608773
906709
719728
665942
393432
326250
426522
525417
193225
311431
573674
739121
339612
29339
877993
135695
846454
738838
981341
874492
497956
359650
680100
693825
220246
649164
156644
717216
294397
674120
180868
292653
274701
233357
353691
528040
805165
959942
699418
379908
376146
779144
155202
813023
136792
767734
663821
414802
910535
899135
16035
157150
78793
168848
620719
261208
878525
125725
792636
522323
158942
595384
224086
8799
237666
863393
212788
897143
435558
220067
500732
999569
978980
837029
347521
340058
223769
998403
261263
294531
462712
758645
309870
599364
891050
711554
714090
139770
932899
106074
420171
637422
732806
33843
129585
559992
214753
439807
876973
444016
129743
246339
83239
272838
13540
945228
397793
458111
389653
187832
206958
879840
580286
331131
995670
462748
596173
720030
291200
384883
730005
95654
114838
113742
22307
864925
975147
639127
992749
192710
384152
365497
701563
105856
698166
864705
301589
831336
376941
785463
89132
270832
163243
687378
858675
359305
968697
89244
13295
272845
456172
595550
741507
197968
560371
732959
604844
317057
561645
98344
462720
264611
728931
531541
99626
213915
251962
112377
592867
900483
483166
225852
951150
395891
719893
587077
108758
46382
292377
967328
235116
108252
154488
127741
996421
107476
558049
116833
833762
490445
393528
113990
916652
123621
381550
779245
843935
58510
321913
286427
292130
518433
181020
378816
466350
74921
160147
226947
640417
377534
222692
125316
57083
705728
336945
458362
545845
154230
294063
871828
106096
51316
117440
873485
955534
756862
195631
401866
206484
695523
999734
10627
885936
52701
315343
38181
204930
688592
502121
775247
510344
30155
983273
369941
151024
178328
39237
86502
726420
774745
592697
723787
278420
737752
294257
576066
374169
250323
7194
673832
261656
660718
148576
919742
635584
932559
209562
583434
600421
87342
444951
288129
533700
217136
346989
900452
71888
337774
960091
179130
299380
425530
758503
478836
497642
538434
424313
77552
108211
492067
293647
206747
850442
132118
476359
951828
765377
52005
398728
859441
706699
717475
662597
80321
866900
337084
621347
459065
208392
98780
371145
515175
17363
828610
631932
375613
964653
693356
986503
655566
969223
420859
189619
688109
720161
388065
747542
486605
813944
723987
218228
107402
377047
963649
234254
704642
397418
818776
392455
594040
257637
550142
461998
953497
848084
892209
377755
37177
691310
43743
224780
867279
980862
820532
583332
648229
121295
546330
688600
952056
632909
89628
567032
376904
480857
795960
48210
475282
143153
186007
937107
21643
546111
626912
116656
415642
768387
338590
970654
912718
225058
388707
360704
171196
547699
118587
684589
436
109215
770388
549210
157753
914463
883254
249376
34453
896884
223123
285320
815247
923246
230862
10704
987358
910104
792531
880244
237907
397846
312513
558210
760345
504266
17870
662206
627191
119051
195286
293231
791133
374061
649629
262521
776429
465359
494789
927791
550988
693614
820472
281667
946154
931898
383375
249818
217877
839466
912701
791966
310242
840565
341088
701085
721974
73450
255658
182159
426898
671118
928187
908802
741314
151487
527238
449550
942111
842524
559721
842623
505631
349060
539483
127301
724827
942346
439086
158399
402890
312454
242494
519862
480617
10563
251376
288064
701788
344768
249605
772998
699854
495155
322777
141306
219839
292041
583626
282487
804438
460799
58499
925859
147873
982065
97778
173914
77134
243488
992629
588208
117289
213507
377874
66075
232919
594926
306364
958764
977502
326243
642176
505617
119172
196641
997090
849338
767626
477416
660803
239932
148065
126587
259352
930556
844670
130184
108091
726730
696882
604633
608567
305252
836523
9604
51884
410865
298731
410554
250451
144909
825325
63840
796389
737236
787056
960480
217815
151546
659251
475999
913572
357141
569401
874012
737411
111643
229236
605453
140857
979325
514613
354672
764466
402012
365074
910541
459456
727662
819988
788617
945291
225087
658742
663518
822218
762591
145973
247493
253296
993333
204500
58400
681960
436897
355865
88145
434859
724357
23606
748318
950321
765336
126546
18610
175217
62853
489789
545709
376491
365237
427484
249986
41311
721983
323860
930264
159545
520538
638122
364768
296212
606240
735367
738180
294887
22893
473565
331258
336144
164023
508018
73357
173019
981869
816771
750677
180362
181825
125366
898088
499609
445957
763524
784119
398100
645823
593513
833280
654084
503331
308578
533338
726782
997557
965388
188268
903599
597870
932782
225195
74984
638998
520396
121370
35507
395816
768947
952894
674089
848242
586154
205590
572371
191979
901790
171379
558144
895647
585148
53124
66270
645933
866103
671177
701997
709020
992334
609264
214846
41638
621286
120129
974744
177655
787987
775704
253418
869825
131098
751086
854532
630361
124274
854552
461336
2707
611187
616826
131054
434783
565929
595408
247284
30560
452849
48997
280397
344822
557707
541078
16624
385124
302356
193542
839958
342092
497311
433687
810079
836124
295166
192163
951552
979076
835644
198264
912043
376875
569355
816382
246839
212695
45838
955762
801498
871983
242633
958743
667890
63324
955243
175633
225049
552476
871935
243397
850033
84968
835286
295037
147311
310418
277764
233541
747372
266514
823139
671057
521506
687645
379645
843235
53907
984546
926036
597468
290842
770357
844640
56
413457
624885
526867
146784
278651
290195
408288
150105
377183
255552
167786
787866
576820
697307
146926
537281
914299
935810
533244
928648
688519
364043
822462
443091
635810
685094
980909
893612
685059
943398
44819
968289
525661
695046
153992
481308
840541
587919
439936
795340
844617
525794
483461
370820
211637
758613
471642
793040
486754
311456
806051
458451
581576
249071
939281
550706
563349
284609
543726
672409
456360
685688
589813
698157
706760
798554
994756
916570
984203
418317
993831
435727
513162
939969
325502
231556
611862
143249
176131
646319
332567
8389
537936
933732
72040
415413
297153
675425
546261
537970
830459
588069
819395
72884
17087
51336
297499
28690
728723
706307
331625
714844
389331
841529
301138
15812
917731
900626
352910
68902
124868
608736
868813
809793
715748
799197
673287
366053
136291
665940
623986
60470
889539
785315
947210
562199
50350
291955
208725
533833
481522
500969
942960
68890
475044
699523
270549
689490
182748
484539
497845
577309
399358
150863
447770
667455
49520
178867
92091
290625
540387
342397
315705
968066
856126
50166
299240
96145
369297
877817
543070
573433
111718
40743
381465
509300
851817
779960
673933
177543
429976
191072
794888
211911
839908
576047
961420
72591
201601
662974
691213
70309
497167
267956
596532
493416
975253
329377
234981
812441
709807
632875
4256
863297
650580
263455
306748
793022
603402
717910
755932
606725
683732
578968
39100
680711
586170
967076
947084
144947
165333
42375
161305
684462
616578
971069
426331
172231
203255
388808
27278
31803
333835
922116
772826
167107
110245
832553
648754
882219
135296
401308
917395
573915
587643
729883
517158
751060
294547
784043
135339
30852
876006
613655
293701
498729
911489
330938
34178
600740
93006
818958
949703
206815
277217
967974
680558
676144
832101
302533
390784
762160
828065
579694
643036
602775
858188
681115
628546
965094
489549
500164
359836
435651
713598
332689
965283
396264
650867
394882
417280
59204
436779
523620
995764
808394
139907
560077
721379
720384
131066
727819
677578
977629
773450
435846
492844
357299
53344
427820
344896
327231
35474
878
708313
932294
1160
821010
70245
716157
531951
160842
99974
235825
757718
745264
544224
320560
309508
461647
872511
590092
163094
170492
612704
705269
265232
897367
842067
336569
824158
536423
315113
182455
979305
295565
1831
285842
90638
575781
518872
39458
774408
103169
561525
773630
415846
65621
628569
164083
143868
792195
955756
905182
726166
359142
962002
157319
921892
654316
575193
513062
303217
435361
699488
805725
807199
896041
853996
825254
61100
617945
422308
696609
523980
581913
881039
915696
850224
624001
833882
779691
928522
696685
949570
710957
324851
183654
267178
512319
578176
52546
814926
35731
117041
941809
910364
298460
983289
309320
25526
537842
869268
793730
666930
688052
749843
358861
946373
301101
338138
345222
2152
864233
670965
860068
873160
622080
493139
754721
308897
388858
741223
911823
115974
226952
24509
220763
930317
374724
100147
292917
385776
249233
115657
82457
218487
902401
281134
259432
519041
955258
840982
872696
329793
512429
662593
804424
545529
572257
936681
395372
518549
299207
485157
704282
78175
374739
797366
660210
1767
746440
482190
742538
831859
398276
969061
37056
460556
560378
553114
65964
914556
286304
956805
651817
218392
133082
506425
984728
331667
487360
35249
959534
600627
737385
447509
971891
696804
997008
522791
588116
45895
10257
766258
387134
90241
771210
264377
284212
501121
180117
670657
257150
533254
986966
188070
529853
460949
727464
772761
264235
854268
242798
584445
876334
579879
737136
966199
269214
234998
176562
77468
441122
935947
439031
968623
295651
231806
504624
377324
487982
187476
341233
133583
344080
350786
698026
561987
177543
911455
735227
711806
885184
167123
390020
106290
741100
435204
406101
348880
240794
717764
724213
574927
640727
441091
628789
286165
717309
372494
212263
166725
449767
530802
422127
277421
53630
809994
59172
880069
209601
397828
604977
477974
526123
153794
804562
262937
75155
995054
176822
229373
344610
128012
363215
838878
622850
641766
815260
847587
458383
873406
838736
222654
566084
11759
69796
49688
597880
630640
647136
270730
704098
852911
276868
173960
391354
856807
441238
897383
106143
89799
988533
621576
471934
640484
595054
589203
244644
159000
192743
910527
688671
294732
785785
420806
361188
961203
327560
267227
606128
972632
269444
171721
630622
507929
598194
440880
560419
758726
364813
75188
287170
965321
314142
184926
231092
430789
949965
577865
929214
681672
417709
2973
850045
2332
302992
443615
540490
592018
405736
649712
901430
192582
203682
