340259
691161
216669
734250
993384
44375
532656
197704
646577
866583
777468
676106
628636
737548
539672
772448
43341
954952
487419
78697
835927
445846
286323
181863
443856
686595
683162
423089
608456
725817
128239
122815
639093
607030
627478
879869
470746
286183
922062
27339
263468
272398
572912
395355
188903
931348
759647
709506
248960
192079
673097
316442
973548
974469
69089
850847
182561
981162
133141
165007
875872
844885
271620
631115
617070
647636
919700
175584
496571
121291
927747
815492
773445
101006
862695
565599
71882
895666
530740
742292
44375
724849
672461
531276
617881
421925
941198
377734
179170
189913
379981
145607
214786
355596
577952
426855
78881
210338
254457
432740
965690
493632
168460
518854
34256
818023
594215
403715
644541
91694
53819
28482
225156
544106
580640
646374
975356
322911
741746
598141
208666
202278
834097
979857
43247
639167
318954
645471
571378
245409
387574
963492
708058
629363
65190
348091
491009
861890
933137
157770
696213
259945
321319
76546
528750
726832
225347
887221
751548
637309
849904
797657
11758
81698
256706
51779
196220
725217
587341
518144
235394
282213
251033
778194
533873
304979
961657
757143
6184
232402
480525
897108
798331
464463
432958
731064
716755
255718
761250
264052
908438
483722
693309
253137
250969
341375
373173
139915
196348
197474
540657
676977
400357
882307
610195
849551
39736
667954
409585
241666
394748
280103
418810
297331
630426
770389
843925
113997
419718
833515
666280
128897
334784
953626
921293
76537
900558
851904
611068
767038
489692
539658
226259
692347
891822
33967
630479
346359
229171
972445
821176
211283
878296
901293
738823
270330
963796
523349
730984
525929
856731
970530
215833
641812
180782
838384
659738
434979
753347
250670
854969
919277
564503
427265
553114
531083
741879
955207
904532
746673
445117
55479
465047
926846
391241
214864
963678
880146
411961
806474
996907
686318
645910
970536
245139
785363
104972
857721
855951
73682
278300
21144
352073
82870
691781
978059
829320
82287
547631
402720
621903
16195
350853
62239
689632
533512
163398
378082
761688
564349
901187
145760
33035
983335
968441
828651
952314
212029
752566
277920
710168
945296
47588
929415
733025
410178
879075
628079
42344
804145
106363
134121
207133
850737
280019
84842
134365
809848
198649
344709
207133
296979
866918
401032
409372
372505
70107
735552
310458
90408
398539
56827
47384
525374
44942
262370
211459
771317
343687
951191
147800
720686
219924
930856
585128
154011
163733
470477
14670
784296
842914
296105
738607
319108
657864
173826
479629
910801
253551
14868
870796
994657
439537
433285
377007
520427
21335
545827
586931
755030
901688
585605
365200
775453
60540
340693
377417
663234
228226
242693
81852
369144
144543
166772
746841
748580
850644
569698
860002
532701
168422
304048
537757
108953
501395
632820
529518
274369
758654
752054
35407
970400
340657
329419
569051
598253
679199
900644
462582
800986
673589
891444
983991
432194
51355
558115
471696
751321
758117
582384
638880
728886
647864
728160
354278
154040
163480
786809
415227
151727
638870
556085
731304
948719
444805
334903
244342
903376
386127
229493
502842
642728
621074
577405
26552
898914
602162
696718
337847
193052
282636
793427
464647
387308
697897
227996
659290
79819
43653
678976
464232
293980
39730
19716
37160
96052
496619
773752
283706
392599
55741
508881
442349
889030
833127
211720
950217
955621
886557
176095
557214
598406
248694
866126
439150
591869
683406
808338
798708
132093
159576
64947
926765
449299
707948
217008
286198
309845
356633
87848
434719
466991
439024
370323
714194
905741
716661
44991
449138
328018
279972
202165
96099
492738
613104
2700
75075
39805
200714
119137
910268
246714
171358
181859
110359
286299
581644
471454
816450
178672
113402
532268
377981
159747
233697
647175
255505
211045
541926
69436
500825
33098
943937
778027
860078
783496
431874
684719
891172
525979
322588
534518
180165
14007
646215
528133
981333
983905
769927
300061
289743
542406
535924
638229
1537
950848
96511
350329
29083
849052
574763
858853
881208
505818
83682
195213
36006
447527
228341
916142
548725
468322
939285
598290
471409
487934
357449
371858
879550
962058
565375
389258
733357
773165
849200
481549
248576
630100
672184
714058
800379
115758
858364
387338
958228
297781
21722
152568
347111
420755
56855
489187
391299
889050
589329
663848
652471
639279
278787
340174
993789
135061
183618
597371
728086
554514
829502
685668
293572
710309
58193
429092
849397
591582
89823
782466
531770
379428
402402
486899
45411
467067
781611
793770
878301
459720
451070
563813
726695
737513
281355
380514
665917
735612
120348
84420
942531
648611
334068
764525
492216
21219
808207
383939
440273
450542
217200
40534
55185
326528
846583
548430
239312
37376
438393
965662
612247
136729
543913
319280
909820
930249
647619
471963
672261
682802
336445
846618
730472
880865
830999
712820
481146
374163
107808
681378
145482
386209
847455
360517
756915
395954
815758
890280
17791
843179
22491
185760
75999
696298
267929
192826
445121
272984
499436
343851
70104
851091
628997
284194
12221
559028
575954
135719
744830
572978
7909
862952
108909
183318
709398
178452
541524
640632
602397
620365
897714
235762
112336
399440
462818
802539
908737
161873
733662
504676
499447
985326
684741
535654
259585
875428
907461
874985
522895
369654
463431
38975
737622
273258
187845
894583
580618
280887
123494
799676
757267
149452
980430
255695
559815
179361
403491
389541
141860
696981
795248
589252
117454
485382
390464
806117
225466
135624
409016
418702
530241
307287
603295
329249
783311
525898
880689
895889
243829
537975
323603
211453
919828
10147
829857
358581
150484
173980
947258
864825
593808
650997
478852
457974
454545
173380
458071
570109
730278
792159
615075
938619
37788
194931
983542
360403
90927
153003
463875
863252
280085
527405
297313
71643
841422
163692
849345
547150
461311
79971
698888
95030
154889
607291
632951
725221
800148
273778
203029
743502
683334
358570
144605
470884
367799
776969
976482
264205
400585
818721
631786
607024
307624
273717
854579
193794
14737
388011
676893
417120
423921
170893
591574
625507
500422
295766
397362
561029
287955
234021
704657
160055
604621
919736
737598
343070
79097
432782
193011
649997
793310
549414
551588
575395
61842
997974
68345
780994
747513
958917
102834
170217
241623
293437
880763
8972
398105
399504
681540
181574
770174
739246
31559
587287
594419
79373
458415
377404
117875
983932
279054
829646
465046
170336
133011
807999
483015
789300
838063
191759
808239
91216
923742
607324
69105
547859
616418
370201
829215
850405
868115
581900
71692
664649
693591
531191
414910
289568
440092
440384
439455
255448
297309
997841
469472
493474
374406
932718
840735
452182
688837
918708
22526
443550
537027
635327
486600
597476
487975
406410
996683
778493
665246
107164
84801
910223
46051
198784
99701
304139
193093
660699
808141
205670
683074
317365
727388
187115
552287
981549
367823
93544
117951
294735
480117
890974
833962
454179
175754
438298
319560
684006
999934
407627
85873
507886
800143
958952
200638
714944
228519
808920
98099
16214
266065
192848
171197
923957
515518
262575
468894
413144
97246
269390
350729
766929
849316
752456
86598
113906
697612
240402
520187
50660
496443
118966
40566
31872
199964
544137
151612
713737
749674
445007
623698
939534
911483
575993
758713
147227
191923
92799
943940
305648
798833
704839
592882
808726
384605
133043
775239
991302
973610
964825
441583
821833
404409
286988
583691
801739
898489
885661
951601
746522
803740
304947
681283
133255
59194
711562
945240
376297
174556
520679
603721
913448
474699
882393
88309
895610
984125
319009
268335
612549
666156
65081
665983
946001
972190
925746
777894
574942
721533
609785
775712
647714
17509
786083
710302
506466
520817
218729
173269
988495
622334
937005
502536
613150
779103
297737
913950
812272
618589
615599
71172
523577
256380
685025
732025
309653
497353
378067
53402
214354
836601
292777
310873
43579
387131
892741
903498
126344
416130
8960
773955
668473
947479
264675
939032
865463
89078
254166
374026
285776
62615
850847
72619
34268
819444
570227
656673
501248
873582
102834
13392
17227
62889
468499
118317
619904
892969
828257
257693
160405
176240
295578
561662
383434
984754
504279
721232
258823
741233
751284
797611
980909
728317
202134
329029
5193
356323
61624
111397
562194
634726
833563
426458
451341
289179
577995
527553
514208
216757
761449
495702
42704
556065
855277
328459
695141
122581
599953
214805
503410
593339
876526
520356
198770
687111
528378
164776
396697
326318
618526
907623
552346
485068
306319
106895
16718
728043
467361
356746
559349
417796
901251
978621
391596
778118
903296
332539
631628
926463
835901
744633
510786
648234
360676
460511
142702
468458
465706
19556
128302
826023
574231
475487
142924
537614
653888
895267
623859
610909
447241
587585
854468
883142
231738
478964
461411
348000
945573
558267
608238
690838
597398
625311
683022
111098
323096
377788
786400
566658
203285
704021
59697
871159
319753
618188
788271
965665
788726
793936
818608
131024
445235
19070
508497
365345
575471
913844
432602
586573
407774
439185
37743
764361
637263
29651
870657
990262
848705
130245
605896
79051
321847
266244
250791
633147
976694
769450
945513
500139
761611
340990
838275
672945
664197
181037
942343
141415
533418
878632
130996
59855
181040
677043
381329
316620
367874
316731
203097
229312
454952
899314
374582
771747
112974
853999
51715
760083
530870
867235
775692
777733
835337
406471
995219
579093
604518
853666
412074
614602
692856
707191
51833
846776
312988
163914
734657
242574
699548
677598
498677
676873
45794
200999
173044
985502
481065
803519
216458
93504
179770
230031
10770
96976
714853
747459
217910
842764
242000
224537
212703
494075
563311
375288
732473
87583
987001
29824
319673
599487
727824
129903
614034
579257
282272
467547
148076
610538
579822
642867
155224
112655
428375
178076
388743
116177
35207
764551
125081
906208
87137
244177
799878
377783
535638
299195
999193
616263
307172
630040
739081
673831
408473
768047
102852
385985
198228
794354
292287
930990
769050
514124
599135
511569
914967
94720
269732
860018
515202
653548
304027
43726
220636
742021
53938
365449
258130
405126
180539
167315
927058
414525
91047
319508
934749
261643
124464
623278
745360
534255
447615
527709
985576
644897
27847
204892
685516
955455
443318
394598
488559
393332
661104
56598
428655
746265
630313
319980
652762
737752
45632
170575
418572
612467
27265
918593
496794
292282
107550
666854
900450
445428
971369
597323
669454
74413
781958
57705
913971
678249
738149
943127
181891
421070
36393
888891
443420
151956
926800
515482
934133
283444
473003
646882
41271
34106
638911
197716
524260
122681
597511
581313
319189
701485
266553
947432
599873
298752
234052
823605
711881
441185
156286
922460
629180
386954
690465
55435
492963
547379
13331
794825
633604
557522
164871
948542
312435
714430
614244
706765
902900
524561
676120
961130
129193
648728
488894
250063
419166
871882
121481
41443
382191
88868
477079
231836
680650
380455
130269
154719
596450
192726
247141
119236
420057
821143
765177
189625
205646
557530
121238
962083
840574
891908
235758
306040
157876
395224
707521
857639
251313
416987
95631
776773
348005
235441
706665
49683
859531
841847
732573
158918
308081
370847
227166
713162
165343
432212
496259
910866
803365
821573
789054
597639
281439
408925
870153
314280
32741
11700
695051
660526
802930
505524
931343
773359
580556
805052
325869
631260
878128
281180
650047
661983
675346
668603
13470
82089
703673
599387
129064
958719
708703
176000
36096
288742
967405
606317
763666
799471
421332
248076
925151
610764
652233
634100
206785
591662
425736
936571
452496
143532
641176
441532
246831
415684
185605
454596
360623
242429
503172
334872
812647
619538
128212
15857
224372
803489
921327
505468
768423
258748
19436
923656
399635
512244
637852
567891
561175
161349
984297
968677
989494
852184
509858
845914
459700
816200
474197
190589
437275
660656
691189
485097
922880
949824
327812
623363
966729
375862
525897
41407
677047
939542
978102
152337
116480
684889
519668
887734
151240
791408
179115
925468
125339
525967
367141
802065
666293
598514
76898
499669
738744
558959
169420
260330
22793
400969
888154
877636
236086
966797
533536
206661
971176
540250
405813
329668
580464
899528
291315
110728
553305
57513
811973
263686
915694
626919
300416
362362
772815
476264
933242
570058
764201
222292
800278
51188
358275
354644
762245
709221
14242
172953
470606
356782
157577
561379
576950
607395
619056
729649
837045
379045
940405
27861
456309
262067
895786
636934
549696
421880
464532
831987
489700
409477
306434
63697
748725
344715
922640
299018
162529
836656
83277
662580
40726
608518
303213
737336
428687
479815
174454
454600
485598
109499
53095
166459
940340
645114
640566
661883
726510
791291
65595
78065
740956
783632
812401
309654
512052
694205
313178
30282
888274
208612
830195
933598
90088
367098
284081
542080
456948
472404
351213
148401
581417
597426
575703
263723
745312
572494
757647
376369
658855
716087
230172
932762
826210
339984
694065
280103
931484
511949
537737
206947
689961
520528
723744
729405
767626
726461
352291
51379
105975
948842
657246
773320
785645
156901
549311
708784
973762
454184
249970
947904
110011
120232
138584
972980
233231
908886
159649
155628
155383
953860
207857
577710
421356
194495
282360
34028
402692
848402
984254
436074
717950
419111
15588
917361
941856
501130
348569
780141
736014
922774
181786
222042
497340
745985
666321
259680
676634
444255
560356
283059
448515
703595
924254
134209
657957
395612
847933
156906
325992
211911
512036
746522
835997
150891
962303
285608
620112
305951
1425
956978
986045
347237
729884
188865
232507
291364
965206
900124
871787
934270
175511
471548
868469
412521
705458
815387
723735
722160
992805
966089
794070
653216
255422
750346
55146
640503
409731
129194
789116
338218
562991
287620
59667
494974
878175
671129
761639
512119
881764
196966
205048
332827
629024
196816
928892
187632
473501
950093
701358
234742
187094
869948
437608
140711
958125
650973
250002
415353
741816
220856
712231
741775
583140
502879
655945
204460
705689
778761
243061
600569
385905
635103
675366
691988
416048
111460
314080
906518
466699
256176
195195
77842
890956
885834
755027
901926
849005
761628
981914
816439
595431
26742
52774
125656
111575
976436
279698
129592
338957
936576
50284
372063
936124
238230
213331
767757
835959
317241
730889
122445
111111
740130
643620
499472
435749
694900
891098
880008
50762
663851
470859
48742
462852
473397
805040
82132
178468
207160
550792
642041
304084
915038
299470
183997
650993
431306
863930
479988
281080
703260
77886
126591
604943
866003
240876
976390
920492
876429
66277
619320
761505
991528
891666
499296
41166
302192
221557
340747
519711
178911
308925
610746
761238
256987
456966
798393
27051
158266
814793
402462
68603
525771
612746
873338
195894
319140
203144
991520
961581
381189
901049
176387
32685
713833
944434
171882
793827
992866
531813
456333
409338
36849
402336
327675
824033
563854
178876
607464
855845
341020
765476
800081
506755
677053
797463
417796
800734
4731
51156
304144
911760
424441
590468
195726
279523
922911
117008
702942
774620
260489
707465
664435
348694
324431
731853
854492
850962
810489
291824
730840
615811
215362
588782
994876
57127
152786
920520
484752
412370
125551
759912
975216
216063
91996
820820
191680
869687
374017
909465
136407
849241
704125
651393
709254
436652
165517
717337
299147
47487
770238
564890
14523
92279
162418
106703
90729
528757
60570
530827
269476
77240
737031
312313
304947
692163
893249
582528
577870
888695
934838
333654
444536
75330
839056
981350
770003
855966
153402
293240
687803
492045
233806
856207
85139
338574
123561
456922
427361
581520
974174
697636
740264
889487
724367
246231
314111
345393
389358
281946
50762
591912
95237
531897
404673
863427
737715
717232
748891
72477
412723
680340
609944
895449
988872
259741
260379
219994
536677
168553
656317
939175
447208
859943
816097
490677
528786
895681
981052
809559
331089
55955
597291
824975
157157
881938
418321
153685
892750
218334
760397
91845
209180
622586
192054
42103
310133
892976
883876
766223
824581
989561
640664
658956
121020
996983
147250
728608
13359
773315
534134
433338
342913
32607
177373
423323
780102
884528
517102
275920
234188
366149
746895
831576
88993
236009
211289
309311
199170
209291
240438
955361
853284
186410
206134
863559
909276
459582
987003
171693
445260
95164
986809
606624
677105
601869
814030
891793
457245
750052
816519
163589
80913
429674
732740
402641
974122
784484
710877
725886
232346
19750
609353
747031
843274
240566
727868
502097
268771
403636
688379
981512
880106
526844
865312
582401
322201
227037
751679
791850
588219
363540
866280
54382
677302
535722
652079
169815
684869
688136
324280
608039
898448
763524
573600
87432
238967
167266
777011
789734
344012
933564
24949
717167
881921
861687
547038
384022
848843
204578
95750
126782
838156
721623
937013
308494
416934
563492
375960
717148
307761
244281
7105
617982
96251
665217
728677
802172
494500
952714
444987
900525
473628
884316
786141
159020
763258
957509
643571
579600
191934
900497
682529
144034
519248
240589
844421
845913
146154
475470
577384
626799
750172
594498
179836
817818
497553
355299
194104
167713
706813
120269
119646
817562
617736
482632
314339
834576
667468
964885
496138
233864
933959
73006
589274
611433
710901
592939
457602
615140
35262
776857
823052
982938
561162
356567
912113
955890
43244
41920
362690
377003
786863
709305
436857
314971
686571
609726
72532
344569
119227
733752
78581
881829
481414
13995
163166
191983
44950
5079
119446
4239
808552
109633
735752
653957
611971
554076
721678
951558
188694
649375
757481
182601
47957
602882
316701
716008
249308
220524
772251
237776
646148
288411
980670
137407
812745
628921
324379
368406
922169
877172
865792
981098
922410
312304
918838
361243
922372
677014
287771
498605
569555
988223
419062
331482
759582
746974
531814
476330
128594
832388
327675
278741
211231
283401
65473
474262
614680
429175
486588
331536
720780
641540
432370
902552
24474
385032
328394
768221
862890
854182
458101
765636
532383
190953
767138
697068
917870
96593
429161
16273
20197
121190
670229
156251
508321
491021
896444
452862
469172
603615
985338
429376
217347
16791
396616
914654
519316
68285
208108
13423
752066
262449
972780
343002
776732
782058
618498
678728
655636
137240
206001
439323
960289
408064
953992
507459
72664
542793
262343
127599
35735
773088
959630
749008
998515
398973
664473
411562
632395
180788
282709
254691
2851
866556
281716
886093
65903
142380
425386
624464
642169
283518
250527
772354
781958
407221
290768
509195
130974
331503
287113
967397
396506
978528
338160
279975
713416
765782
256240
443006
368653
476108
856187
499772
209839
41330
386734
225742
339630
761627
927750
175471
720673
80571
579759
572741
206884
381790
17196
863695
494975
49038
315228
653868
373212
891389
394900
747265
903520
720395
542384
924052
608654
86215
295927
405026
648289
892568
692867
900616
491468
261986
899030
473209
109071
217355
514956
907398
340719
158766
266833
53034
708047
716470
418265
187946
281464
906712
784974
456458
727138
387609
819440
251708
483331
670072
179755
382644
330609
506407
752228
348021
582545
79557
498605
34614
843335
740721
221138
334140
840833
942901
572036
910285
635687
447403
820098
675271
848495
645843
975475
991820
242184
50719
498261
720454
809246
893449
670373
197204
332910
505197
20865
844113
466409
469000
42478
615819
820399
694725
486839
920766
508846
325791
841164
479535
839884
966579
963900
745413
461411
207345
542500
609446
830828
413903
29666
686411
484214
513432
858566
782576
606649
615097
904248
498378
230012
111846
752253
841953
150791
249550
460007
38472
660807
659247
646644
315101
96572
757452
242689
479436
540502
565353
202830
519589
188092
571039
232707
933749
954158
628267
76086
338017
256867
620251
968343
751838
158354
839294
134091
925425
396690
405293
37629
623850
868962
196039
820736
798023
627923
157511
74183
50178
740212
132564
343587
127794
236702
78429
97796
726370
44167
828405
923602
349462
908588
192899
550854
110359
731319
722122
95758
878118
561538
12997
924926
422848
338252
413856
386682
937095
394067
648215
99966
392081
169821
682097
505927
844253
985147
643111
12365
987069
627069
598453
173965
994591
910996
38151
282338
940212
881967
993269
664054
995606
874406
127694
384022
431241
699430
919862
79507
191907
35716
753059
547740
595065
99164
904638
849116
583080
941516
651377
135146
441812
75093
610454
490089
667667
883798
333335
750061
889101
776117
146963
947734
548258
514210
825381
303795
459781
649425
136652
81236
258154
771929
64427
617825
403862
31494
459693
969636
950926
22133
231179
818756
17513
43661
57069
507104
619573
95396
950949
468483
490263
944320
360422
175930
33376
891041
80549
33215
6545
998021
291028
590010
924768
287186
787422
217857
644897
471255
646754
518017
819468
595704
608598
862737
679168
984493
674584
593901
474547
966222
979115
742019
492433
388580
407955
344646
877780
245030
675390
531559
227487
381722
471095
591
637808
747428
387054
789360
643338
539235
750613
844763
671726
694293
169709
205065
795313
737260
585498
5075
196245
969452
9638
25722
3108
679401
518204
75303
887333
215951
528788
948825
777718
958090
654355
255815
414169
69963
185763
448826
803466
378311
583288
135093
284427
308594
233591
751886
648224
441616
267708
586924
760818
571580
370050
103271
837410
76343
378349
327712
755252
950258
98478
935497
636202
364121
762175
232402
64612
140702
493741
643065
730119
579550
369413
425869
614630
263467
439361
671191
775510
84887
988206
941970
689070
705946
918054
383795
103509
21688
258729
241112
165784
133912
42941
777058
266953
496888
57846
927668
431047
50598
875458
747086
805651
985472
490927
183604
333291
772222
456250
342435
629157
669303
391211
625936
273127
163058
317003
89274
550903
879639
231457
890798
615286
282689
716510
879258
412091
870056
811946
486059
996322
422067
250562
216150
174198
