385591
929049
596775
17673
529137
563741
869037
586957
944266
192213
312112
386438
607838
543368
881555
699387
65912
662570
791059
565306
620774
331209
516163
996256
662569
660944
300130
999443
991105
851611
85528
584206
512215
298958
735015
883528
883692
384324
264315
258711
86752
714385
930991
726125
911030
625323
434578
626446
795822
647922
482271
337105
927000
803465
152162
461999
897539
969162
987468
279614
682631
526853
409714
333164
318539
613258
596561
633889
156573
428246
274105
444773
123675
266742
295898
118823
550667
712571
429693
20737
431170
578944
778805
747020
79064
481911
559536
316155
578268
40011
268066
452226
545608
468813
779034
454582
908301
368726
103594
800324
839214
982816
370420
898995
41904
60028
514047
935835
916281
384857
688616
556790
779074
934982
242101
523649
85343
229724
756868
378247
905430
273191
172989
582752
138566
241213
193208
999280
908023
787179
118160
497151
759726
22484
950003
199032
794315
642057
709094
516925
140505
129569
101453
166111
168613
930765
182663
577481
373769
705262
432674
172497
829903
845158
718865
535133
153952
602793
743242
390199
928253
981000
528802
791156
270129
765287
184729
17721
206601
204421
718481
684322
521793
522090
942432
739442
945765
494650
142441
210419
181947
122840
15971
413351
325383
922619
348474
871842
843230
561747
60949
819808
715236
336411
134993
667223
589828
848843
471408
325536
215712
153088
827345
241779
364471
627378
198050
659886
869099
790852
46187
830420
646795
469567
639634
438700
660033
230
763619
992436
412236
694954
522846
826325
443407
50858
878883
367948
512659
835447
609627
955187
800350
174201
605128
618317
49858
176247
607510
366034
271111
70003
596385
348007
938644
194576
429339
81406
116886
560758
52241
360897
343640
28296
410890
612260
796196
55488
851796
751552
745076
264772
958121
336932
599532
255532
603895
996934
479974
232463
967358
516391
65803
765338
647989
195996
683793
258581
530943
310510
79492
287679
615629
698177
34566
235598
23192
75817
611986
417726
469013
332506
622924
215371
657954
996740
830819
707408
110301
931287
525623
777809
552288
893175
441511
394243
863142
110216
318319
638729
119683
151752
207441
891875
942659
511374
881462
898159
243565
621682
6918
982597
400545
678048
305043
893695
453407
655759
776043
526610
88727
193539
526584
503449
398529
443433
848904
416556
480499
120233
934662
458838
27598
718543
390817
279071
440101
58454
361524
837534
188427
48374
3653
667655
90096
645049
235723
403381
691120
836377
728100
331158
296813
82210
205828
290338
916456
36410
892924
79501
946753
208166
841815
867731
451190
22203
348959
29398
810404
700901
707843
555525
72451
382477
316321
835777
519293
251051
290574
990565
574946
16250
778007
891670
312998
573402
553661
828039
799619
31518
221143
718591
710784
968613
654080
814202
209207
181353
986118
401694
571370
989999
898270
818176
767614
600821
33367
228621
18701
483220
82105
129354
344007
704087
526105
51454
872903
532067
112797
514488
176468
594828
187605
676152
71410
631498
634659
187009
255502
432868
330179
114858
990037
958552
493529
433117
265663
945446
901652
943862
182723
429593
700894
802071
299467
821615
651867
237200
427517
627722
680540
127927
609282
500512
102423
412571
771863
137584
401083
925395
872603
257065
505894
190487
235346
446354
339472
579741
340941
973350
514677
680883
863762
236231
492049
935261
673847
338500
305105
675648
651811
771383
90468
693841
414892
378418
474885
612931
699366
987799
188544
257123
338536
204146
755271
260033
621362
264013
164913
113695
14007
358293
567731
122427
843755
255185
438173
497832
379747
374762
32187
496380
892161
871676
492787
90073
905641
748787
900519
444147
869220
931509
889410
494082
614015
364316
979481
9715
332477
337260
916548
886505
804128
826033
86114
718751
377813
325618
219095
558117
641083
78509
897792
969113
718934
3129
249822
81262
553661
765462
231803
547592
748629
808443
28248
572336
421692
992416
816887
522414
490997
203733
452654
753290
973222
503071
997111
991221
548846
238967
164322
927169
449618
399607
880705
971740
574838
272002
82444
64252
49106
851637
620776
806917
988855
749017
944432
816746
549144
72653
636587
707340
707798
109716
547235
247693
86128
162376
821968
714161
501254
459004
967549
955727
795853
644615
415400
198108
603614
735698
69333
395170
484938
304541
673294
523929
710930
139979
873619
315474
888387
754887
110157
675986
432605
477570
823783
510042
14981
939068
786029
395405
790732
595473
612997
806181
28130
762846
531496
468367
161333
871901
758392
970097
527580
623873
851241
562417
465269
523967
64469
285624
602750
738626
853339
667223
192657
620666
696536
145633
604097
751983
991520
335286
237225
867590
674420
887777
433135
416190
932784
271026
599504
959401
822486
655175
557861
355009
875915
941493
818558
355079
889518
636183
64500
843203
970982
579220
946959
929856
699697
982309
278989
500176
243804
739264
442537
607067
324726
283802
132835
714713
783792
704246
373023
762045
941617
748706
95511
399938
85428
811395
351668
823517
902020
326927
304405
66658
927183
877175
148106
572018
410892
954629
717938
901934
790659
226581
826674
651757
615547
764722
986366
35827
430965
126902
341290
222214
434396
586159
505380
462353
449832
990024
157030
481485
300601
813475
42175
694310
296139
972167
891935
940586
122002
133644
102236
171144
48435
939510
798177
849009
667480
202479
853293
674148
171467
722551
374351
405555
885913
652660
75584
747744
363590
587527
277846
635718
618353
400756
176157
524059
244460
787596
883386
141837
470360
652126
801908
809552
129832
565547
721982
210835
937936
507118
703556
305594
483356
577076
251382
433174
402700
774340
319338
70895
122244
623735
51422
613929
192871
940710
120091
495564
810871
290324
819664
327441
859788
877587
735082
635915
106598
257749
422078
911820
11358
687756
128589
629091
943890
136018
811523
930567
252003
941983
322461
931611
92513
448290
393524
712094
919293
884971
707846
719899
824257
189931
537547
776746
545382
277286
519654
162458
144338
23209
192807
267690
692472
122262
705490
414992
373400
284931
987289
258705
100865
316371
571946
203505
513956
620240
106421
409073
522973
602901
260147
554731
696913
142132
260614
950999
136068
293008
454269
721313
140603
553729
175232
523112
224150
765321
565302
463279
630699
470556
1175
413521
876187
562069
506428
255717
643440
638843
340517
950990
264437
953887
407159
56813
577598
596194
900958
546704
887923
89851
300635
906881
790474
950566
284432
76647
493614
720826
159398
756248
307420
635539
752873
803380
80076
66528
276758
942470
416698
418770
114812
769857
527395
400190
369787
85859
86128
634650
864911
40580
998517
470003
335062
195664
616182
195361
390450
100021
285166
912799
749245
523236
979535
625878
260069
512204
86617
733724
589682
484222
333195
609183
843158
959197
819146
650176
727175
375091
158625
73722
188550
575566
671218
818558
25289
237439
97696
702231
523732
482168
72760
971413
141412
278963
916297
751740
176249
216432
944432
831812
246051
882762
906037
674437
287145
107056
752302
59357
727412
291438
878033
107813
276702
197289
368524
383235
369187
757627
977631
413899
869732
296010
349477
474031
352577
964676
400476
327248
622888
214006
220675
844888
483485
582132
165240
883045
818675
28711
865089
431047
441623
916350
814768
384570
243500
899026
93239
469715
828540
730819
230801
787743
439318
672047
693014
412339
958608
963037
797718
823088
949258
121869
175306
863894
945952
65583
864884
585415
653562
626235
921899
300475
740687
497117
524520
854311
528019
486697
897498
912047
17433
61905
403663
780463
750129
270646
244468
962167
229669
350766
349575
44630
39974
550508
539730
24839
320346
580209
391820
6335
707311
963377
935426
699206
201470
323398
148930
224953
494994
538951
8519
364361
726010
13332
76192
9273
929941
447104
388151
84702
249577
391590
310811
530870
857365
822770
201420
436909
331883
631104
498051
126065
689796
223803
946120
352726
356090
191726
126881
885973
878232
528694
347509
794810
289532
868776
608980
586199
413791
491605
46070
27800
24476
507955
641195
594245
46826
161849
743726
350486
627078
92594
98086
824229
72956
987731
901863
339877
759543
882184
255678
60393
58977
522432
455079
506535
742734
128020
508500
532418
529496
730049
859483
470209
142174
581756
101229
451432
360578
577505
558902
848835
723715
503799
218975
913539
283821
85571
760343
855649
789716
797596
162673
122602
233023
117497
31582
974555
56167
865779
486804
247481
963484
106689
896241
903170
612912
337520
446083
250949
238373
597853
979567
41464
166454
654708
774845
709823
946533
927145
381718
766538
602507
151751
65131
396687
400646
96684
959322
375450
726669
465747
577585
823760
535250
619856
118885
634782
174624
14249
719506
161283
518561
556824
582850
304843
624838
299509
708787
408428
203060
210336
463434
474105
85845
386026
298021
131563
984475
776247
254473
203566
166931
368680
931398
314888
128075
869684
928239
665939
605007
692427
81905
382488
602899
651816
731585
350505
62557
157923
605177
447704
864116
133007
974210
373423
45635
292774
593610
688645
416854
997793
204107
73671
636976
927797
262739
416492
988384
366923
349155
214992
491061
150166
406445
43704
117870
957526
851241
732241
482491
507731
991573
763616
496956
478079
496498
689200
40403
78513
112649
697756
690640
80938
360731
184469
649211
502257
569479
557141
349565
175238
852113
253814
810630
778184
681958
595467
15857
261515
413293
421170
599066
781125
867148
38919
6590
106054
989531
20043
487780
745354
913394
817092
679320
472551
308385
568749
754823
377891
175674
96444
132474
490871
785325
392653
955767
131256
207471
960918
987910
435214
123439
806336
625057
797003
814265
304989
330085
165334
349194
300715
874402
511939
958034
522019
457335
609969
915040
54305
217187
808981
688863
729750
735703
630501
5928
297351
4845
739435
603643
791794
329683
199239
511080
906403
24545
594782
643470
311800
12806
644823
248033
686880
265371
203998
124142
127316
344893
36325
27803
113709
162391
780115
470085
945963
956600
265495
483055
223332
956991
398329
939411
451881
862785
344556
382312
580199
393548
490599
526473
612712
806739
736598
4003
268709
82014
988800
706365
329830
651710
775250
429222
214376
934893
623101
830586
967790
853597
341595
557783
310638
919308
260074
397629
130749
798867
768189
33314
624125
350245
815176
906028
902413
871404
321542
979466
74284
341544
340744
24473
954980
49572
521984
166969
655794
370691
677585
568555
43881
958524
867981
999787
385872
528558
412667
481468
364972
584810
804238
943084
567962
994448
519807
848063
421614
666114
394080
865690
395816
865000
103736
930838
466939
778366
557329
552124
794734
970264
243598
658609
675505
659131
597518
160890
37671
163595
283799
731199
59517
23330
353915
428228
660677
632107
109821
64452
795773
676810
280623
622066
97722
993267
918975
162497
157957
848880
347248
970453
205955
878522
93636
826181
718679
429122
278257
659825
525947
927072
321299
355230
396552
259335
763368
363222
990773
858512
833056
246004
965693
221897
700070
269274
655527
352941
951596
227688
644025
746113
30818
124322
989820
991638
912813
293638
596699
525693
809198
108125
152472
243378
238709
907478
692714
65337
432909
386526
198079
992110
326374
644393
433957
472420
542977
484182
462031
655469
636013
895055
347835
996030
264965
213514
958132
695741
388161
129463
860408
175565
18639
305913
723344
994816
364021
636620
54415
383971
364383
790609
668566
386890
911479
524673
209339
193383
278376
832445
496863
78163
85647
377432
113272
739102
538302
790005
504231
738991
29144
601871
117433
675836
207912
181070
58988
918950
899890
232450
16003
430464
841543
604740
653482
756895
58822
588512
332777
37040
840516
755366
11707
586187
634311
594848
475451
601678
817503
52826
357261
140244
174208
305675
745977
495255
811921
329192
656386
995219
724722
314924
294723
376558
176290
988276
675791
799422
529290
396522
835243
305178
404402
953497
816612
134012
287900
935321
559150
455916
319880
240296
216502
30062
229286
544882
564705
945598
78731
768997
26495
797019
144345
718625
233628
111675
288521
180208
381665
439953
810375
798597
323012
722516
642601
962222
3490
366983
177060
490074
845838
469253
481388
423752
327359
986952
593156
526368
111972
229820
918922
89592
918759
128842
981015
255622
871978
228971
520034
650969
444673
695976
57360
376706
424594
102672
362789
890878
866286
561491
621843
386708
377652
782858
822970
947747
950098
809009
558102
349951
406932
877512
154593
628720
918129
644439
64255
72060
361562
832526
492285
591599
205680
176471
387050
272318
179003
458042
822043
412951
91357
120472
137193
198179
428348
433427
532088
300657
151774
130812
4570
563691
257838
707092
927909
285449
587948
499222
329806
922931
937845
739057
840866
970323
1674
959066
910470
670873
205058
375179
638008
697799
163925
137457
159244
780403
519837
458894
697287
420347
540059
649236
637256
309817
549621
82235
723974
486114
123081
828753
689421
516951
54455
453246
60080
960966
434543
653355
565204
185237
675049
700115
598524
611002
810442
434374
705813
704486
167916
568080
157855
801980
694301
779427
652259
289940
574830
344285
10684
691358
704449
596413
220691
173841
874115
608200
314101
452758
480640
856037
980149
375859
298349
180607
33256
731585
585225
671872
765760
867957
800694
800537
530917
899150
459032
305005
27575
709486
189130
631455
313575
544031
384666
260442
815736
468619
609379
998939
472684
629124
832155
363197
349595
1697
706508
794789
342586
329916
667701
127594
735069
597295
902936
808381
401053
948514
795584
792437
193380
439103
206737
902221
843073
233332
745695
27956
179048
65899
256603
613109
632971
315153
566434
73293
64092
696597
208123
376563
278197
695108
960110
787527
858521
596264
888402
865653
291934
689252
372618
552785
449764
150312
11026
525831
22084
988556
412049
973529
566280
146361
995851
981719
832527
233456
354363
847380
316926
402898
399814
933357
739960
340048
841868
10398
919951
93829
999111
573429
731629
681378
421431
988098
446607
759979
378686
948816
145163
310263
467808
123225
939285
214064
607513
101000
826299
281263
341267
655489
151866
340192
309591
206124
455579
175266
271338
380225
472204
425080
199529
781274
346279
244316
66927
443219
503200
985928
631474
292235
262933
61064
472121
884028
111387
554260
843014
593605
424536
239329
562130
556830
405590
319850
388538
867608
63990
519626
414718
291399
139826
206005
673239
706730
502519
67288
530905
976163
109299
357536
977165
937253
999120
136612
509517
172712
575311
646828
721575
359485
832353
837217
503448
452004
562898
306970
517368
762826
680764
768360
651245
286558
518969
301704
698940
248597
334992
866586
621129
599365
721612
735976
572770
159104
241453
538369
809696
743822
630504
578588
446912
373661
505619
748630
674910
774947
693274
521801
11820
495782
796897
255718
897074
564087
769252
759511
120639
891864
137265
745342
63442
166525
82692
407075
723742
590119
183053
155233
837885
530120
281760
835733
64794
658725
619834
625273
592399
637275
394762
807762
194651
322849
761538
423709
45677
210029
956877
130486
729696
335030
865267
588932
629547
103942
70018
529041
686961
846667
786259
159027
20136
549194
210251
964437
14028
864455
953838
569222
602354
701147
708233
218503
242765
202960
209294
557575
665653
980509
636158
665938
534067
717521
818128
498357
511079
14545
929220
40890
310986
867893
597156
954656
852617
619498
608559
97084
438229
1271
154174
20774
566677
312846
700525
864949
960987
998532
860544
790955
65577
457152
26417
537983
23209
941202
863184
639484
57385
479454
748323
180024
41489
933601
545458
869917
41573
452361
351517
838724
880391
948858
513416
651603
772265
753304
482472
570342
591750
941315
462881
787469
855696
198468
300272
138679
689837
843071
319543
617428
129658
791558
428480
397885
957577
436311
398499
65558
865360
89787
895739
450804
850063
70417
292752
529943
779392
711222
337868
676106
366563
992599
885628
154405
153960
176299
889171
165313
784069
853467
260896
278027
665857
183469
444888
737839
413898
485569
638975
217175
360959
888545
824682
145633
541137
251966
228592
339436
390079
218731
450916
457757
845232
450404
850813
901152
758440
146956
293326
990642
870655
221402
10340
729340
398172
157690
656323
32128
920381
797020
210722
323626
652215
75702
690349
621410
318853
773408
546293
335731
479289
737547
527916
692051
923660
901212
623871
635626
258388
41345
708919
39503
674754
787560
678346
841091
823491
811603
164591
243154
724553
842175
670519
508848
770603
104013
7524
76961
309386
111285
198957
771682
11898
524651
859753
225084
682901
78116
472171
975718
449805
714715
283091
476658
127227
40883
188549
89422
570935
286843
191722
602519
627944
290004
765959
122918
390476
760488
762476
412402
229646
513090
595640
437915
614642
912504
956820
887312
596862
534859
255909
829235
180385
726433
245348
187577
617740
495341
228566
431437
605502
852099
302260
167631
532811
701853
948166
363178
476589
395915
598360
757734
276769
391882
213296
825294
194851
303524
657898
122285
851977
429130
711532
896611
316100
379297
994309
146513
318056
829573
2413
443577
241115
323269
616340
346344
167349
287017
941499
66830
430225
800402
265335
3483
4054
426706
709123
772358
314440
712710
471269
297826
488647
4263
559936
489262
97307
290378
576940
34934
997213
969190
668711
575140
711821
490979
896296
808337
860124
302150
893355
531096
241483
549811
758340
973247
664754
723233
896299
676887
495024
675087
691756
480977
586708
55677
706327
495052
856520
205003
704241
53237
138345
233755
302323
66834
51617
511119
19198
395817
941296
874233
249514
573396
842343
569556
720579
322614
787401
343096
722610
950616
327204
596269
823752
88091
785124
746370
712018
616268
221409
228018
524977
763058
505588
575493
399667
813998
430741
621939
288492
802139
713322
867979
377368
255550
467605
917363
820957
762117
80104
972800
921766
367535
87698
990999
943823
102723
125228
51610
120488
547873
37507
791420
722207
859649
219426
53991
524445
376091
887660
394148
930472
99456
791030
321191
991701
807222
527571
822881
389552
126287
337266
475270
22586
268640
247306
297293
206139
949057
1597
7422
872977
591212
623744
490349
810334
145784
620332
610105
77992
542484
230249
442151
319835
736414
651694
261375
484006
104321
480080
12965
216102
360403
34242
697747
658319
76186
253617
207720
325803
639926
268319
647654
476929
559986
198920
277289
628506
151290
133593
633109
895115
725595
277909
2598
101687
989502
459503
381753
808883
851135
511451
478371
134184
578690
717954
969100
473720
538364
130671
587783
494737
485448
634970
661785
88738
182341
351049
732009
270789
545056
884122
206601
127090
264748
890741
898047
604508
595250
71174
153627
360647
640002
844513
479033
71154
965465
95885
27017
242507
551949
4460
132159
581346
935996
797673
577701
694058
317882
543194
20199
900287
593026
900040
253544
62699
673078
926518
669666
787167
607659
219127
294543
729903
421227
749895
506891
823550
231565
665970
162306
664378
229739
788175
306254
505130
780317
215743
754709
796669
477894
726705
730037
31808
158197
225192
977164
129585
626778
212191
391857
720255
638272
460926
267238
978011
725421
216606
886280
951018
211797
151804
836419
572548
179894
897727
603173
665093
903128
736620
255722
653044
584181
553202
160089
290467
70361
390410
651165
878510
185880
599000
904843
910412
7926
324656
746025
177376
711775
269916
325898
745581
804457
675223
392387
638213
4956
261597
936977
322701
735518
594421
300682
974580
893504
167197
252057
767112
726992
245420
224327
157572
205327
2248
234952
869720
237564
88319
132636
51564
340011
567873
440784
479372
21969
277731
202883
730910
350030
54918
222468
943289
983665
67177
622854
749358
513756
42908
182912
711469
706050
953757
451308
435732
673639
78043
859965
643858
922660
250723
336542
556625
295851
71948
145584
405597
693678
411897
761965
163233
363257
434088
990012
254494
196599
366794
853906
521848
377821
759420
183970
277615
425464
996009
763414
959768
210690
794098
497383
543036
578317
369810
447683
337220
152962
587290
848992
29232
18967
289369
498606
518711
500785
751750
535714
307910
182682
738830
137630
588648
145320
36707
240722
111150
312544
107092
414063
623321
726623
293904
274192
288813
51534
956337
535284
848121
945905
652284
342166
308922
600065
738347
717
952720
610160
659675
820360
494585
220995
67787
808800
893976
706726
97633
568991
366487
701419
58714
675902
947774
707934
359564
395293
42766
45999
721336
615653
109283
139935
825582
164035
450501
529675
925625
13858
878433
530294
471478
119529
642406
199669
59786
278312
814833
762705
126347
506659
85291
132956
196453
250550
883083
23313
973788
787541
256484
99528
947279
175007
15461
124126
813965
206569
408434
135900
255001
650675
168643
582537
772223
425703
815068
919138
381582
261724
336193
811271
373264
549860
607428
643056
121243
950058
681928
252833
472856
215018
640000
704120
798999
42018
729058
336447
713956
946044
808353
593573
810927
919135
656993
151551
780050
535117
294036
266562
195987
166217
846739
849975
602632
548561
440754
119238
99892
383292
841858
134593
23888
750912
156631
423323
148417
781848
213156
388811
266737
740599
257739
271567
259873
195359
657636
943272
983617
21348
913804
835019
700574
889743
718642
963893
373696
579251
456658
127930
98756
271065
258232
752545
342097
469203
997394
503499
821726
807991
886208
434802
350314
774783
807519
436118
141630
133635
231707
665542
298691
206578
97304
449291
523657
793311
750633
141086
912751
343230
59647
429446
473249
685538
953623
775142
939456
359885
681467
930099
653809
46950
42749
129392
548712
409783
661769
305043
685582
250438
999557
40049
982480
122209
259789
269090
706295
184046
554270
540761
286654
837880
646761
774249
792817
90806
502120
862775
611175
815161
302736
717027
997394
948162
903917
947025
621194
124951
244730
589619
746248
730715
874933
518883
992325
63837
328266
55108
358919
600513
227635
392968
604324
457004
419158
390771
152515
728446
113540
333550
478039
545414
898979
676864
998394
711736
596846
922750
143277
936171
516255
367910
403023
782373
389150
605742
546990
974760
307960
63768
53775
741200
903440
131567
946890
193057
320555
684303
66974
227528
136347
673350
159690
504541
391391
832547
399373
500671
957911
402705
287098
385725
224588
225504
983988
867967
81980
418838
105302
801247
650176
937729
464681
246496
548957
931571
33435
29058
82633
829107
741755
731214
700686
737823
716120
797973
255424
249672
406174
350717
650936
770513
641431
754830
62699
289219
545292
542199
112605
372364
525458
257841
807055
656448
586159
597406
345603
627366
141005
318721
393872
218399
48539
337610
727593
117599
360217
343289
62113
15100
803930
128809
91838
620030
388147
789392
225684
496116
807835
504438
128914
38277
385328
842262
268204
974160
799936
943611
51424
657653
131496
876981
554714
8176
586140
150890
234389
792103
651680
835071
356244
100342
203634
659005
706467
338747
881402
30612
514458
491088
311693
89376
690632
242048
625710
216800
290006
474523
617076
401614
437987
898012
63595
977586
786314
72399
87154
734068
332788
114028
434966
595074
838651
31360
764087
999993
349780
852201
335172
700353
513933
595356
663858
852358
423878
379298
37526
705581
57347
550138
544761
913724
645424
710114
735636
94290
600261
791262
443562
974690
781671
909590
720392
806282
747135
633427
879463
85051
528338
877622
137788
829810
766780
816964
358740
762846
442406
918201
912680
524301
69987
674737
532495
742815
134462
141173
190064
168588
367025
824854
603267
754514
625864
441063
710426
98169
16534
894902
502888
332843
912000
84643
561583
420388
407993
544073
619834
969405
241290
384646
628987
936103
371037
397468
688607
145937
610542
839477
675904
299408
338104
27313
983929
426851
207419
675691
159998
720909
805157
764784
508844
454698
847383
88929
752009
888800
276807
193315
732214
484602
688424
531949
441227
24212
117947
332830
699405
917527
4351
423611
830271
234860
614750
534101
543579
4016
258473
914838
618345
521128
188309
772348
38828
305491
348105
568890
123511
127523
323120
555144
818526
559333
27059
632809
426366
547848
67752
933027
522039
176442
36450
281588
29554
168199
304118
484917
663782
655173
328944
197160
569097
91144
516107
296286
764941
494821
810927
783098
136058
566620
414729
970448
908835
773565
663889
122173
885190
667482
18304
36915
352101
351752
683767
991511
166166
766239
32330
448959
377668
493358
558129
751624
752632
466864
250919
537256
928800
653356
665122
913642
811145
833691
328146
430960
805157
12200
265235
129918
950328
259578
626876
928990
634509
848508
286833
161209
481491
209108
425132
622656
729092
159800
877055
748005
19425
432580
831967
588524
309014
60991
283239
847730
78801
316060
220575
394901
448341
203775
7336
77543
720392
214436
634331
272206
534028
946613
46888
276519
603595
611588
23728
948022
612654
602882
527409
910727
469296
16079
150422
551812
944999
307471
71197
354580
198271
267139
466304
230588
998542
69162
433443
198809
795755
3341
174887
902930
801954
781614
571668
166021
719334
919075
166306
79088
589170
621720
331806
280276
888935
39867
331952
928947
240517
465958
516068
842340
194279
598380
985657
759522
908274
671306
178899
25575
897744
979971
360815
170734
329250
88294
688209
493288
67773
927431
940951
568107
990662
265608
688555
660817
985745
452895
215736
487246
607642
663516
305497
704237
126653
265335
174513
42725
489499
314238
322459
748709
409544
867491
816132
272491
480375
612380
324123
631713
583874
312303
939221
664394
308351
335008
843124
108328
590652
618664
74243
856445
524752
75059
445679
63206
907374
533880
73894
693498
482492
170753
331501
989942
906775
927909
202216
150726
41758
562997
928622
240790
852672
140380
377340
440588
192314
198131
16246
808243
309023
530655
805934
193740
489068
286038
383455
577464
300745
630606
315001
462035
136883
569207
386959
693296
503579
467752
925949
214376
964978
508206
605759
57734
185747
771755
889401
753728
886724
15119
865349
252919
339449
629215
482195
574474
514151
646681
217624
589976
654699
718801
452247
261241
662471
350880
100364
681395
289312
899976
610202
236914
830122
631078
620370
409776
961983
649160
184621
268524
194997
707984
454568
385087
63031
63249
120897
784950
511458
332603
669043
683895
288136
544107
457649
966041
898650
570789
801819
484410
539813
629900
37710
226177
148255
503565
536073
90420
260893
198676
205003
195311
550402
306675
394647
123227
170756
376117
114589
951095
698113
787317
373157
626167
767686
92024
571859
187349
333121
269232
446360
290148
267210
185107
570867
262658
747574
17893
509883
337561
584671
96664
883102
481532
933598
755307
389911
596778
279949
946529
156005
923700
805903
41448
13224
337298
444989
209803
568530
435648
474639
59755
159513
945423
283387
629768
190820
213518
843120
533608
584547
657827
29688
270021
613401
62452
337920
532665
776765
315274
248766
533875
220250
140956
204146
438807
502945
581216
287261
261912
445996
962150
351636
986952
824482
979600
353795
547291
270129
634483
771502
945496
115410
688926
44128
632736
774453
947504
544103
23303
348849
398080
149150
614938
430929
729099
810433
454714
39745
947832
595608
644142
911627
466567
457852
260096
143635
659508
6614
213804
553009
441987
681583
90338
410450
224561
814021
818634
379075
409183
157471
965494
771729
968297
526300
381115
868964
892755
333596
991160
764708
983769
845642
927613
51961
901276
190329
839395
419318
614267
434116
141997
553089
752330
343061
896430
634981
10359
266855
957814
499722
708365
435672
212367
202582
220537
784292
520964
433211
954055
158896
104440
467042
8342
598291
619049
702812
721634
382969
487628
189358
996079
700382
273527
785726
375851
403202
986323
212171
440139
484371
251353
262908
858911
913489
2118
603328
997825
961637
802941
758422
519739
482509
5876
872575
935907
431949
713090
620891
841805
103649
745581
278340
685289
356672
284392
506689
628607
955044
21519
656347
800518
756482
718910
912505
331558
971173
684583
434757
483074
59480
289408
351304
544794
316289
178471
384410
240368
808449
36951
985981
223446
810317
519168
794103
231149
486938
413698
450715
158453
830149
715710
992134
566683
223087
934531
938426
526324
639010
831658
258762
444234
823638
716527
831308
564164
558124
306595
478069
554819
430770
396303
904023
838665
421863
347540
349763
534962
680938
524059
734481
990228
692405
585256
82972
711933
924119
537236
166697
69269
642887
83559
45313
47189
542541
956149
349245
83295
60104
706631
766517
218110
517682
356821
29652
730657
408866
961940
886388
315813
370903
825972
869820
659546
981601
846718
208938
870372
762275
458640
222070
225305
18123
208493
851214
625929
893752
448520
998069
674276
419780
733296
949495
83489
980772
244387
390689
7916
733311
638452
101258
554004
502441
461418
306176
558089
130324
751979
922632
121089
337891
418278
938189
957386
498957
51833
825025
793694
189121
469077
912972
684578
149319
367428
784069
358748
906734
903634
803168
868097
60250
506411
54918
14914
807561
518318
950999
817268
958822
614750
409180
529954
822168
5231
987720
235645
573529
626300
399004
531089
335628
128357
303023
94592
16541
68097
283696
370764
681802
696787
84814
168614
972162
340579
275469
116381
54980
846233
270152
800476
772623
896203
65313
721541
107766
894665
487583
273654
102981
880933
363008
338572
27130
752683
202723
918590
891424
719158
883698
298589
128569
69332
543462
555230
357013
266038
29872
656283
209227
377377
281667
474723
807147
699143
691405
729201
523208
37416
603698
687438
907658
406692
820124
545652
604253
354191
315680
581940
48547
551522
276355
342615
864554
803872
356464
762368
188259
615869
506321
661199
281629
248934
63630
825150
189590
684352
364129
316186
734755
191111
322134
646025
710821
503016
767492
3604
43324
82270
92674
930542
411244
93929
593947
638994
847536
483719
238944
441384
43919
678170
922498
398079
255973
612050
759803
258370
307393
756631
219784
705106
850537
596331
988221
777436
422068
595868
718873
885155
875933
910908
313867
757519
372654
722389
846433
501953
379789
618401
50854
987910
637025
873246
777136
960885
905226
276351
896217
425361
336429
693911
73849
945543
462737
915167
407421
223454
269586
681215
679557
525133
305369
583227
253044
89776
328119
880283
224670
689103
281822
695392
756804
730292
862342
161217
513300
572816
708754
998533
278441
487967
961708
99822
218606
682957
581273
657763
793664
744631
796160
99652
422099
306981
517863
32251
240151
686239
276124
287627
912845
1857
430568
268720
858856
692682
306510
135651
945847
452968
710938
287497
221367
84536
305823
867577
803308
43428
217887
597526
198103
438881
580947
453083
15182
117238
55006
699947
715645
155784
913910
630162
948118
581924
653390
581445
453023
987270
812980
699052
86845
846863
409030
501390
576292
722925
696080
100287
901645
769964
431582
333740
691701
73021
235224
157473
463599
935068
973793
208410
971450
114205
504176
776145
735790
662215
686040
381837
561867
812528
996518
786113
106850
858263
754869
124691
786198
134183
866461
156138
174865
882526
584710
78875
618319
271409
550032
592318
236147
570570
396690
570413
244959
560419
826188
631959
231551
845139
191984
874706
557460
618564
237661
922332
707531
480183
656980
927329
411705
332066
355535
759198
177207
699223
69229
171199
899305
88052
462857
601276
471940
973339
623139
604625
973355
3121
973640
657228
475907
125090
266125
643725
90406
67318
984189
931595
675102
755542
791802
822881
157649
825105
442197
429730
874284
508422
852731
346492
471338
141958
75244
48951
414332
296540
789497
515925
683783
832762
720696
121421
351449
867823
208147
312242
371878
692845
503604
683695
335526
56689
372475
781481
812187
666315
397647
700759
631286
388411
22471
28833
335781
237087
730492
509725
893028
776022
226794
837865
74224
737744
912706
125513
269293
266111
521853
531319
47971
562667
243711
710369
502811
27841
643629
396263
498620
183071
8148
561651
303161
86374
875981
527973
121088
545408
467679
810817
111951
497120
781395
229944
474806
786113
661086
244697
182204
173952
735149
767093
226024
399895
795639
117545
140259
251364
835752
216268
162275
553306
335771
861622
56201
224453
830416
79038
579176
301674
159131
564102
615646
805794
781143
459167
264165
465207
185952
345655
588181
464793
636821
387525
453499
819556
984377
278480
780416
37315
651215
533121
730424
632783
909415
850952
377885
122157
800518
765908
443596
679709
526904
446262
343964
386242
232634
140269
678414
624519
689773
386289
785117
110619
502958
902381
699998
340829
73242
512465
521376
77335
929786
875312
844427
905827
944565
898685
529981
50278
418489
613831
74168
740036
671271
190395
205172
702068
734409
205522
204135
108753
691421
814504
849340
569039
141974
110846
575958
483150
128526
80921
901986
310157
723341
825750
443946
372024
927050
594828
872552
205060
276149
328959
790701
999685
32160
249181
896198
443173
342170
917711
542505
253240
959784
15289
753478
334007
245390
42511
12944
771439
731089
566892
876280
169494
198800
105207
224370
574372
119114
899889
844547
894935
472191
869039
646647
664795
294703
269319
183911
544873
206791
862191
129854
160554
337600
820261
187773
686929
713696
231963
373750
99046
487083
419748
818052
884980
799174
999171
781493
625677
259506
548040
774082
751918
270321
83109
465368
404252
976683
431950
19085
560429
269585
355327
473146
455627
661603
478464
881354
759319
368889
703143
457147
109461
832789
309730
789264
703281
44525
387145
117703
943215
108469
854256
270176
344895
540460
809367
997440
840243
91009
818332
464255
989717
837296
613045
899995
767713
441924
685574
959469
289104
52727
991177
123569
203121
997721
702169
194182
895087
842392
380033
656764
284822
962738
306853
744454
397977
663405
51327
386408
416348
98484
768585
614530
397801
1175
632962
181097
397976
101614
872719
327117
581938
681822
897832
979835
589313
568855
288191
522400
782892
604339
712611
61633
176867
612407
346216
357622
624547
865652
901040
646871
827899
72777
232345
822589
958286
474795
315532
596168
427076
765727
547691
572800
167844
348043
944776
234184
990118
852712
818020
690440
625064
520040
592463
124942
68085
414992
59094
769175
408575
443457
503418
128634
244865
430872
923180
104060
276541
148980
686143
480745
625882
689119
596492
405991
158289
3225
708211
681754
762904
832887
704538
306207
980169
430346
500878
760419
389646
537501
794925
121629
212742
857579
750654
152554
871838
611280
505278
265936
481105
451295
729290
145076
989418
969373
38843
540288
601529
371844
760593
710251
446598
66194
676774
926326
714345
935139
738770
309578
611224
762106
340650
266032
781635
557909
84639
173709
956215
662666
604733
39803
991175
564129
669829
711017
211821
957
563530
458596
487444
780375
6952
527763
705394
97627
19438
337807
823096
614744
335083
816652
176006
649353
609140
962649
394595
453888
958503
856770
767899
431078
221580
526995
256605
939071
271336
398998
94242
412367
902353
127919
785772
569652
138976
978006
40883
885779
323981
382569
26684
53177
211237
178706
800557
101002
617429
865735
675866
81262
7640
53585
111695
535065
513983
410734
267375
230784
280594
384157
914963
877128
504150
239918
560157
743547
801956
92605
748680
760357
49031
898992
164204
867232
57975
440558
677492
547220
339378
385974
417146
257770
560314
217147
214148
501953
511601
988559
846692
786083
263018
727982
995431
527963
118616
5483
258061
925555
779648
131783
146184
264692
700448
273933
883159
14186
966763
105555
886565
85918
625914
793747
968447
74263
375901
665293
336142
335399
695671
482376
242777
143252
990522
114038
585987
994485
145366
593392
310499
639344
388875
248123
627230
966176
347943
523149
323247
766141
921523
170489
956863
827949
493548
593663
129924
691384
552423
477135
653441
283996
271145
937465
468917
255567
689240
508986
977401
786298
99156
599995
605434
231043
593256
515573
166013
580836
611350
163333
667557
912463
784581
79510
284106
58561
612204
921239
121520
218484
927639
900943
318963
681627
878061
971388
592748
747977
572573
226001
523922
562603
443861
943575
100169
891364
250173
891539
972802
591771
193734
828922
770265
33902
698476
555468
553931
19126
405557
798025
994622
469933
751989
85926
616217
84557
250086
492523
959342
678777
118659
185501
419643
989966
800086
529434
289753
382406
431498
927267
966315
292620
516732
357688
69870
59127
601202
243147
100700
738339
848452
351957
470085
591891
544157
240135
805152
609979
941593
339153
395043
324545
618136
845482
25798
847927
516314
740870
344884
82143
906227
530243
929979
268957
897372
79201
72895
873392
341237
500111
390878
956834
40445
237913
756984
540628
356782
502608
352381
764877
65997
848714
905960
144104
738185
492446
551262
460816
795791
182064
804362
409617
468772
302992
384241
585401
856328
22348
94614
662472
296714
166000
301941
548980
956855
953860
938937
209162
415046
442331
702917
596455
145730
589894
816630
336190
857212
572220
166804
833739
965811
451971
290697
857377
305498
612333
461947
257365
73065
980529
730818
915118
475752
776190
42389
416393
88874
253056
36179
662716
365044
93703
953022
273897
386124
538301
814708
733011
265965
224875
266546
568535
983929
522421
994612
731618
676150
276301
838706
470527
369462
425824
334791
253993
293084
93356
972216
380955
851619
395004
100943
464939
636195
794843
521010
699584
635249
703679
818208
21483
479912
410549
20057
615453
290529
89993
964607
542097
972983
310541
863375
374626
897348
791154
573884
142980
140271
426494
303764
805877
601678
364798
602162
637511
729097
81910
6995
728754
125376
264746
272275
326975
638489
898715
577780
207199
813912
326428
883217
258628
234277
328649
633042
250403
255104
213034
503367
662517
541281
741633
961056
390063
310399
977586
403487
156530
172067
85986
276201
425332
217037
919558
642817
785872
321351
798522
769670
45942
165400
641135
974775
573408
955043
64984
19872
283574
518261
886523
102978
827733
177451
777721
760911
671222
408441
662796
681195
305960
975133
872698
633999
732824
318164
592016
540502
864179
966394
664092
829841
51397
615169
63443
962887
840416
207467
90055
761086
381521
165314
82252
248117
528955
765215
148293
640331
529710
227453
676387
952272
23117
72645
848773
524705
692914
458000
831144
286665
520457
48066
379781
165103
263693
739852
705011
796031
457052
693085
267657
298418
205680
407194
170478
536789
573785
999743
938857
811374
493370
236398
627245
672196
702462
471961
720899
796387
376051
674930
88607
20403
432719
606091
510917
449968
221564
498158
566014
156508
739212
795268
739178
427048
820898
802999
575379
661636
554094
626301
313575
724867
587039
50310
357812
407970
714096
159062
942059
349898
113133
715614
71132
572647
297812
329872
780715
509193
855682
388384
30852
1827
509248
295484
598582
983022
30740
203641
890114
756313
644197
840664
653625
922663
718405
667736
174864
192812
552656
530933
449648
324466
835925
663255
23639
207199
968681
861039
669506
552163
121127
283077
848617
178581
227969
43051
678049
672536
425597
916706
921086
789319
674669
627589
112523
646034
469016
671778
28023
888592
807495
337922
855374
724789
53064
331915
768731
208736
694519
937
879956
895754
844619
511269
262597
84321
766458
429622
310819
409741
876859
33640
847139
598790
165435
758589
806129
979255
848430
470422
120118
239051
650867
172685
141004
603100
371883
392662
666103
437972
166529
633569
276545
772897
40519
665985
858395
32621
301557
459390
206298
598079
511220
799354
595669
135035
903542
886193
895111
677342
695646
368189
361067
216702
796578
840260
350097
814988
316949
750348
205074
532274
231153
222578
266470
754565
6590
773851
897999
180943
1636
34212
490337
7994
693227
862262
840822
764063
988016
224362
225332
284575
143378
890070
14633
924693
135912
345395
114220
914958
921093
346135
878897
766492
280615
991431
421526
165481
851490
263397
294498
373944
901098
231551
55335
75939
7026
124868
43233
323349
774955
74516
181879
87671
139213
108908
889961
734035
37127
676047
421829
632712
507411
669539
426654
42210
320800
485555
642262
584067
92369
932773
264057
91279
582208
237709
889396
845105
304006
556711
36167
107078
470446
605986
105762
783789
415514
302953
343470
613682
216514
743335
937918
272171
336981
732198
139832
852347
267403
128334
255273
973783
769860
263018
299458
428771
438139
829056
502955
88904
446303
978600
321281
867107
172093
558708
52295
979391
654298
418752
666851
239768
706672
947235
980753
738720
24146
419112
46471
33556
149554
711939
940635
224449
706786
978293
794700
403750
809970
163719
960904
650601
100725
863893
790812
300526
190351
708920
953929
498051
775268
700650
815378
344570
118596
58405
408239
421342
738858
887722
791480
456982
55579
975853
52440
891457
870596
114523
507609
442786
366940
337181
268699
409340
34349
38792
28025
609051
209991
790493
283026
70904
132400
955767
91575
465636
974047
449530
276089
741792
359639
612805
933242
621578
75220
291880
585354
540699
394814
453772
617933
75377
803322
351628
140833
654879
360610
886766
32029
295500
278264
188455
811437
458606
7792
133567
38400
655887
404098
246971
765138
896246
794682
958554
869117
389950
457791
519945
737670
19109
445474
592793
528694
727246
905468
70243
661409
459218
515189
628085
574349
412557
183020
484135
58107
280872
897036
832240
604584
476399
562649
785290
642161
615162
408214
123147
541803
76736
261320
864700
450113
457062
518055
844462
438677
221192
583257
209393
431392
232299
23363
763068
816836
594197
179790
535290
192132
64729
504892
916022
118006
382715
414013
34889
185118
865729
728670
982904
230949
118881
939328
471623
578060
241738
778398
906755
120051
351156
827640
773885
451339
461657
801929
770242
770824
633636
759175
940172
906216
474924
351227
274009
581885
819800
20247
467745
904922
593681
143421
768588
234130
181985
30846
699042
710230
362873
864821
711238
622130
95805
836510
218466
57952
467166
969152
840112
411046
676088
276522
946251
307335
234683
455101
464705
581807
902357
281287
838666
249465
189582
569556
86048
6393
125138
167406
264033
884720
723868
709767
512136
561148
886550
551004
190657
239630
832155
92394
295450
709073
785615
862042
989862
878950
950472
4002
393314
907579
669623
53389
121135
768938
272458
483713
479502
232534
817177
442665
110894
883689
732209
757003
643927
365343
149053
176497
722390
975533
739581
156868
269920
604880
358887
135266
945287
200488
918735
342144
65818
740664
116122
725464
158219
286468
549605
908345
896267
462565
259077
409471
423850
680072
348830
388693
593656
361493
132545
690857
134365
809278
922780
340734
871610
20721
740036
251919
654881
783413
101461
873591
85389
365945
840055
218198
740016
652886
131449
827794
853795
655548
847383
813263
893272
805698
658101
486020
54225
365213
818653
466840
789001
481345
606137
460989
373541
653850
905331
803560
322922
73740
781362
765760
811553
348632
64931
927599
846130
404941
96593
672667
702122
937395
779242
749282
3748
780490
737056
596526
960298
828061
158445
239202
295943
707366
518169
253541
461100
928525
907314
790086
836459
897593
978507
944985
814754
189961
468055
321564
481368
429926
592056
826654
386534
711598
251474
51730
948686
526370
390126
203351
350920
742041
576940
409070
817734
99174
825208
307319
660747
992507
117720
208263
149160
382614
582826
254394
94496
274
336883
390506
800650
494592
469096
303137
511830
99364
625853
64937
327474
395374
5559
33338
708931
123383
580455
750447
129765
717909
615983
49173
548230
404149
39372
662195
333138
157362
43405
794194
807717
536370
222980
873583
512978
723949
220658
82696
2714
108383
132729
137304
502549
421992
62892
809636
545630
47363
418332
942366
332415
634673
942418
933189
58003
267755
238815
206466
578445
92666
103596
258903
300377
950579
33449
648068
318943
574692
615757
681384
81905
478618
108937
509207
413503
540191
186005
120782
324811
125717
511427
969994
240001
183258
297703
933333
920857
235275
224003
767347
23551
899467
151393
446566
94506
686040
990717
896956
921051
672499
125429
450647
192027
753105
35245
334614
492689
437526
125757
890371
287236
655287
442847
82423
773192
617429
350779
446976
742249
498429
78359
130786
522444
833726
892293
358467
877168
547904
852536
443841
332759
107848
320674
601509
991734
627688
221210
484245
444669
768328
767440
966639
647831
687862
982797
866683
597214
342974
565556
889063
58102
269352
490568
463199
231134
500289
860136
342519
370619
421491
229539
394605
406356
17479
268458
763357
539437
898336
580486
157820
156781
955537
273531
218882
639492
675124
214382
395440
62959
161123
553169
76605
885985
898852
385737
560000
102996
930453
384252
950421
758944
140853
797458
129309
82433
995211
759486
548133
951651
171718
522997
286417
895932
515522
290388
774085
909023
891105
330267
544575
696663
927975
130866
458881
579000
458865
169447
342199
531007
267913
750742
883212
211339
631538
620139
879351
95753
700829
508627
907785
727968
298299
553444
203041
389269
977989
890779
607919
37148
258264
598890
164467
249347
696930
374730
259317
965037
696978
139766
878038
209867
938647
435324
479520
795378
184461
86506
478773
957781
513623
562214
874873
685527
828526
763194
551802
238574
863071
911095
629963
606044
150526
27242
595940
417240
637411
500965
112136
190136
478445
373542
469855
625470
466084
690880
467057
492143
967877
874544
917513
360537
43272
672350
396959
298709
937722
696621
340782
825972
152131
550368
268430
648737
296872
384325
646945
621801
10979
624920
352310
76031
577784
883109
167324
475918
728022
776833
664571
757521
185624
231582
486590
235572
349466
76825
364450
813717
228521
75794
416393
672047
541961
593243
87309
545689
211554
927396
68209
455106
721018
571261
98636
380711
133970
538408
950990
690195
886550
139068
913606
354510
60405
202023
50621
167589
181653
942491
177238
626115
559230
539877
578474
568042
278997
209677
817484
684982
711088
612870
561058
243440
449466
165435
431162
715247
831211
732387
477706
281970
215764
356012
327900
887483
126241
600068
387064
442297
202719
689880
802110
339975
277612
701674
558578
144197
291560
505144
227172
198311
216856
747649
147696
555089
749532
660394
955686
976600
87589
389765
703212
824623
353197
223154
599916
649179
630967
312051
4554
770178
188677
176149
764874
37284
969636
91423
82712
20562
335600
722475
503202
881621
377381
726624
488874
224968
131759
274058
886618
392007
334647
57435
379797
888757
294793
105794
474195
989727
498120
867696
707799
984262
769272
801469
579011
623859
616615
321968
821549
246766
808905
839927
993413
417278
437615
361113
579628
262811
931817
277563
372204
372176
740808
767211
183624
892960
899692
515684
373377
538418
927277
849342
918053
735096
156566
355932
581264
942547
825194
251743
75261
346635
987502
22603
757451
240123
451395
367721
721674
643237
405962
235423
25098
922971
238318
189674
200352
740208
988501
131737
288535
525283
78146
738583
929952
756359
294808
920017
6014
18741
589529
928905
604459
767396
473795
270391
43130
162886
205131
140251
72624
883900
120032
533443
123914
362849
881260
786940
874095
30141
564077
142024
879532
690909
543377
83923
659419
675479
111691
346345
446352
326817
856666
186091
933524
435586
202328
826511
868282
34586
215944
717304
286931
236424
590696
8845
178378
397430
312825
944914
659747
135640
235419
639510
686207
653036
642753
955724
664353
844786
742065
481124
626488
377392
521207
46628
377961
824949
837479
567589
62811
754625
171213
635883
96383
646050
87876
653206
856090
620946
108441
889441
488679
551384
841601
686675
794119
744646
529987
13562
211125
592157
939717
730876
117772
712682
702477
81844
54368
97969
172052
901783
939698
252954
200399
915757
36811
830630
38411
260336
574150
724303
976019
120436
941696
410548
16314
801579
658722
81708
148799
527407
245531
984725
136
628367
292790
174004
15041
304345
190271
700257
879184
160119
783758
767330
204267
58918
867319
222646
286635
534049
729895
293273
663561
738981
423498
969018
972585
48952
566236
797160
674425
133002
961448
25750
247134
769799
602519
911710
973901
209869
609240
904721
358966
302653
591819
115910
981714
806957
920125
298649
541309
441973
808745
130837
814370
107523
91683
691381
440571
134996
861451
196692
344494
483907
426548
898979
144668
323143
166629
468320
628517
914707
613713
637641
402062
857886
575408
634507
498239
909683
725936
400379
722869
956643
876327
285636
627799
640937
238433
48907
520379
925715
413584
525683
359661
376932
697501
876617
959415
723722
15563
874012
263560
26060
76424
909764
445127
643405
180533
287311
956976
818492
538837
239478
738283
732007
398812
993447
911071
659862
575577
616472
240476
825756
664400
435601
607108
837186
190778
361830
958691
186522
718982
34733
678714
558849
133454
540385
316419
605560
141288
24005
395909
283199
748361
286846
687577
376284
45350
231388
869925
857191
210814
771279
71707
751723
384884
594250
506515
561232
522347
719259
819493
992600
937831
345131
922953
98706
4933
566916
412499
596247
360650
531419
97622
68323
643232
971910
220139
22272
398937
419034
177772
64284
10409
927930
740997
76358
258665
751284
804789
651545
593667
359632
615524
257789
768572
575505
428696
676968
155705
629032
459799
327501
340294
960257
39755
456158
711373
714040
256767
172682
931683
596220
961300
227564
665110
118930
960225
696591
15984
965767
745725
706039
362195
270532
413602
672630
999392
21441
953126
889882
938696
305846
383992
446413
971931
325938
422769
565322
784831
232421
265346
622761
657376
279815
781807
645643
269922
675505
376978
874041
811271
697311
231244
988545
641887
653856
951257
764167
419034
115791
408370
147973
592222
515701
210104
129286
406062
321472
928266
627315
655941
832527
116431
110284
831659
5918
806001
272327
874536
270801
998140
726682
544085
755021
957003
567846
520000
846105
217346
715052
993635
681483
122232
867866
590031
224244
879234
847413
175677
146246
325276
382273
295389
894911
572174
765135
677388
902956
433756
153564
591719
677252
913760
981961
596638
527258
226348
102864
702770
631842
400793
809185
460357
27026
715604
863970
976182
894286
945502
50756
328901
588380
997668
982635
120240
47213
886419
377434
708148
95702
432481
187233
196429
892489
957418
731809
706596
778264
256859
379504
836450
881601
708863
407408
189137
484438
783916
509742
724642
710587
902973
770135
698834
474105
435116
983529
689348
394744
866633
500425
721685
902208
563800
504550
258685
567705
191159
319472
421396
984510
323917
688233
465919
6847
197602
536271
350145
290821
926011
790531
105183
411850
673260
951360
68669
545647
452551
633299
978247
746188
713784
562499
92758
593627
715281
178044
24743
134767
790059
464978
795755
562060
511333
496847
633979
969540
631842
13798
164822
443593
412994
312220
849272
866276
353038
373995
222533
491882
661743
438609
766000
549252
952638
899463
849709
969153
81960
603732
306237
344378
4658
774408
658027
374221
174322
393709
315209
917477
899288
674411
629066
775159
724438
989377
836570
749467
237289
44187
463956
314148
418022
175938
355286
558040
734800
704035
360371
489365
228718
487443
67945
283153
491699
215112
994716
784427
639838
104591
112571
189140
969444
491596
259252
366697
825712
742714
403632
141948
39320
711193
862466
758319
260462
890478
682743
790682
426157
225940
821624
396735
306590
818111
947371
346869
759297
479055
96583
703791
120379
976395
110526
25804
208446
27427
451934
514706
483968
259670
551297
804789
202485
93500
964160
645860
11626
679463
645969
184113
436023
915956
614671
856131
363615
70228
832852
140992
838713
781841
728072
722215
358673
318940
756412
95735
355339
959347
732302
748370
116434
992999
64636
798610
577762
701638
296265
653113
387712
406231
199987
29366
459500
370746
914803
655933
63993
116577
899471
703891
528966
76005
754972
70576
329607
202566
910887
568339
783280
391882
208410
348466
644618
826564
782106
401139
238455
882071
897688
311257
694265
791352
68188
909313
401795
695557
741166
176113
740792
154733
845338
992616
911812
769477
653187
240469
713539
950749
607833
266236
899927
150180
310306
560233
111659
712016
664667
193277
179116
691528
611309
605709
802305
119724
369308
110621
631927
683654
701917
867970
714798
37517
122719
865629
144892
760479
935949
41719
760147
574598
839438
609362
965650
767376
903838
875512
672010
74594
472510
41277
972719
141204
899479
401207
825229
922592
28549
755689
622782
777897
475962
664760
320406
33144
619952
700866
283712
696011
564275
578730
96838
616465
357551
593441
873580
110350
935958
648427
718159
324667
435111
90047
569215
258797
198597
253472
863799
619305
401339
61538
707136
96809
593986
149528
2221
60919
911167
502981
344095
605393
773244
473177
35652
241867
975752
18395
226169
688141
858819
4135
312200
746659
445356
966131
665914
607722
35650
377894
356974
616613
584092
614015
781223
976620
727232
869857
269275
462818
901804
939136
343606
993932
500975
711456
993070
250522
874002
95861
216268
251835
246138
168850
546269
498043
436004
542633
449336
892470
826743
831498
162935
709414
703899
232169
360602
49031
315147
890311
853589
986129
98857
968251
819685
911071
725791
249864
133045
515168
716384
78594
755823
548214
180334
661948
520861
2678
991579
225115
842929
506309
418951
634671
338478
706026
949637
593391
342367
397570
564977
509097
766357
490237
468292
908210
278864
170875
769903
604794
661610
405868
309762
83373
432244
619486
903941
21585
67287
783955
402815
247028
844387
663200
851594
682149
96862
286951
473152
840435
487731
840828
34636
795235
886995
422753
967302
82057
423514
914783
377119
147734
747978
779833
956830
848458
732595
627776
308373
699832
507371
325159
719768
355572
382092
605310
49603
369213
292291
214228
99580
208795
480649
990743
438128
192690
684578
334102
950105
867112
713127
632589
785253
211525
801216
315667
969639
552997
92193
393834
2157
512203
919843
54374
779041
164489
171707
852259
645339
372658
554520
132398
286543
724286
852764
538917
308230
430459
397960
897999
325113
307066
502508
241
595264
726952
42049
63556
23076
259278
661450
428670
538091
517869
844366
665132
33416
68712
947026
522427
230330
67965
74191
670200
574382
447631
213585
34797
419112
451374
347349
203050
801263
999109
127003
204410
934013
323256
988303
326876
524522
709904
207853
528856
780881
414742
643488
48855
352247
418173
682332
162424
895509
488392
202566
471610
275537
285705
626091
122044
527963
34163
10395
683441
313555
881730
945510
90096
608920
497908
129740
416049
231233
557957
715538
805355
970687
534852
734688
639376
986008
64636
29525
544184
230192
115814
288225
20525
388274
783490
349661
593468
101705
369307
549997
645873
794168
736496
951519
146360
180631
895305
189927
540880
136681
710636
560225
855745
81555
94089
809550
930232
551973
875402
666047
579160
20996
663891
884563
833711
894248
935893
478242
697338
350554
267919
290164
482541
26033
789242
774563
882376
171643
598691
639524
949807
628157
759287
252939
676097
139221
956416
493723
215632
457566
466099
916729
523048
298969
376000
892525
593491
532785
432664
823517
74839
844825
413733
654882
312717
223214
419157
396332
197758
223874
974181
179700
783228
146070
5527
558889
759818
695200
233117
392043
92092
514092
149673
14857
334931
555290
330431
104711
888644
848585
2286
897376
744115
980560
745514
837461
442982
778953
373722
83978
767998
666123
457792
614998
341512
719239
22401
594400
653538
972626
840074
334992
141720
824338
694974
691435
919627
343459
556676
521958
432413
245686
774379
246051
325940
904453
11229
812270
803480
117305
500015
864254
768860
974931
860916
22997
599491
972330
391226
185244
898661
101034
719767
59116
333121
489421
851455
937097
254975
387219
203838
464224
576419
50888
60674
91766
907371
583718
880373
48874
709418
402426
762641
117335
234969
630211
509741
793310
694277
412612
522763
493813
380985
548863
11058
62427
947476
102675
682257
692035
183035
65524
426875
159939
866214
921526
910420
280273
636988
617505
204669
64698
918658
909034
153221
845978
165055
456362
726237
642111
224762
781667
102590
10029
459054
815860
122584
536845
9642
648047
24631
436096
424858
606638
80613
868226
831680
154365
52283
908801
466250
781137
419502
768238
966999
336640
958158
408619
509480
351270
738797
323494
73907
496669
867672
109769
926958
667643
415846
195459
686756
728343
321959
131673
992629
625434
221248
158887
949758
201669
732539
51158
751723
844375
948118
198428
927682
904400
396072
58645
807001
832984
995738
606765
824132
845498
848407
85772
195340
344829
478280
670949
765270
53795
583310
894904
207184
84943
830851
805488
697258
573747
650700
431385
773807
159245
937032
464936
593840
714402
264323
221554
729124
659045
401934
109859
17782
257178
307294
924757
495216
574134
928508
643296
517132
774249
128595
892866
930866
610537
938346
336610
290737
952503
562882
809206
890865
562692
512433
177682
924912
123889
931627
649579
979458
361806
465052
310061
600317
95446
909356
265444
67609
626978
705389
458994
836337
432764
47596
768938
284397
912669
581280
329017
663945
954978
92217
330161
600579
368238
818260
437190
622066
242157
614502
215963
176151
933835
644060
936727
75221
559742
842122
322098
753565
119254
804609
413848
551137
426643
816499
468690
282621
118201
909143
416433
809402
388352
568803
20472
138247
932635
318734
554422
491765
588944
935441
395470
456571
834869
643385
746274
759803
970015
354011
344912
755154
558371
71822
209880
601362
177030
810938
272963
358406
542609
454363
426262
73844
977693
321904
918950
668926
445171
124865
7324
18657
3118
305098
74499
597212
149504
397800
930728
971578
807424
576721
300307
383306
875591
153313
908269
334014
559243
867524
402399
785191
213408
664147
622799
730918
416702
937449
969100
763740
664221
562938
887495
741245
623420
102324
749141
446224
521955
369166
313859
841035
811899
603635
795453
434371
469841
258498
857256
58306
935532
613232
79816
514843
565384
603095
944569
191931
732772
701058
726670
72127
999091
501444
360769
55516
11171
311265
318067
164175
981715
208529
398510
833901
234243
826476
29949
39377
370135
812150
671762
58892
100249
422113
178554
56595
592577
67936
191600
55495
745849
630336
369095
865547
297225
952071
794973
601158
18159
484154
183891
578655
111819
491126
383978
453990
80800
727707
373474
11045
272517
366052
615879
652033
575015
102537
533041
919654
568967
45017
831995
380953
454598
165723
285038
981687
443238
676724
643428
246638
649905
436808
556020
142925
697165
921318
655443
613229
995242
379562
971411
546667
903048
287161
812295
696400
334773
987869
860680
317583
682039
83327
697596
44190
815850
951387
153672
536982
981311
3110
931292
837823
443937
693606
518060
270739
935505
955802
99966
837170
389802
478704
438235
93624
649589
313415
201960
233712
867439
786725
21246
854959
846300
554310
17534
899585
598810
645757
720586
526495
819756
289685
272256
671158
297195
933856
88858
412667
154426
804180
112330
485648
591755
755227
828897
538633
918472
420109
103799
300721
28554
666858
286085
857060
325013
103378
835832
105449
389155
328785
124659
263938
75410
306313
801457
104059
723328
351331
572610
710763
628016
116685
651633
827202
545764
658306
387817
295214
571171
951757
523542
120452
619950
812021
323092
644250
726949
857713
711991
295683
654796
397960
731358
648870
731950
30380
847963
920349
77412
841176
770888
55609
728351
471864
352615
931096
619864
832295
185538
619007
968335
390131
800146
537275
399637
452977
628284
858215
700086
907589
150842
616417
402384
85738
776328
118248
773862
175060
479107
64021
565844
206033
135123
270445
187514
77871
977758
554987
546269
801469
44522
624458
193442
423244
860637
412463
744709
67861
115689
140638
646037
913286
204262
999074
562010
641760
901900
579081
39321
212853
101958
564576
80207
108742
766424
844432
758947
507265
909845
817312
903290
699661
533591
320208
172986
244193
606928
681942
997166
728959
233470
250652
227822
195457
368238
467567
537600
33772
272278
704851
745514
497265
510767
957984
434394
624468
372502
486589
815747
180277
274978
794603
872579
346815
660455
42464
486599
926552
781693
885720
238630
335508
537319
941185
456377
946315
972743
206027
551963
509174
242893
260401
261271
297045
16186
373731
482657
286788
313161
350554
187411
908164
740755
761032
339178
112953
462484
419783
157478
491344
653679
980643
873394
518771
33208
969152
576485
421829
538867
463995
379930
741337
848379
808159
656987
236572
215456
752887
190964
350019
658197
750099
48386
414960
883490
185575
337891
152632
838596
516118
754565
184267
737659
726720
563257
388634
97934
936155
264140
417562
900169
376619
147013
505186
225
721512
935972
325276
515723
859388
614156
744701
101339
739116
405149
209155
987861
63155
55720
315500
18007
458285
322228
130676
247481
316695
645705
56793
45826
983563
639505
577209
781716
883196
820734
686536
512667
961581
40157
239801
946305
830035
98976
686059
882897
21212
653182
745235
303652
814656
401362
268668
353920
416195
907336
76244
743042
327665
919556
570277
301696
783683
756421
354452
734062
58602
449843
278467
527831
19484
57769
970615
648633
347085
672455
237734
866214
224889
745551
117828
560085
256348
211409
189770
430702
450410
296905
284930
887718
740743
15449
108275
936695
757580
258703
828712
342649
825674
936597
105103
57775
815336
892169
305603
195653
543440
991403
934829
624860
594061
247915
518156
88349
644239
511593
135555
550595
133593
192759
322716
313374
535208
618111
143236
83194
121786
988651
743134
991365
329002
879206
815919
556712
625958
780824
968756
697147
858335
481570
446778
212511
113357
451764
708842
897238
721218
346180
941426
131825
206027
594087
627793
432466
730137
130762
256402
270598
280304
770049
533743
669174
498891
489063
698678
672538
923042
679574
171909
809550
902691
488643
340603
996422
875799
197534
732199
835269
83606
597533
905142
264031
10803
17088
466952
534753
631605
488167
654848
643348
714682
554755
548356
826800
417096
827827
729759
683325
693940
629888
130218
608695
551819
603447
88571
186438
605722
254173
430584
66832
288692
548373
985534
680705
851995
533231
97532
817945
136755
190743
674232
417073
132846
345498
719814
846836
771848
135857
969634
796220
275970
154741
530260
557615
68481
857501
127115
106516
913789
17328
857191
890099
347039
320349
293910
27082
368183
715446
175388
558000
514909
232782
819303
993809
841184
819242
77562
65540
214055
820572
908696
123472
715654
465267
428698
951679
265608
163961
538756
771901
430117
796763
698815
281298
133282
89462
221854
19767
491301
592936
507698
838443
411070
220153
570622
565314
857104
933990
22707
528530
63849
12236
41157
169547
49384
664189
705140
172616
599869
332911
991119
176874
737645
776747
272141
727932
583952
827840
890158
376094
940449
864439
243664
957672
250577
909089
589517
784242
613719
438928
162602
266654
275617
475593
249218
40319
473499
997238
5935
709052
812779
820021
372831
625766
156617
401345
822304
952241
43132
319020
645746
510866
669155
783061
276890
665828
576200
744767
22590
927257
760790
625291
380853
35966
259603
877008
499828
566161
836062
859304
961217
285006
894410
712067
367183
942400
765323
723180
420717
352716
54568
607059
40844
603054
812675
627169
505871
669633
991875
366361
333585
863970
460489
92296
263683
385078
734900
825025
915741
12554
268922
648055
385947
93820
246468
964768
686667
19581
157921
424746
980865
567856
788718
177429
612871
605928
977968
985754
250616
44961
429729
334047
739055
270100
689910
866026
859375
673561
551879
121097
959322
661625
733438
392067
423175
389086
382110
888555
438525
38422
301104
102647
111248
53594
962806
113138
128400
263440
520827
795186
785144
125634
806686
834974
112961
729771
118224
574794
464356
521947
576571
677714
102035
301575
27557
971843
127409
864552
837234
360291
353398
2865
549499
610760
764758
33512
805383
26245
258029
766123
92184
671585
470254
193540
180014
763488
955025
735878
636750
761842
225640
651173
822035
376133
505911
24109
216847
566594
114619
981002
460211
994529
81143
382955
903009
815299
999427
436379
61043
378638
58125
288227
51569
638650
493025
68198
36173
922443
192027
926497
556748
317827
227414
345150
355201
349794
319663
197936
614976
93268
437469
599655
791627
543346
550751
601355
494513
945448
643820
503377
779254
400010
788584
604571
905140
71358
615828
173745
878516
870677
881676
360813
470483
677709
556395
103495
508026
403973
927406
448149
479606
828757
550970
819745
84933
375788
382357
356138
965982
210008
594971
159041
14922
35761
463983
54154
567748
477540
985971
678992
765465
643614
399678
546459
73162
215699
124851
132329
492879
460856
674708
374424
442904
495266
245941
646221
535052
178135
985436
310403
897606
206165
578658
142441
24132
240895
478376
132197
695847
319483
195689
954573
728762
794472
741101
897293
254504
604394
267095
440093
738903
458446
879427
639624
872933
871571
471401
7861
458475
867651
470931
278199
568672
605892
188186
45836
387084
111542
740326
333156
363951
32015
227334
610014
749147
947827
276692
122353
782302
453334
650207
955551
549688
994954
539789
625273
151983
107336
270001
324524
40225
597680
756132
269378
785663
519739
493790
266833
706364
162186
701393
895310
956028
750595
593649
700524
537311
704249
113147
753644
679717
296901
469670
548073
902006
913080
179719
756200
850945
126415
549353
131579
599798
888543
787264
898887
487538
31000
628407
105468
575402
867108
363490
79941
212461
19317
829547
678097
874976
759247
803161
305265
378614
309769
205407
923126
221369
505605
728062
312558
11168
336030
974273
952036
836381
798910
551596
607273
599355
207074
185594
258180
16906
723391
313426
605568
707042
388327
144602
781368
362402
901176
455588
747603
772973
736784
266078
407773
966526
697007
666239
387228
747262
82235
734973
328738
962310
443484
914509
566587
619392
693031
359777
717569
440052
976756
485497
993531
233956
396964
996165
217882
181811
211804
145730
579656
103759
429070
196206
996343
286278
546286
171348
941813
647579
531055
961463
102990
237302
449501
65976
784992
263820
149933
376325
795675
224865
629724
767625
990171
267122
193617
137850
85610
460350
423567
874212
640728
692595
247537
878514
313478
560555
771195
931429
175536
428463
510635
764929
72018
692401
42742
605237
342059
534347
328656
547358
736600
538308
667195
878403
312309
39082
941141
592814
102955
355084
490220
523657
96207
277401
725338
40032
932462
362318
371645
312906
226352
568988
975732
421120
464413
473635
443958
31686
69233
277649
931489
810824
591866
727094
64164
891055
876816
324370
615739
681515
405991
612936
502375
38289
435699
784918
978293
333328
707353
800376
484803
428466
111878
937725
800423
808135
409617
266436
123310
864780
136780
223614
947416
254969
389882
54457
538761
614755
17819
282479
859025
345770
900450
131628
941163
88739
117032
88391
369556
125490
73931
485080
25223
434300
402964
466287
494812
646899
70734
800421
133766
257659
138410
973911
406694
570835
835624
277093
204078
597325
822614
67877
800546
639189
189951
819750
758902
19720
134957
39703
349136
270101
433756
981298
210200
571261
638879
451463
946830
585977
725114
267650
820890
120711
645202
408756
911230
793254
761325
195987
882155
829605
990921
559723
601396
437916
307372
742117
623664
807319
402595
8216
248212
566523
190914
161922
75092
447539
573733
20031
895129
403449
767313
526173
570206
269856
436472
51301
95459
344959
681677
973039
788010
281402
945232
208800
493163
448022
417562
362711
372463
305975
129139
573676
855776
471750
108436
454891
647602
377129
681409
662360
769430
764066
830970
502763
22307
267270
834043
600584
616536
26776
635784
238689
120732
134090
685560
514300
506964
98529
292216
30547
100427
867991
651715
235600
672007
35132
68580
456046
231388
189112
743850
611988
914881
987941
865901
614864
398317
533875
48358
22408
539041
882691
938980
422228
149878
816238
496111
934528
955737
473446
65662
301324
538490
881216
56018
178189
884221
673329
171162
989966
460824
128468
215921
75968
824048
247518
12679
47762
612312
472137
638521
678170
263196
71066
731702
220701
308183
283943
480941
542944
555746
215736
669246
781646
208644
509638
102634
124322
486958
562963
211382
382951
172372
326239
284693
422176
504301
966869
184717
827174
669650
770078
636781
444463
364310
240057
703402
323043
354041
528864
460860
808553
996278
166951
512535
244555
823266
763740
392215
916454
934794
528744
436481
242475
300715
546211
812534
922702
156409
502910
62350
976823
274559
778366
575326
487137
627348
320697
179926
170164
634110
438497
743263
424594
271319
254975
342433
212978
203214
644363
58803
930641
424531
438500
912725
631713
629794
583448
621925
949462
480475
892344
631526
389549
972878
898677
83841
91733
423222
801929
22863
343801
370972
51995
993334
526583
114752
963253
776290
98288
337621
74954
480174
747077
425000
647577
6925
79438
434997
391108
727978
940240
906671
623450
806838
608874
476594
551042
51658
583043
424119
403175
726859
705212
863884
996182
269076
840871
938157
447151
970270
566587
288697
338314
544551
106560
317815
842082
503843
333994
281949
91144
706630
80296
855877
346603
596390
946607
405581
560494
834191
944741
473616
546487
995001
343242
973085
636698
972498
701189
628080
933066
783224
386522
851172
732903
888379
370657
359648
564342
876929
888933
88494
608365
309388
388874
238853
487691
223297
758900
365822
10761
504510
692109
985541
896586
671647
721046
712563
874660
216792
292155
833768
118128
157607
664276
941879
496358
460582
313548
55150
538542
842799
16845
420963
4608
670676
734773
612275
728948
941473
166222
195212
576717
730527
294363
947347
38289
693254
783644
810395
635004
645180
686764
910908
364730
665063
398403
272062
461357
298013
969698
106572
411585
970487
364621
629884
530713
715768
153813
748523
325755
262770
505825
423823
389939
896494
836326
469969
748793
101542
791713
792485
334839
668469
947488
93517
927848
828450
755056
656147
683966
515689
690971
838681
381926
545897
521340
380032
947584
890709
528391
562243
450118
191398
205186
60570
19291
376314
207850
375870
371492
54446
718296
714323
795192
850861
78276
241802
824722
282038
173251
882061
599133
235095
825476
530939
136520
850424
317249
383494
463307
867395
479114
162541
173786
748903
512264
914441
660406
277539
352707
923336
209678
521221
892069
641662
219080
534739
598611
392136
336414
734612
723121
886051
546320
831282
343500
632079
441512
750462
47829
716032
18056
272220
141740
884535
822266
645443
569419
164465
572090
891052
577613
650295
55815
695167
630106
147637
40370
560027
339455
682175
933427
778884
118481
742470
596233
706786
386000
797689
535208
789798
81344
37876
328323
829449
749183
338187
150896
118901
337785
95899
493062
48693
699101
426627
967957
902719
303199
584609
567337
284696
461346
284225
992371
763125
109153
665503
567762
330819
438363
879424
907635
298507
351947
377043
351643
875044
326247
808666
794269
526674
276319
852180
743057
734621
471767
548376
320204
960673
788832
129328
489895
555606
906606
634146
442264
333269
999022
89881
306886
83543
673212
175086
893078
693214
296674
31090
636130
178425
982762
597894
668537
743014
791955
207890
69926
583785
881769
102336
549605
395538
403936
369229
740321
335668
480019
664589
714287
479199
945927
388728
781136
50438
589396
294516
270720
980560
575826
757940
78005
354855
852560
7364
789225
708803
834608
863984
855227
231713
137414
80287
369767
560402
90686
524364
524884
197468
513411
927958
146248
87841
15684
804520
886428
242377
189619
771110
307206
337986
883834
297885
96085
926219
488208
799698
803162
843477
895087
143258
544266
319762
119724
299425
466278
35263
524434
750750
447078
702100
501554
615569
245208
458643
990899
123603
171089
123910
8231
719466
916361
204177
762407
869889
945353
166361
556476
758915
900969
577203
158291
136726
203188
182688
766245
582370
46633
7897
312496
990481
501985
111375
666098
143453
400823
818124
190283
768219
427039
773086
882693
1111
423753
494286
176328
446207
424041
708041
37601
957339
113191
718744
87251
759636
10695
892553
290225
800429
176561
685065
842960
865827
3846
615662
868891
723603
585319
903852
287656
476805
398962
744626
595376
669730
878041
648477
149682
246657
581102
526727
379931
734900
345241
955101
567345
403474
558350
298222
384473
590469
24561
507928
137895
823664
647643
21725
26044
821326
181858
112101
611743
176307
36513
325971
977312
656305
400779
932600
189412
224151
201860
934559
779172
775612
597730
886419
919
138006
354104
549830
32029
689087
26872
387387
319527
24095
285854
486776
74878
651201
518940
43093
834212
930590
98928
251647
537880
345119
170643
498418
18701
114012
475081
825066
48391
834100
927787
527301
643088
537104
971159
544106
295733
6458
464862
790878
782291
715834
624397
489370
117192
757293
654868
856101
587303
555513
242149
786926
374306
603316
914035
178048
800084
684192
927709
135604
446141
868327
247646
119993
965331
118991
616293
928191
785579
816975
696223
92060
809995
52745
773086
657591
369862
152566
367031
266623
771905
487404
665766
796003
567293
151895
226734
636203
41783
930008
3159
219555
883797
149013
605332
43914
399436
202823
64796
726391
904531
71844
314078
961224
755670
388166
834568
498456
264932
773931
983504
263431
375918
671828
739673
399738
515917
833687
909605
162689
653612
193583
332503
360451
947088
190531
497778
960856
579407
466722
168330
334096
893
525808
160390
167750
121239
555113
270845
281326
915339
716158
199187
82878
664988
113226
277215
277741
376593
329331
996952
535132
37642
303792
601503
481851
569979
723640
670916
547539
519837
256949
63444
935306
880587
316750
402384
165554
912400
95541
124791
574276
128547
416195
315050
537400
813094
20418
548508
200782
559200
38914
836008
336025
219436
665468
771000
893024
804026
453107
289778
736115
762375
608818
945353
377700
621639
872176
662270
157989
941481
707030
986742
419190
749373
259730
170722
950157
624238
321
66802
341067
308270
840768
873065
996659
568247
592592
972577
789529
796739
750688
259989
701257
425908
809307
552924
699716
144623
789385
466358
800277
876974
805330
788256
557388
577557
812007
232689
260649
39344
575201
155629
511879
61817
969596
630330
369999
847972
643301
760363
711378
331394
516853
301419
211573
808931
827992
11859
735437
266289
415175
290089
437713
521880
812092
778638
440979
421333
673055
538963
60289
690898
189193
602352
959937
669168
798073
964783
772422
992092
720297
836460
95627
268199
827969
787541
564585
406673
454502
858474
56250
335044
85318
701530
489166
154633
993871
306592
857973
687398
805048
446258
803373
290903
542835
862514
632756
965865
828543
289578
791045
174070
652044
162845
529150
851290
466500
927096
520402
135491
922258
709102
990330
11812
942973
971362
563276
353446
284154
41772
871872
387233
680331
307916
303938
512890
459529
586137
746000
122246
634002
528527
867106
325011
709985
321022
471717
601309
506710
326339
770479
669442
81181
391560
174102
411583
521209
920475
992913
812942
621387
909893
486805
568162
758561
936171
490133
468389
24892
907701
594914
508428
209981
55991
242163
981719
151953
635883
636411
91078
8101
366213
616695
737573
110381
785905
875547
460038
427341
982394
870484
540375
89679
583437
200516
716517
814085
263829
288553
158238
214049
205330
513220
353765
133681
546337
632824
709515
482489
539764
441421
441104
462193
770362
518284
96971
770215
608651
817172
168709
683937
810707
242370
497818
610793
376074
306445
91823
348852
703824
611635
702529
512296
925410
754645
511478
569585
61157
739897
316634
659645
417493
190461
709297
802495
924604
264869
388303
162701
537042
684286
349399
621044
964468
615882
11743
25690
637
307142
528073
992832
513175
767944
241420
181948
901680
128520
931413
585328
74225
780426
696537
234778
178640
796557
995630
37238
107810
919172
222879
881651
932297
747270
220802
623942
415174
192629
783418
961559
696272
970523
579051
597558
137780
399013
132683
911550
584487
957415
540413
823824
314202
402986
183212
709802
714161
300830
283807
438445
414646
190083
819820
304325
826621
895099
757755
599820
723960
154005
319078
560258
127918
564664
101166
636063
674888
136727
255295
76545
56211
996042
527561
958376
200760
745215
705201
96542
95248
457901
809878
357405
574634
874868
791816
230039
602342
541517
737227
311224
485740
185732
802857
256478
871983
458296
722083
887751
196461
620909
783193
296476
840336
450803
375438
730133
905932
666690
867762
799853
524790
126529
398731
725730
122835
391103
521926
297330
174639
53500
595906
400211
499437
267341
64782
418763
127054
766638
849268
745982
380882
383528
812390
848322
903917
786266
277854
812198
335574
555222
416695
645948
464029
913679
324799
719893
765785
412641
714036
822982
284939
493975
881007
566848
347900
579406
444274
616024
68943
619993
702018
993543
491270
344837
11358
739985
297071
601113
674321
887944
47634
34230
48195
483042
482510
957883
823678
872470
973599
128257
209611
555081
152573
133493
917168
365750
305996
979213
52759
960459
879559
967281
905992
541976
663910
552407
187943
542357
801136
135325
17892
684004
685456
539865
95707
341670
314315
781325
916321
6351
582880
336975
289685
516312
499696
14167
941814
99339
878656
665484
936819
23476
241715
952241
499603
981226
252429
113588
872176
927717
433360
292610
702270
624715
95908
984902
281971
758780
238196
622330
255376
278753
202339
633815
599894
998661
639098
262406
379553
593503
701157
325531
913487
327642
191423
287904
384979
14348
992098
867171
406940
10335
926983
120008
723586
51990
852093
120363
298318
440265
859948
327328
760699
690715
931807
826476
312361
584013
10255
652012
38679
367336
246402
843660
540540
659600
941145
152132
669995
622566
185546
832533
643022
859
591978
63822
517534
31100
62100
828650
255875
373160
842487
873338
893781
62440
684621
589219
132638
367905
49572
599343
402325
833479
449050
138269
38025
916500
245081
731805
563783
508563
52283
303027
266669
786801
404095
56674
426695
493959
286001
943118
818756
405648
732531
969343
909978
986428
759282
551042
374385
612787
140378
17606
495155
388324
393346
13464
760265
162268
551901
814822
580743
794562
552143
886957
567265
200711
127206
448204
69904
917297
141624
225609
229565
355790
502138
130924
986761
52997
152525
815457
877760
886122
732517
343951
977396
255945
271170
127890
793705
935166
596802
933471
771202
388845
607257
750374
388121
515481
719802
956812
536575
207332
509585
387947
875299
843502
195055
748321
760509
392923
727059
209087
698565
796392
810704
810796
873134
447727
97372
176635
847189
211816
244523
86497
257498
758396
746701
901315
533265
81477
311539
985545
640892
42168
895241
885494
224499
843577
544113
395582
149731
75814
648706
335968
315848
961719
7156
41196
379576
93947
171174
332245
544154
681017
858190
534226
946374
233909
873349
946005
376336
569799
249901
571134
90740
16561
300868
975617
909091
736176
251530
106445
666750
792312
536341
870149
559919
547381
789777
820711
96942
136932
811385
393740
650417
546375
829381
834908
709680
544520
967340
606420
151874
767227
229315
518114
233609
863521
956567
616573
792238
736959
428740
578350
973507
832834
394243
865507
528100
801629
917489
201504
768042
19152
166809
511111
307875
471125
441521
543949
891021
277319
721465
17530
16375
989285
802789
563339
178998
791064
542161
91821
824991
163360
364129
78029
575928
672651
547866
871660
985334
22298
642621
577892
373443
228825
549883
236842
244915
637261
879707
511399
184603
507353
677805
741723
282745
521584
872168
364579
40098
892438
245058
810935
653439
479176
657629
585264
882616
484818
894442
544860
431130
86926
831738
809631
975445
155047
730319
600425
785547
220780
508352
473947
29537
797678
585975
626252
544147
517751
200715
119271
194635
174322
334214
362586
942322
258865
893650
243092
92269
166841
93329
39379
272585
75080
255664
881553
52624
149258
879976
698955
120418
757682
223454
803561
944958
599551
549494
424355
790147
12713
138631
232604
719186
190194
386710
450329
185635
61091
759268
803541
535372
132992
916359
234757
491872
769964
258567
520129
763367
577635
789879
272957
673936
916539
54535
969958
540576
220665
602389
311453
188871
283329
815324
441581
83360
120431
425214
206192
468235
478177
728865
716623
262286
771484
89193
809212
576566
427321
400948
943320
457692
303723
276235
623790
669811
675147
687471
51257
400540
149136
64344
408823
107495
130584
768586
548482
514886
204060
610485
578366
943890
602333
736512
558558
763554
345209
901709
665590
761655
652628
237722
825554
335552
432960
746472
427791
480803
612458
342904
354723
408545
262852
370005
36702
670813
591898
499419
94183
709888
416173
242668
836121
46745
938463
652127
277546
651366
442540
95354
703303
709678
488269
658930
434088
65898
543471
249812
365861
167164
598975
344764
803036
238094
509593
628812
682429
462677
422405
410094
738951
189645
387249
359214
505354
550280
341722
953235
778541
148496
36476
258309
722128
694162
7331
958483
26855
198115
436006
939593
573376
623585
160043
252946
358388
358636
508366
660635
283065
870277
210943
727001
37434
593032
787028
140515
611107
67639
855008
654062
812554
917702
456432
518662
191880
940877
149744
746481
308801
856907
286041
397169
78612
925098
63361
775247
871425
135502
855880
597325
220670
888607
946361
521947
259556
547440
211392
383571
634393
518524
559755
66467
158988
215785
654682
30332
468884
126447
289446
222560
910871
766194
229370
472396
404640
98262
611055
838693
379300
973602
532271
192925
288613
372801
933837
222992
901440
336467
632160
426777
809620
372889
407917
224285
719397
155429
852818
822926
121325
566706
678061
916362
364001
124523
379134
875582
893878
60600
502209
948732
36406
326716
700312
576688
445238
921943
282629
583160
175714
493551
920938
371115
355096
96036
200426
981021
312286
812847
243972
624276
67321
145816
679151
650361
24422
282080
576075
475419
180958
650715
117586
724768
321564
405879
609127
484579
832157
17033
789084
806764
717121
395295
505463
236784
169008
326216
806618
464708
989428
236297
661376
29530
127229
561742
591261
874888
121766
395299
262782
313186
908393
426766
980039
320035
734132
681321
359567
658967
256603
452847
449584
393584
92920
98408
919083
423383
256096
637705
143101
428060
359267
608112
540651
497732
962182
203469
80453
251067
747446
381106
892960
352770
231108
101079
711414
961771
104011
735951
759227
431014
848662
380587
601855
501876
731707
569686
635843
424893
500502
416599
238348
77535
828974
281780
27931
587458
780044
839867
939181
486449
347396
407620
276649
361474
712317
46745
355874
853803
755687
452563
861561
3854
311923
432367
158244
867172
502909
29720
302478
317914
61208
354342
24394
388331
249283
395678
50175
771203
109480
32311
122542
383201
277477
58053
715766
492595
32037
653240
517305
846409
337466
820443
494761
820071
233310
296679
605307
501377
670969
640749
566030
419531
321150
354083
42086
993928
174103
657779
97312
459863
824528
668554
590197
136194
830467
53790
369412
645428
124814
82518
586658
433545
904181
460767
672873
810113
825342
358341
168706
77206
327693
437475
935618
929367
994993
698770
634217
344378
962054
814844
383489
46007
820754
939287
309256
921418
440465
24115
240658
145787
574060
700448
248910
507494
657
316235
30559
614223
479352
197890
784341
125857
615859
848275
702248
103395
254932
195496
269539
930198
849515
117740
360694
438202
247191
321227
943000
827960
531784
424938
529272
112313
211936
287154
820653
466301
456631
493874
264878
195932
663737
366370
678839
568832
55735
913930
597367
390880
775708
651309
192140
753314
249669
765093
234683
548385
96689
466817
594694
617146
476973
396895
922579
930338
537358
186169
686989
298614
551606
394832
233744
536685
990843
92904
752114
792745
670632
102772
176661
880295
965648
838547
923700
377405
555974
819496
209019
439609
547254
207083
899848
512494
126702
683368
506722
220224
706891
427070
677525
719005
247991
205560
790219
112819
826656
522967
526172
333096
477120
84336
353252
238493
437760
613551
598817
924796
384925
184648
13623
652077
48790
465239
686821
435282
903014
748749
161176
195739
959719
689135
733438
66514
776210
373803
231520
256547
557890
454802
862842
404320
280529
988148
162673
659708
13514
507807
517974
334725
816606
234783
68394
306784
190972
669096
477268
538619
141492
341372
382395
731053
762858
156926
415802
592603
671963
965367
660811
552475
125415
309527
853297
222237
465950
564475
417902
855611
203189
324198
469567
530069
977859
369751
486146
879219
538902
876549
356722
842956
124363
607330
937072
518247
751172
476597
782250
645952
96625
788067
287422
565132
840386
290581
71213
390246
921233
56841
912136
661396
655051
449168
391838
473689
234922
521179
369025
292680
480080
551612
364143
127340
939593
479718
585190
483778
793220
597405
622560
375527
972067
987729
473382
229303
151489
463992
381417
267397
172764
233792
88096
63328
990629
50576
908448
452229
161251
80618
424035
261623
955432
874557
199013
882675
361020
409103
351256
735367
81842
124250
93680
530548
962623
562908
87750
91009
437557
670081
190771
645617
659613
415793
937281
704584
605078
996278
684748
639131
601313
584775
763951
724251
187320
46108
908550
256443
93899
937750
914242
748504
906200
19666
205230
364131
637705
958993
195650
404962
188237
17774
249685
590997
80600
841651
816735
30706
560185
433014
375913
19197
49432
27711
745007
455338
847577
619493
509005
788812
275688
360338
540124
860516
247152
192629
591455
562620
351421
449425
208145
526735
852869
885550
280600
698921
488852
664733
677612
240841
671483
265410
988990
848835
305201
642925
46724
437341
529478
415177
903484
221790
521628
102715
759326
616993
458133
288471
974375
947867
7773
446848
913198
836582
800067
121081
549243
725309
155946
906448
305806
763081
306838
93073
152765
60347
430109
942523
455939
412590
743944
962000
370602
605575
761678
761244
559288
84657
54139
430917
38381
262517
98203
607130
606216
367086
811603
991956
687965
794016
727931
242887
944569
692040
917346
797797
241379
409525
239751
619603
851202
60887
735098
800074
224842
798035
568217
482349
582752
56699
23766
804055
170841
281179
230573
267679
47634
317839
996556
887164
785981
434170
368273
329974
362476
749885
631213
440975
290821
838826
568945
30663
536575
222232
286279
499488
248218
870764
9815
469569
626724
46692
590395
925057
717041
617278
255554
616249
821933
854656
699803
24258
616239
884463
493047
623921
526852
685597
223679
120251
491903
74010
435986
133766
542578
469817
1494
657554
763986
110351
778262
73163
650577
98527
715768
338133
687884
432968
617922
585189
331279
359427
73130
161494
26210
827620
785199
286699
522944
309900
767165
461244
819606
123925
449592
905474
518853
76144
669136
442152
589516
570341
289883
583127
412658
177676
440618
95810
334885
15652
216727
614955
141398
840909
661642
837778
371239
853495
712785
999267
640997
939002
607005
708945
67362
570408
105443
943762
379747
924444
544021
923931
299628
345972
559718
970398
98211
335082
658151
234334
995588
639656
435922
30216
138637
319424
804737
401236
382765
844811
791039
557153
331285
339533
523987
419534
470665
394007
793653
66090
787707
236246
894023
401948
927740
845123
797388
181057
715195
909224
712943
412864
784601
289118
209921
255168
417603
810699
721389
543706
452541
987702
545962
278096
648991
362823
986709
236223
615585
115059
880958
927506
700798
954523
101991
218215
595413
213103
996486
303591
941909
571841
