961858
341247
991189
732706
887189
67028
546687
165695
349136
517757
229527
155026
212187
439759
427674
600363
907364
312862
281283
566343
440814
541689
261714
226290
107685
575807
505240
693874
388461
173979
452159
281987
418169
244102
62974
836188
212359
548312
998320
285832
63460
463057
830265
726487
512613
188452
663867
513727
740348
393887
26967
85827
4779
924747
897467
113065
153370
633346
70553
908942
512020
926912
722655
225595
546805
751104
701880
411162
96895
880214
750897
391167
642521
853167
171097
295069
311088
77410
427909
299134
61052
456623
885371
165147
805871
160595
290370
452408
293607
48385
414702
327716
626495
70044
440759
665117
261359
706783
149015
721068
371079
918472
363058
842872
392930
379593
932480
144770
583908
648220
164802
924643
911049
86090
830573
547306
752918
488147
563543
740820
909254
960143
349798
171998
187500
174889
712722
263437
716418
905575
789165
79552
711749
299603
594957
490681
472373
445558
393947
528680
550144
948779
886238
235695
232008
67031
197614
706527
401743
275327
528899
266071
273018
684458
45023
92977
122122
251540
759602
723031
101532
817074
914480
947170
579641
987234
449415
497834
595622
760467
968657
754888
46266
482974
266941
956359
43302
883785
612114
807699
228345
517059
406657
639624
46224
391949
480489
269722
280188
828234
505109
785721
48771
968062
391480
40231
981826
804084
380468
786656
98480
136096
165655
666824
279399
528186
220715
646711
815641
265367
951100
28552
126098
83418
991352
645758
122304
801808
645045
415768
782307
59709
770026
881625
839641
497385
325018
958482
638890
504641
980614
377799
599110
150117
818041
956217
389385
119572
767202
677803
98273
434719
333577
829537
784893
449552
28822
458545
368776
711011
404089
201159
47114
545164
849746
28719
120329
644106
947346
911183
390650
84833
877109
925116
981017
409152
358922
641646
709758
648308
822863
379081
477856
394054
724334
211527
764343
829891
272636
415139
720347
24262
563521
912348
287404
825957
498163
708180
529606
361502
736125
484849
968600
377465
905871
544911
460903
727243
786103
951705
49936
108919
927098
839350
967928
489848
612642
452878
438444
987954
479248
646880
546029
656648
192557
140819
521341
688995
327567
113833
803880
172558
294923
760560
677089
883734
117289
541519
507450
982066
957725
601107
47610
384813
481243
663260
237659
499174
578152
492269
203616
915294
20924
282080
557965
983836
9556
474435
843104
484933
910225
361863
227522
984399
839126
730784
998219
588498
404251
554060
1887
339192
422994
640993
452448
989420
450131
781253
868240
555232
238592
59808
746373
289233
394188
6038
685837
659828
331599
261623
477404
641056
287295
94328
68243
507918
20161
611276
569984
969812
20118
739160
253001
901717
462063
668758
547610
625962
421547
449230
217394
877394
971251
912898
424490
780315
841801
617967
843328
175706
529737
711936
298002
597894
898208
988011
56290
824960
442622
828645
155890
690245
444583
672516
523157
362927
32713
308645
86449
447288
876028
383365
503463
592141
703939
546755
421537
971060
905663
669970
251812
239372
940062
339592
704845
318342
96346
44088
60006
244843
448055
845616
418556
604758
72851
817901
208042
309607
133423
155278
938771
298203
309594
630368
885779
626285
170737
862404
515809
572704
110670
359854
269760
1621
746044
750689
300651
407143
503404
268462
140624
665974
484423
376337
110581
323429
238997
542898
384044
848477
668878
853028
278930
324377
965678
910104
579787
350483
298752
415573
75852
757504
743933
644984
893670
22412
449650
970318
677739
303577
138316
522978
590074
281582
679487
221076
580384
26262
427954
556062
685278
656678
295073
301520
908035
614240
831795
70322
893201
802652
583840
659960
912607
535060
227916
951396
663907
532203
560837
349174
621890
615522
539652
20195
97243
800877
443457
935809
687311
884125
947647
357718
12999
363616
329645
214206
691419
305621
790233
420471
839683
999670
53977
884622
62592
530256
827066
814947
850003
30971
960689
293351
592878
924581
54804
668395
695460
881336
533674
18705
969864
855569
437156
933462
318556
850195
765458
634573
756616
904518
742015
608997
572793
329078
635468
637193
701213
899370
852108
443922
510800
814865
329369
684054
749673
179332
560136
538641
25942
478864
656199
157492
53360
805155
400712
225879
152746
24634
566924
699479
418069
357310
672117
757113
389747
886428
394083
516281
638278
542871
66832
251419
251130
416918
627555
125156
817242
741339
934522
393662
852350
303338
134881
359279
596526
963886
590894
332017
363119
114878
763875
184632
289613
923627
117028
641215
284523
157761
606578
784027
502386
90027
236124
553486
976681
430932
858825
976745
978042
222268
503943
449675
252084
796480
849239
181611
334273
260613
998147
532521
241104
192791
817521
900444
538390
529969
905820
112681
829230
130422
935886
48397
545799
967608
31155
178807
650670
254154
83629
935919
644569
937411
447713
668608
267715
444400
628994
785801
39379
612527
787596
320957
851512
607719
134523
967463
165045
879037
253187
527986
607407
17432
291805
230653
837085
608823
534482
510538
942377
289914
808897
779298
326525
590380
743007
4306
849961
201485
398277
921625
113915
942988
15521
791973
401490
131099
425005
209871
610443
478308
443979
245782
76527
831889
694549
968792
21668
630970
876047
586485
256658
764483
377654
177264
524188
918178
670060
708680
435634
710313
210287
476979
762788
438468
465123
993186
620048
914859
388587
873052
240629
433128
725402
232615
286720
237091
840583
608384
999692
157601
217359
45750
343327
463211
979702
582505
860359
173331
751915
401225
928860
967807
594932
71416
422037
920128
199575
444690
425010
592880
821477
773803
789916
374693
947309
620489
577243
628836
245976
19138
576200
204177
906052
17749
707381
495342
929837
965555
720292
105548
612901
364531
953914
761946
391782
510639
231801
132044
161308
42404
106010
797536
774590
532991
254123
43238
645648
40777
149630
229903
381536
144673
801796
274588
30573
51966
329091
926134
230006
127643
456435
771179
533578
387409
977509
174233
603071
896910
744771
607887
287834
747241
937365
221821
86088
669319
156089
275441
408298
820209
361087
1910
275319
635273
452548
688545
596478
405791
745210
524095
450485
395934
72060
773635
560616
594613
616830
751319
542233
265659
848589
541507
135380
897422
148345
927475
808503
664300
193083
777490
731923
330205
478473
565897
932920
236216
547001
520751
611839
312097
929281
61494
441058
255462
937631
46230
87663
97679
842748
728404
653012
754369
734691
585690
697790
967397
352387
463564
906087
179518
864890
860919
632106
22847
222124
165575
734690
109325
348250
617330
64295
866333
421275
635262
415932
385024
738419
318606
993769
577600
854572
272165
249438
869308
238562
82568
325319
655730
754015
228754
842776
342446
158014
791258
141851
187500
961736
558869
827052
651818
130164
587586
754004
139711
350217
853197
565156
224923
525338
585549
413456
184948
640201
761663
823609
246623
281497
12446
272993
915787
761901
946942
220607
382492
836289
645276
579005
919190
524981
842810
363429
214862
449317
628905
272357
640411
952179
235214
64184
300061
808139
818643
948714
972973
310980
1998
139819
536120
380309
837201
433512
298094
211151
238130
927875
653339
766201
804086
89859
183941
583944
280296
796658
351102
383536
197320
786518
7989
752784
690400
993142
728404
275054
377296
404564
413931
409066
629676
380536
315268
723780
651704
2273
325239
154899
445361
148065
55796
388660
62788
376726
555520
44207
749305
104429
807922
328447
320814
656659
711786
700455
105659
234382
470013
879593
54928
392319
568665
365639
103448
371539
121162
464710
550547
998013
808585
968821
566557
268670
769766
46706
368405
375662
261946
522296
993934
776148
52259
515658
988353
547099
109612
308444
642077
592523
435098
605327
854406
907760
288901
300725
262036
925872
150066
262012
235467
978120
211539
119771
417482
576744
751630
741518
290474
40929
453220
252006
382634
518405
619812
271355
17859
223252
864106
142681
502336
270911
884600
820977
854686
517864
954617
524697
167024
277503
792392
252439
84695
325761
809358
719705
460152
572445
368267
827370
737470
847898
572930
870108
688602
788850
503478
521049
874071
424988
182191
383595
772033
840513
615998
440100
978066
402031
67840
700157
166650
563040
378798
938461
496672
803880
77984
695099
338009
594027
55284
487014
96593
724527
203056
273148
101400
439573
786724
672947
768826
807999
889838
593519
441568
396612
810652
389886
7848
523203
472347
76919
386408
655018
965416
312078
597798
387099
125459
821623
746422
450815
259818
624073
258302
185388
904703
610893
253608
822436
151750
523583
838679
350662
943174
491078
846941
545000
918049
62130
115712
674650
826481
392503
655778
563384
648543
734984
30700
444751
561320
939437
557161
706636
113819
650792
653268
239882
120434
547134
966149
471774
397379
180661
785618
695480
977539
227085
836181
388119
899306
870097
93651
861631
905980
50943
758064
760708
738909
410366
423410
51168
658255
172905
367473
423505
468419
166765
585599
975389
364494
426205
848595
206445
502635
217435
273454
136649
528157
563616
214663
836059
421574
240712
347905
945650
753846
37437
314835
849721
121183
639617
772685
712001
582586
381590
545622
206506
92730
408280
942564
253062
693440
314452
351101
564763
61868
958655
532248
965134
92813
194707
677763
785864
24675
901069
408363
765529
507215
817141
872782
356240
295719
858469
522785
162770
714804
512528
439304
698190
898346
221752
234928
382521
819268
815070
166001
161117
841734
919848
495891
275559
487195
895949
396943
575641
777422
485624
718224
607044
591903
131066
855032
823331
706014
590898
147135
912352
171389
600945
937497
951726
575799
876685
966883
489369
688456
930525
521919
113915
834687
483681
296175
404077
512670
836059
166423
482756
659533
607440
92038
222639
961832
933103
432227
897841
416913
322999
463564
512769
388820
271600
952075
979964
892434
58175
500760
146726
247564
750391
499939
742903
377989
17542
552065
967329
783698
353286
645888
941527
395166
171980
932506
114263
129648
312655
561884
528253
170343
70656
722973
153530
805383
113324
674322
374914
895337
300881
10032
716304
674696
105604
304274
739272
444506
79869
285730
8269
436395
921316
74667
500773
821141
354319
535472
681302
922377
140384
104354
753529
941183
139786
951462
74089
438366
358475
582954
779056
802946
100475
674851
47774
252687
771343
390639
659739
430023
333933
550911
83327
428569
632339
940107
807896
973113
94248
436210
726294
752463
393171
876940
984202
442868
329848
775590
236399
640226
384861
705426
430891
820420
53131
294229
433955
310550
637620
894238
89217
960507
851159
924173
764768
575383
281030
373970
654086
914355
194083
346033
36657
670549
350489
622919
37553
526667
989711
131668
713301
990024
986486
16388
567984
888995
839842
691008
624742
811682
386175
623777
592564
39780
222987
675598
588132
12730
107261
412088
467245
973289
485696
132689
594334
702530
750915
411009
293282
532383
169424
239411
401527
722090
9250
501489
689208
794470
67626
763150
965938
957260
578594
771237
270989
465843
697941
599876
892689
704559
266929
219763
968413
60006
806148
219122
247251
194420
899190
786346
108027
63105
478035
803663
113781
396212
309232
748222
322327
300737
696800
587006
413010
411230
590874
285328
502468
985069
817803
827864
354665
89467
194628
987332
891938
178612
549884
396105
941575
446796
460547
236244
511796
535492
474462
941632
53722
153329
563588
630863
372391
633034
341868
814824
371768
452955
326981
340174
70202
709599
822733
620335
329512
716016
800881
811963
928044
650373
475494
439265
449405
391559
365024
257680
604589
653722
575710
429980
253966
444399
525181
876452
553857
836060
215674
675357
700076
481800
642973
507654
821766
456181
351326
200420
645599
789135
374858
369987
345856
810591
992231
480431
407240
399291
214693
130174
759239
597060
103899
379270
997708
714760
440687
569653
822817
373224
66027
403951
848684
180685
888335
230420
868652
410564
433053
303380
349702
686351
383939
506032
799536
258062
665615
219280
962762
689610
679406
276813
250173
671692
399382
511871
791111
266770
217297
856983
814144
29003
520397
206434
301941
907270
789811
346328
773323
990182
492040
387657
397469
38258
93916
760236
848618
565016
504208
601901
137683
828980
146057
834702
54552
872915
511012
601244
329098
812340
681973
693635
385252
288970
423819
164046
525339
564140
203971
84602
284795
769086
387678
501893
910461
878646
144415
28503
703214
436930
308739
883496
553173
596475
949087
134329
63666
155307
653658
914824
26174
512950
731672
648220
685386
75746
751039
909054
107459
950827
702151
396011
308054
807768
334055
732627
437949
833033
889890
30058
47714
818388
260488
482755
204553
885612
155152
837844
971842
620536
409713
507776
643118
918057
143690
913185
743087
718361
969433
35181
332687
719456
48003
916293
738212
30653
398643
710792
346316
750643
51523
774353
314927
997571
783694
19361
58967
983404
416937
438776
919277
863968
931473
859923
666459
334328
153579
829064
311650
477185
509050
533285
858193
620032
383790
249997
7384
168354
193396
596811
169679
413737
270726
645052
970808
934720
20351
976769
574099
253884
502138
696097
289956
286136
611939
174283
981807
531413
160390
439011
810036
562756
28857
440458
540856
692471
112378
699580
619092
126686
616683
924828
220307
456530
16449
106261
319385
810887
906749
751384
535691
767589
671036
91113
536953
930741
49162
126331
49358
382231
36157
108367
386715
821477
816494
326010
406159
384664
103031
751083
503447
804975
521100
904279
590746
949089
979032
264059
227485
799587
6632
253513
464290
438922
697248
696443
163074
672118
427959
380613
790529
452232
634662
867120
840904
382123
112136
408056
96476
589356
89061
930449
253122
373878
112404
841563
315728
804372
312049
888750
807607
562469
105192
300267
726792
835773
580383
251980
285046
843009
552054
436916
88494
852954
72598
371675
401664
444246
510015
981221
306653
195384
888349
409082
832594
732982
300367
660796
754286
505072
902603
521809
614148
409950
425723
487564
913822
643554
442564
767235
358093
22904
389532
385977
369011
73678
487237
66187
130023
635999
32127
28153
966590
867347
473650
614388
416923
701127
174082
721535
598236
366339
634725
410860
204926
419859
41222
948127
277769
306378
750474
37135
586418
677453
564462
883108
660006
993010
228798
134408
921050
946102
138798
400965
559310
767999
354662
871198
403925
853207
922602
880167
524405
443844
367428
651887
807579
22764
736130
530392
253004
289227
4553
328495
779755
194208
179631
496973
153634
367267
808236
208684
171453
508737
733777
647222
367634
884236
519310
793695
959903
478493
809900
890834
851826
994479
94084
972981
352329
905847
748222
847705
332155
931211
379826
796154
146178
657
407090
517007
547770
62640
108162
549692
689931
545212
108027
799799
438408
918924
344297
808255
603449
454057
354977
738686
537989
990378
682769
821075
676775
485904
482936
138642
15199
224189
608031
80237
74969
342237
742839
215186
621526
712220
839674
677553
60614
278311
340646
194675
714640
864004
484046
664811
539470
892176
987179
812672
579716
534719
838134
988109
108400
929743
792891
332119
349089
196286
586006
23592
901961
244338
469687
20118
2316
257986
467503
670080
839527
505660
301448
732515
587567
654407
67559
376121
887921
387305
943945
16120
787658
997292
635480
372271
593515
153212
643493
61716
62603
149007
260173
146090
825457
887505
94784
282112
241629
752496
568634
11697
88852
670153
38245
181359
733822
431692
63460
804538
122738
639003
541444
703451
506868
275330
762522
910472
939799
484041
349626
719998
311951
151858
533784
152673
914883
453016
330037
615972
550292
787111
955222
950204
969698
154263
230502
231732
500416
760931
944696
815070
351578
495413
678467
344346
494221
721967
492567
346517
651140
945279
55592
28547
291131
490557
440189
212174
188783
596454
179985
174756
356089
205332
965548
338246
74593
761394
914325
791679
711786
234328
638786
139101
522430
72312
624958
818615
1280
617081
611827
774404
127622
64877
915687
911580
57519
891767
564083
866558
667572
249570
136415
255207
545417
732216
524467
523499
844264
697559
987661
90313
172350
524697
137912
296013
142382
491429
535472
900823
819960
789996
186848
962734
615829
155450
238349
735887
813414
344821
486326
862496
269084
112232
680715
513252
233420
24802
862384
369493
734332
338395
409614
331470
850747
182729
743192
174453
742161
728118
169897
101384
995036
859361
741288
268129
774973
927132
733286
322015
534789
426504
775201
641972
802147
178438
899948
825060
717874
739397
163020
782745
506672
834227
533264
224809
168539
428957
963993
78422
922791
769877
497484
251981
653181
184736
221010
606663
693262
769077
326836
780328
70774
576901
627379
339944
599107
18315
921722
76886
936483
458796
117470
129413
7097
425594
654140
649538
298569
735314
985476
308493
283654
318148
329073
630319
798277
594077
862361
703860
646608
671602
544696
471007
93539
236337
320151
198105
680429
681001
136263
548631
140596
541290
442514
492360
975525
249582
518305
353035
738442
708579
939754
19132
733277
291141
86908
85108
885388
611139
544319
533760
424622
22964
358517
657212
219458
52917
287529
464611
713939
513141
455319
565355
50618
885684
702074
988692
97694
96727
936263
966626
528462
581787
74019
900996
131023
301400
99064
707969
621680
107026
935353
272420
766763
205185
305404
332680
727387
241904
686474
348479
960512
922340
276294
531858
946192
285726
300773
718610
442825
686267
842683
914826
656856
230447
358131
402255
802734
981860
580159
885427
661896
252241
36277
482531
560118
374109
50926
443412
22767
677973
33457
866233
223702
555608
18155
553641
519621
448297
360334
313388
426110
190035
303832
514630
573329
699379
454428
295281
348965
385712
97094
915738
896972
938824
837923
694705
805683
9115
924807
734618
778581
228744
334770
14400
253284
221667
208676
706177
606468
957573
67461
62524
262833
424624
681891
938199
161853
258815
426058
408426
109601
441796
129752
251218
696333
223511
268909
54237
291050
879279
569251
609921
478431
415680
808633
591855
908428
418716
72972
706783
753935
878018
17861
755559
861403
138792
939745
146064
536904
783151
641020
984381
906046
367058
754884
381062
937428
482547
950204
892870
78351
81276
754041
188856
160066
704641
848393
680801
27410
908193
395882
326469
212888
885518
671512
577961
689346
376758
118251
503877
321810
360288
921741
20440
25028
971462
503024
728765
497273
461060
755419
968813
189831
441764
14855
731468
459250
779836
715446
804960
397162
615908
197525
313452
127005
78866
382073
195895
97078
368415
600011
734296
488119
862177
450823
981153
765141
706916
502006
487403
198045
794214
847672
816379
947117
569032
359769
93464
68346
108571
707136
72561
89712
900094
245569
785477
557390
655811
303822
43400
762455
290493
444839
917606
437898
430556
611686
344164
886238
773396
705650
436084
480784
935322
178991
90407
456889
35532
141237
938415
726140
45823
668582
908911
987278
660751
949236
595826
656496
209707
306935
452976
236072
552734
321411
582703
215766
680630
523203
675440
430656
412458
383534
688592
501570
971126
869109
707239
580516
380086
68402
335562
518956
885395
713616
631784
717858
705402
920617
398254
619873
75705
266071
488954
86524
22402
499421
81142
222846
970098
726755
483595
667616
993867
554836
325998
429274
382700
658024
656590
238615
999196
90696
481712
977127
55783
865849
941644
733853
144583
674055
178655
575708
188035
485209
997989
331807
123629
632418
461160
676419
975628
167749
991623
147283
180075
909162
70572
649177
835414
739104
294173
892008
142228
99774
968
646534
943533
61089
858891
664971
876108
33100
546
373530
51740
658186
720977
460291
703539
716176
118930
458942
27997
999052
114649
566339
25192
222429
778943
239243
290150
759385
353984
373861
870110
121876
219633
536115
436809
743473
475711
280553
734668
762634
500050
266633
166445
862784
758588
431208
902069
989969
150561
895738
399787
154962
203216
499764
137788
215133
932797
231457
783477
665130
390014
558758
969864
540851
62893
533468
692331
98286
446020
120016
842733
981819
723028
223694
656197
490279
291467
488271
334206
969724
841565
382964
258100
809922
492590
855684
149369
28954
411139
121665
112733
516113
615164
580685
616074
602185
332107
181412
605312
239554
803030
614361
784067
484532
517903
847262
238490
907566
120947
455534
833680
553339
802024
217523
227777
887692
562744
324396
576987
12383
119802
737125
441766
311310
515863
581877
890008
757382
629544
99019
839990
193848
722442
240110
685111
481499
192110
352299
992379
593707
810280
544495
381148
838957
824777
360192
541310
233825
739081
391435
724216
959892
505176
293260
409046
183903
600706
701245
895962
743452
669250
537694
593577
726062
780929
733768
527967
789991
990416
834340
940362
238271
78697
176193
299484
75861
867289
340947
96808
697585
69728
535582
28689
904017
292232
925118
180132
840569
795498
601138
716142
628479
27364
125193
688343
981366
74106
173643
173076
105051
327578
284343
568070
883943
545236
235680
832096
343254
31359
407096
290617
829140
45974
186667
374727
709365
95245
350264
180302
156191
465744
807111
541648
735562
740414
507894
726169
984399
521116
298670
117939
762576
594707
214133
709485
208029
219398
991899
6250
519316
394920
641460
165526
450956
862444
264239
447646
610632
367061
292321
767296
625749
50598
697214
146551
154751
343997
384626
674441
697592
448940
304083
732637
101507
591220
997682
142949
436475
444694
744996
68766
335215
114398
372750
125136
946731
872393
627892
160645
325819
25632
205653
503849
178960
186800
24605
837636
842569
698868
528921
225959
553926
910165
759629
23569
178253
699785
911932
494034
764891
758885
235551
90989
418947
191520
881350
231723
737928
802561
675258
928665
857446
164987
122293
152317
559615
874562
442001
881483
352451
945415
528798
471588
360018
914548
484011
660450
378554
386804
923580
858309
306152
579568
653923
790241
578662
536457
842421
58508
662077
235523
58430
310549
379704
127977
605953
695307
839648
825700
363216
716830
735897
312067
677732
371302
725258
787467
489008
812793
466053
939625
985301
982005
942137
834470
396729
665084
678074
290363
309534
938783
832374
918824
177371
412047
320701
497686
914351
777796
331868
824411
740422
960477
701111
322899
788490
269817
931406
266742
988229
503345
34510
339757
564835
837984
601930
252967
342567
95705
747192
648070
719583
348124
466370
444533
94312
286514
709377
563446
962992
287637
237125
720097
908383
28532
382195
904804
963181
117900
889157
210176
38484
607243
877224
731169
590185
395035
431646
802088
962012
218135
859784
624860
972285
797126
738635
240888
682257
429940
618883
239093
269764
764316
790348
340210
185691
80140
404706
810933
864989
40984
893887
539518
117847
985092
793724
747657
566085
940330
27659
600198
747572
436281
393207
5084
274190
334426
631619
774704
989066
749463
543168
927589
457490
740825
59632
974405
998337
748085
485321
592341
149738
811284
338446
568084
790146
17564
262700
767546
562932
721988
68211
428828
851993
573812
988
406726
614092
816463
558074
452337
548668
252938
226638
262413
488370
98456
59135
700756
253205
854938
717801
657557
997715
298965
156074
895692
922269
58224
646662
27958
503953
593799
625161
230762
694923
343119
100745
6710
776488
590900
452949
180903
772229
457530
405465
169228
825944
691825
59928
276834
488198
815534
43651
838701
164210
121290
454661
874982
773189
164080
464076
497658
668268
118134
911364
118065
383822
99086
207402
255835
312224
630783
14556
556645
390562
981399
369235
187275
669176
146438
669070
427536
844513
669515
555142
197010
484504
447955
860120
134465
499092
18464
419670
834395
376249
537355
973882
757662
514042
617989
288946
696978
975361
484258
905616
669693
480415
878841
939905
28845
150086
41538
368996
27346
449281
911848
968132
934092
831257
713898
133664
940901
458123
249016
155599
412156
927688
508468
796750
563802
606155
940925
890687
207422
279830
336377
372649
185508
517231
497653
95854
826591
940671
434387
246651
893912
544888
879144
481502
805000
322407
516449
293538
876813
382200
412150
682026
339537
250173
215429
206066
163197
22775
562441
895422
32722
793792
499164
625762
716145
281964
104510
328555
16305
405687
522630
943813
15246
474390
79121
805850
488713
973882
560188
550188
532523
423104
895255
358056
46845
490260
674218
355063
37137
169535
46920
442218
161564
209786
222108
672089
938841
1190
40391
483598
334930
821136
719358
568087
570062
882307
354665
919191
226098
275654
580824
251555
261373
29661
908494
822074
362638
634964
482528
720346
344088
422194
458229
862976
261915
387612
434012
503519
337253
790737
649639
872708
221577
507179
984348
414228
283081
615244
490632
708257
495994
982390
115776
13494
785779
589328
290358
703961
243395
288885
644822
791357
191942
253993
160883
86850
712303
524366
290157
707178
683081
799952
675161
531303
398892
570261
808731
7428
405195
783512
666942
695264
601528
598402
67544
277918
932757
754463
589781
739391
898178
708506
59639
709791
686566
258684
465453
448799
559789
92317
861448
553565
220813
243925
684217
603152
570533
560698
815483
76588
147853
495964
548623
113499
637345
910835
837752
909975
520853
184695
342234
812538
633812
493923
300477
658428
815970
837469
141429
829960
311792
457274
239345
292187
924476
843220
85183
239561
228875
249149
601988
673732
863898
251858
924449
791015
855112
297135
822459
343881
691267
591690
957953
193243
644992
64399
194616
112556
111472
358281
499686
16398
489755
490717
288996
913109
423110
948966
104661
222259
337578
56233
53492
763833
830265
869935
838201
874785
939136
880766
757642
766733
937998
503195
501109
479943
500828
297215
719584
198798
720490
815622
812652
317489
946091
929909
98576
479953
322196
238793
510191
261344
403629
570283
550070
536929
704343
93976
55321
20618
166761
5304
938257
83469
922392
334365
656514
120371
102947
377452
787939
573464
116005
279137
857415
656829
326361
74925
340733
675894
895634
828959
528733
447658
455302
340780
542173
818216
844966
111177
662969
86987
510045
817197
175887
821869
184912
941986
664718
864250
760931
370892
993236
882020
984404
760951
65723
622639
209359
810541
928737
790373
362499
37090
549062
932381
532111
963962
666625
636516
764108
457057
115584
983723
875276
277707
991297
865122
707095
512485
638422
41195
67040
527229
946484
867062
382836
31921
395682
63610
76516
244742
94200
360655
538942
932832
744712
205540
456467
984070
57026
770855
874626
709843
541380
807824
929874
508644
638666
353968
303
778298
292922
785627
645824
804886
559957
786256
892585
261381
435624
516490
97126
335827
960048
423803
204110
99310
638459
874584
925347
717451
339594
60728
5530
200508
131812
426604
530243
297941
309310
875084
878385
157413
709609
790734
595732
3368
302414
627102
133399
237972
189440
917817
378877
831023
455262
722552
867099
759626
876128
988790
319580
627876
783587
703136
232836
615174
197282
494791
10322
622136
87479
828415
633371
69426
935763
788412
247030
643907
533501
962304
194077
26094
648276
309762
482950
704350
717163
705152
101490
918026
602916
492786
389098
388208
836509
114754
806886
644961
118005
624261
764919
399482
960421
373867
313171
145673
3016
854080
911548
485945
352381
576157
49875
161704
648594
323603
160574
863535
656856
709509
160448
289834
459940
795987
570706
201726
202692
262328
533043
814049
750764
622032
758979
582085
941406
179853
544102
539824
202336
779778
324035
86389
404396
227870
94123
556784
433049
76096
297949
806471
133496
973707
524847
836165
1994
107045
506902
704446
885575
800754
273323
649472
314224
309372
405413
533039
320058
873543
446067
478737
956460
182479
692523
988624
399444
696058
248849
132428
738993
880380
594074
849200
513362
921389
327989
836918
384492
546098
275936
15465
859690
917252
183544
215920
157518
599080
14600
101164
255550
800029
311030
943815
745277
669320
205412
593697
355543
388201
231488
291060
159823
746286
643766
189364
135497
452039
966504
709707
931743
138859
985570
871758
961224
668639
431494
806174
276193
202986
752528
667808
160228
485983
645148
869334
215701
843384
630950
281246
631938
124523
640044
939955
295247
629750
917178
463703
500394
472125
95130
165201
200715
76806
325185
192661
772522
502392
468945
74520
26432
468609
202897
263379
200318
151475
481450
128072
822207
233168
629521
793032
713367
3899
51689
478503
526760
426485
442695
195601
115998
824355
781489
170430
162021
393768
87187
784976
742162
16191
635957
113701
69552
472746
229499
770021
895991
579808
332472
721063
359570
930403
735652
857828
437538
415257
967105
588342
922133
514602
589995
163510
111436
861206
607785
638527
927406
629024
705678
411435
117804
93983
975440
387632
252488
154466
494673
628812
72070
570125
253062
32734
153507
263793
930443
877789
360031
623998
656901
791838
711113
167989
977487
347282
184538
817877
407745
77954
200982
224427
55491
161443
988683
116525
521038
285280
811717
215018
982576
755864
346053
600729
504776
358438
897753
524031
818656
134454
277878
79544
476336
714969
732060
178909
199750
506115
307636
604395
234782
849092
429293
522638
556231
401729
809577
964221
925539
894392
876096
410516
845661
443355
484912
431251
421873
379819
773320
825711
309625
731734
224498
366406
128622
501257
245597
780303
157243
147282
117404
115899
604485
471169
160525
879349
774691
752911
645677
728123
702175
235226
890036
224691
659542
793825
639614
825698
87477
869403
878733
11050
943095
339043
430932
913061
479747
383799
400571
65062
466078
491639
380941
85408
587599
261994
709779
421886
937280
605965
352470
134056
777919
564633
430464
607002
886362
145317
88717
725567
125359
763832
353937
959445
163881
635286
404909
270134
265455
158979
158804
495346
78412
329433
342859
114190
697514
814791
507666
782890
850940
308332
593904
616673
750985
724142
813679
997810
880942
501769
688120
834513
126926
583317
646103
410956
421992
953423
275613
719848
802765
319372
462169
741066
621498
819160
264481
988739
540259
554039
882077
514449
301736
951150
623305
984678
485644
431717
800323
340614
440662
781448
683444
394620
367438
641250
284334
763781
81179
644758
609539
78439
456827
684439
50954
141319
800713
456884
637204
775320
327235
395619
458155
5554
875481
917299
175976
32230
30546
176244
398828
466889
351062
5866
759206
334060
558106
397136
488681
828324
54197
492391
565171
791514
863807
492227
634883
138250
75525
784946
673404
48922
86773
124330
240911
876335
31915
454861
221299
61940
530274
531834
270177
588141
8083
862990
548303
651152
644763
320301
106039
51986
915743
508556
571646
952322
337202
206466
617381
532013
56768
111721
281748
636819
804516
312290
431351
93662
152352
86961
785603
820482
174350
185377
282615
737134
364527
927760
722995
557724
855457
623314
73526
566131
867172
490159
15353
772030
519486
730235
383070
622957
889265
342480
226756
915813
64042
597596
250267
191230
372725
122757
654255
782152
18769
647313
14755
516182
254526
996647
459639
311162
104204
343052
592177
698396
27102
604596
927696
318330
430280
314505
819802
647560
951960
418601
943307
762730
883346
59174
635214
308234
666933
159389
201486
340073
419596
428453
347294
941491
919445
789465
232917
859032
99152
760156
966463
2561
111859
166168
600087
539981
746807
28954
585864
272606
377327
939650
854825
550622
11266
168443
498325
799049
75442
424272
982304
111299
815686
780223
452194
626136
298614
675966
284493
134056
422936
763051
480028
4726
420592
95151
191520
550954
664950
671825
218289
880610
28321
460479
630129
356588
628330
255348
830824
901551
967916
68824
392598
866267
660829
736202
509733
877149
840691
94367
40114
284050
982217
297926
469276
994106
28404
101598
850507
754429
47604
871992
151299
276674
387755
860390
499668
28877
986710
950663
930196
217517
412811
904289
416185
118817
836657
389183
53470
692861
398526
692203
321905
790696
321030
941015
274226
321518
446761
237693
398977
247717
401242
200949
621472
17064
377649
434122
407018
254605
368745
728356
365241
289328
832441
921350
484527
70573
326690
782544
991608
302087
534275
483052
631971
169937
68409
858336
724280
127262
987146
559742
385777
107256
931518
967105
131210
20133
264655
549349
501564
997740
814557
588893
392333
865804
533179
26323
590453
150282
302760
651435
43269
752092
458872
284683
1973
29237
21510
369129
925432
388604
136812
355318
629294
606155
980802
491213
989965
605992
40924
331072
318858
337859
797970
262939
156697
874296
239130
540419
109329
309013
651420
784210
541502
672089
392083
540443
94536
724943
658734
161099
58258
713221
105342
839789
879565
633873
581575
597493
932925
126921
700873
139343
391206
657226
96188
9444
32460
338820
660505
151680
392045
253890
244824
259800
102008
815949
223738
438054
274271
150411
132428
754130
654001
851191
645829
218528
978978
650664
516539
611811
269580
288605
756610
9506
363605
202659
856967
148994
166773
703951
828922
27242
600334
261737
117765
676040
947528
687072
819532
504794
701088
669525
720755
704940
973539
551964
680903
206085
783579
587752
234488
822306
285632
448908
26823
849409
820549
920694
137616
43333
631622
232728
894752
932754
665834
721214
748416
770740
163296
694359
908176
114051
621072
649036
455879
684955
611114
295031
532168
423380
50290
496127
718096
261973
43919
400515
54798
81302
907930
321795
248236
558185
430834
253782
512538
524068
68943
47526
81748
624711
914625
651569
140729
122217
539199
298750
184232
664144
327984
867660
616362
720142
417499
957425
324407
516647
814169
364
797068
995791
38814
542004
866128
550400
155889
74340
366266
832204
338164
791445
981708
643327
684059
261287
127194
282912
111985
683706
229361
650268
907056
606473
758235
412625
136853
49090
269674
784268
939648
882061
425005
66181
228848
795189
966231
75515
858674
950143
709902
461890
21632
919450
169955
493710
209658
220139
642625
432570
561237
798626
468813
314452
200048
765644
348267
963349
703320
899306
325964
537598
186085
988189
921824
607082
269511
558631
319634
50732
33219
345121
221924
244193
121933
421040
870362
911015
786068
521181
609462
788431
458510
83882
820541
666158
160869
779964
653410
893413
899219
977117
161481
544741
469962
408237
694850
624533
198674
375455
171269
670455
482549
556498
766929
996610
841488
947036
563721
504618
700735
817462
589323
700580
66176
393605
797769
320171
397147
305688
891422
568073
832454
732218
324062
704828
605166
693455
104957
101092
646718
968656
923484
298660
676325
834193
433632
39219
27663
200148
490802
761984
900150
728849
723815
582325
867173
101496
241661
637785
751011
241019
937914
94752
457657
66848
435177
576814
161443
362994
510898
159818
216033
83108
895195
898415
630615
233353
267293
230275
872773
252088
609505
93381
250020
167072
839
532944
163724
774526
432295
389851
775081
866094
418100
516835
