887814
443601
427276
72675
547876
887683
799933
500231
607859
401802
438034
249343
362779
873827
7148
350707
161139
681924
456205
79407
267796
70044
437303
559751
998015
912946
314483
809679
41854
413534
164133
281112
336969
567745
83641
455573
149120
842825
727932
917740
878763
931542
174801
101791
913173
433229
1248
243282
344717
775682
498402
755562
911831
434568
902301
554367
342313
865998
398600
856711
804395
935100
73264
588712
462883
497014
645599
861491
651707
634958
982759
749442
246905
893911
930637
217217
77361
325925
852165
88669
420495
142355
428940
803037
34100
510927
766069
841734
231424
166420
967773
505825
69414
167800
318473
315515
776406
859849
285712
255363
586779
820069
829097
359529
862380
239415
744890
72432
372443
301030
331655
743013
519248
511033
970132
134380
489146
283387
88477
186319
807014
525473
771597
682883
300647
496240
570291
572352
58277
806659
281917
853169
18029
455725
414459
575517
636013
430633
662954
276398
298301
659519
171377
827406
923936
679367
988744
417219
450917
884257
867336
425132
810654
795293
766508
728869
390800
350053
55037
296829
597286
614422
26872
93986
448896
366507
676768
382191
800546
398119
30615
515373
625412
995766
285368
461144
835659
166306
354773
161481
201802
811168
786833
414459
936728
74787
483541
411677
230010
817495
850306
890360
356801
907044
535840
997231
629668
829991
548274
442332
607100
375287
773737
24526
311914
73388
870286
24926
278057
156370
904297
594573
919927
766702
944499
246439
852689
332165
706228
343123
992645
276593
254477
250142
301366
143927
761570
606670
252846
310661
804913
167604
246047
290679
826977
376297
543285
160629
860934
507018
665064
267582
18979
74136
350440
488402
483185
18242
270128
218712
646079
164904
267274
189847
844744
414858
413213
278583
989928
237925
571147
740221
215107
122479
902934
181828
926612
248777
613526
687428
562499
950839
864990
958974
787712
659411
683611
733089
554534
155242
657003
686127
539951
90378
894610
898122
117758
948967
424993
800444
345186
215043
84895
667917
153507
800253
969338
228888
95793
115150
660482
573451
340170
76945
556096
492779
355637
853035
115261
794056
466188
133449
532879
473878
902786
342028
284041
76494
956713
468088
920261
156024
653813
791186
405546
435755
961562
715809
320020
763341
185205
46833
696794
78310
870798
735224
743356
686444
580814
711810
181311
612813
357583
750515
283382
545549
851659
168801
918321
47286
594318
259675
845699
978214
675996
74084
283189
630161
28564
290345
266081
408216
456715
669198
923551
882878
976746
891953
682771
699897
442744
16612
601435
953882
611750
72376
811623
287686
927500
668629
541727
970212
569516
526493
319639
461406
947806
252476
89906
399561
603974
304439
385978
614758
44554
307936
769839
463357
5599
377667
362050
991809
353604
721508
449105
794057
956857
452746
971874
686387
639854
319601
329184
262984
587443
783344
279738
410532
207056
171318
942532
10546
13556
552173
85314
626945
777910
897504
24734
132667
814266
703969
389202
287091
639321
509876
545593
895996
243389
182134
422724
472315
453318
137302
546855
815994
731417
90110
960009
615288
514263
912864
258424
421446
582313
441723
214907
769850
842544
553853
909853
287636
416862
66005
56447
763556
181968
398965
831789
869190
884071
935594
752372
438357
597260
300094
684537
773636
564660
756263
650641
989637
792807
382315
968812
247314
306506
915737
707498
405557
373690
615448
421626
770709
830488
186235
85883
976469
421863
687312
804887
293627
497194
149093
217777
562409
485585
511428
617686
953243
388139
845364
938105
126096
417812
222637
872838
476503
724015
56986
745633
983651
802761
130916
786407
984170
259626
268228
558710
119826
817756
295288
514589
694246
543422
367738
724560
372592
726711
326553
906707
581952
890730
107070
967144
817382
262691
615578
820720
962147
573834
197113
323624
277830
961954
305989
488602
590627
534448
126913
973738
161355
618010
798238
235727
320235
494044
106957
661375
314123
95243
280265
194459
636345
303922
478570
836312
715508
497229
312024
614525
821782
809485
358316
555274
454625
983987
973493
671478
321398
838893
469716
118742
171765
298333
820499
56898
242669
367920
519736
669255
673746
224089
676307
951570
720498
34122
825279
558573
406470
454371
94406
849875
900573
465444
981723
603106
749223
370252
774067
47985
6115
749466
735471
94194
410438
549603
459493
943271
268119
322098
218021
956027
330786
154299
791955
252345
645990
116095
867565
426568
388733
908557
60832
404091
357673
281039
953590
652511
177165
603307
618637
133725
670151
678602
632141
86979
92163
353900
785438
672186
414966
552295
537712
663801
443800
245006
28384
221989
261882
415340
54719
722784
302317
750906
413374
186588
246200
781235
407713
343995
15010
764254
600158
450836
129046
461327
470781
77346
976985
516850
194921
636044
846012
613734
765450
617026
34656
368752
628882
300526
756819
197352
840589
155415
373981
488402
852316
957782
520226
527362
798814
304690
4727
495047
539891
210555
249484
148381
662641
34892
172970
712872
219375
485957
828900
584359
40847
841712
862898
719732
872667
217801
763295
189120
339132
637887
575836
680081
247751
352053
406950
970439
262520
608635
300573
987772
138425
149040
737534
532944
153809
1585
140424
441722
604957
568727
678691
460689
308743
35004
992794
38482
686012
448193
895043
24658
512937
686404
225939
656454
96179
623031
649337
836406
4259
449869
728021
887467
803529
600641
290458
311477
171205
894860
415830
274019
258038
723758
339393
383321
980956
360162
777272
536630
346980
694483
718941
548517
712215
81685
545710
410615
416503
770954
945918
465373
973282
821951
213418
369891
115044
520503
723456
767667
332626
780114
278153
507911
167964
579591
232173
513041
848534
770558
701686
681786
498495
412817
944458
243130
702104
365962
58173
566540
170195
407411
520010
292665
999281
440010
39231
108440
446992
529966
98225
64466
838287
168828
787858
773267
933274
119015
454789
437780
56005
993843
210946
905045
487111
875855
619147
167134
167979
142535
631278
901598
337739
262266
657211
462337
127753
822876
442744
559694
510464
965782
987919
875443
542537
559781
943626
521393
859727
849884
549960
271242
600267
904949
912193
849726
133996
556585
456959
612905
236416
266083
942998
567825
471811
499298
443220
583520
608916
958621
350924
171996
760682
190105
946201
246726
329555
675157
743887
327562
135123
522949
462637
141841
943924
421852
613730
520400
642965
876731
273055
224089
134267
380540
600641
543127
92835
895274
557247
171286
227593
427364
410140
823601
496848
169708
32782
277476
846165
396978
28696
848393
22824
505569
246039
190858
635400
487523
471034
215799
382452
126876
709871
756579
585205
547709
713846
226895
491760
929213
238747
969086
800920
993724
241080
469158
717271
671309
510311
863694
657681
512429
375325
604980
362724
286973
853035
262851
899030
206684
913745
924728
793341
593397
969940
552494
292755
274610
952992
989016
771296
511371
985964
714865
443022
457210
685011
903314
20186
972845
422766
164545
182378
182098
409027
359482
897657
68532
565487
321978
635523
358969
18121
601991
742939
398708
566074
922253
908863
209788
252376
665711
464707
195007
84477
716693
16743
920010
593052
381395
880201
720936
318277
845646
894993
496743
550612
841697
648624
584347
28384
695557
639344
309197
369180
104609
783125
367599
490895
513503
427138
296891
196663
238599
437665
332441
601838
619753
897718
757512
79705
984446
529693
845724
982037
416180
482025
431765
729727
138599
230086
133575
288250
777674
393844
312081
576137
876337
68802
941664
830800
259568
692446
872374
205611
301859
219463
533406
604252
520176
37735
548302
37804
927030
817995
28191
932356
401189
882367
104613
380453
616260
852690
944276
367168
368562
943366
48896
392946
341790
228090
679017
42781
856888
589363
345600
525935
223518
694386
32688
255040
420782
116830
934714
746574
333618
80181
79609
934091
805804
718786
804185
373835
462955
555768
73053
515446
168180
862615
87173
259730
887661
30926
748110
990230
853973
899582
255453
792343
69112
328017
121748
846196
769653
432611
901061
558810
523735
634261
945875
381279
166883
370075
379064
689715
956533
425187
460813
527373
598879
2661
854940
631927
404785
890569
639488
136261
985657
41769
414862
802070
174281
748712
321183
555650
722783
247528
904450
154643
284726
475380
974330
182644
894217
409431
553411
238872
925813
287573
956004
163258
817775
900303
310357
684746
516161
254378
586194
416828
331643
903032
104162
746063
201919
738382
657245
342906
88831
395991
986461
324548
436314
604409
741361
369956
317233
914829
834117
484383
717467
321681
722295
970885
418560
628882
649877
274617
640733
369793
127541
99323
718236
763713
102221
49572
232103
535489
33836
313773
326300
817601
595339
953402
228654
339993
247068
952428
482038
699550
769252
168541
837333
998124
908050
95669
150491
153281
612451
330784
805451
733887
234759
661361
143408
76762
775905
85480
213418
925500
796315
813399
206819
917804
979455
843784
216560
38575
103739
466387
278798
121452
345238
157775
568079
579867
278301
940038
950592
758947
45747
265395
778345
670556
783309
910268
124170
232789
840213
461771
821696
979756
622208
791756
568452
553386
889914
4368
824548
559697
854128
347901
911024
248973
644165
762322
861318
507689
517547
102054
365093
994404
304651
701668
857336
460476
532703
90700
582344
580254
336200
60188
747918
943720
372680
842474
879068
991864
64604
103434
510624
881168
909556
441202
266349
951631
175637
901718
676401
584545
74101
109194
111426
301152
406206
166862
206881
654068
56649
877173
332557
80054
698559
140621
426247
122794
971966
778681
317531
627610
790050
215641
845637
200455
688905
104664
603942
945984
688151
34714
453422
678084
731198
795823
730465
148645
441046
201433
346317
183651
145514
894658
584760
401285
315830
465679
584701
562100
157977
821612
468969
404622
264040
312976
68787
262085
736288
337614
590699
608214
585028
701203
6062
10517
629818
624397
475697
903577
59540
492649
646439
932698
265439
274243
62387
879640
689787
18473
470581
934716
738320
197345
271451
697781
458433
203835
166236
912296
675682
506758
663024
460172
906673
681955
245774
957860
810579
814033
661963
443022
57343
619015
890473
672633
56508
750291
79490
527951
689815
185070
62883
528484
999772
822827
129812
960775
118943
836206
169388
905462
84125
309660
402096
95014
200047
810329
175203
68720
21846
488297
714552
543925
786915
257096
918687
653975
835612
685091
284204
659098
393933
201228
970978
654957
424168
474950
986640
511796
1718
69072
936996
801531
165698
579281
935347
2747
813509
543624
352197
556717
298304
876685
695163
666781
349153
480833
275906
736782
762685
366746
677496
242944
94479
70097
477884
207618
753964
224651
391165
154973
700091
27765
448216
723689
419001
221929
229949
464070
577664
225076
446477
518391
92400
43750
236661
630043
802691
745287
27120
759297
389745
709059
562579
41784
101334
821516
428013
859362
570506
646894
836134
770987
667332
907560
953612
809734
661317
190913
452020
382494
613878
862650
17773
961688
353902
419991
986550
344308
831473
116084
876557
538292
6806
756324
226668
776406
28596
665322
399777
634107
431038
654552
952736
699340
544305
507660
594916
714483
337267
592584
454865
924107
824126
398804
942002
286499
611469
580902
391519
609866
268551
810091
314072
733082
137670
954583
880068
313496
905041
182283
908884
98336
212101
335108
880793
765746
949594
717234
100827
952111
296937
800114
921609
211629
429904
654446
767087
520298
135959
943874
772757
602130
50435
556556
608582
913360
961684
143566
660510
97499
863396
44265
595002
823010
852057
313078
387601
405225
310530
126032
70203
324974
630324
973707
404221
304329
53833
689661
949111
679055
924721
323042
541465
762691
538033
405486
574371
413662
650920
661357
934650
251329
523456
71554
669346
659429
941616
313446
703532
230477
866072
249698
921857
103905
415718
191847
4777
804340
9551
122472
817307
323588
495652
487248
34765
640693
165286
401837
952688
185738
224013
182268
412861
94902
671397
197827
630304
493512
129312
820110
902306
960449
396058
141137
401037
505962
704752
894938
493070
419999
562994
671556
349638
191568
335539
100589
213047
839257
771749
420014
279659
417274
644395
953971
923726
263350
420256
17419
564131
365048
883410
598378
652188
937605
471117
850556
734420
418962
133285
228925
772691
856185
326764
870273
687813
973800
74289
326442
638318
505277
218044
747074
409278
169181
968373
250820
707840
263588
955240
333369
337935
717053
819714
712124
623102
250915
474007
400560
684267
550509
866622
2375
325869
809443
539131
370228
544138
90292
810482
151745
33390
25071
721344
191897
300521
993026
535909
677503
873848
481952
797009
955062
955240
729403
300360
299457
895304
389125
18323
76558
522174
980166
84382
592109
738815
463924
685552
192785
687835
438486
222847
624880
517984
562938
952893
500427
841277
704875
463229
236177
193474
789143
613392
467437
307499
44392
779235
25118
656450
31378
797041
892212
157685
810810
871944
533862
61884
920447
287414
747191
730751
877807
51424
564165
310052
367741
302683
648075
202788
19534
121724
660511
391545
65454
458525
77709
953671
313620
973259
579792
130810
996780
232033
923240
806242
317425
135957
91292
473546
835462
8904
187142
385747
560457
206531
248002
801647
513298
713056
454595
573021
729227
866881
223512
80249
895514
530591
339384
795031
547767
78894
842579
651569
197612
633575
839530
250918
472679
186949
897821
225956
294119
268994
436225
792898
717231
124916
851106
744225
548081
573882
700191
128952
389566
571875
384609
8574
16608
240305
255922
168938
764341
904660
988852
692902
699202
224877
961141
198616
838112
365290
2892
960736
737073
582054
790247
293940
4928
431867
229993
46670
895910
160437
901849
651855
167203
958755
306381
93111
405305
657802
205128
576108
71379
187348
750464
715198
607991
122843
604685
208428
669774
3579
82952
832829
780127
673805
416646
533648
514718
981455
30621
761899
48748
444728
224438
747912
885717
161089
413835
926353
545519
825738
687664
771735
640737
451087
33947
72835
457583
875623
501493
610748
74267
481331
71694
798046
645251
875436
422580
551166
63774
650861
657790
608533
678154
126813
476912
817951
913938
105680
618864
149575
831316
621541
722812
106015
309945
988995
436441
90300
666443
854749
97902
169328
36046
959317
751481
982204
862289
280562
794080
766575
218455
593383
519051
23650
560320
615192
825610
97025
728342
793014
436557
102907
700261
425855
400164
586500
552013
277525
884350
875473
811685
536889
179243
856790
526480
956324
927102
59284
989288
845957
120146
969010
479595
7000
886616
898057
615198
144131
839177
354888
969064
555190
60880
981723
462129
443516
90882
714605
72759
883132
121109
711089
399732
133900
367835
296757
413250
79164
857152
659870
386098
527840
681224
620390
106325
455708
180515
136733
757248
520862
551917
126870
502698
9040
477117
55033
56750
313306
315254
620651
829322
45868
675526
846061
751793
922424
762044
571728
747050
55794
450307
892885
290750
27800
216560
147058
839454
189791
384188
412209
263808
605643
232907
788485
857720
734396
127345
811532
878124
765031
164253
788747
593759
189003
379445
309244
27312
667712
256492
56849
894741
57858
722007
135575
933311
810503
886810
56391
450656
933100
43477
295069
51310
592414
702013
549922
269163
929025
771335
401686
209300
972543
466274
811582
100486
850172
331482
2760
258525
428306
765794
841631
593941
544814
844124
90059
233815
975518
392519
664995
277649
582553
741149
47951
147216
952881
718850
227966
985324
683914
547411
176515
810431
861013
881717
607502
141348
337627
326716
851496
64199
570231
293638
585239
923445
970083
640439
328023
652625
364107
487672
784608
71731
183431
472110
720760
590487
644896
124410
218804
102923
222266
737698
391516
727358
985798
383383
691734
93867
187788
967967
819417
1150
931844
155174
649582
477489
99830
422604
839897
307437
997866
210975
867559
983660
210482
650931
148455
436424
681279
379234
974747
732807
958689
988504
662296
789322
494775
57799
182512
45831
94966
522605
89728
757346
344350
596977
229768
372662
932094
205606
154101
125476
594592
334665
625183
58476
751516
845031
871049
295761
104170
329281
79323
490107
190461
33325
387342
421808
721716
450429
656928
192994
117480
717359
515582
475872
391587
581445
198208
64982
300668
707304
700985
357618
417533
98527
812264
963685
855602
676918
669708
650526
243267
481241
353087
196666
123893
373246
109243
537098
987039
155650
699927
457993
14056
56436
240523
246582
58274
986024
286769
527532
957654
483498
571937
911542
844144
95034
167052
518609
426593
244863
422967
630627
366243
123481
695190
215606
168790
814583
325204
554273
397479
690118
322909
210465
333072
14338
393530
899172
426675
766533
331512
737439
335123
180366
736711
78713
481692
338920
645183
671021
769286
374737
253388
632590
318544
638904
729009
599548
263546
597394
459945
833182
906881
962139
893876
149740
257145
638222
817665
58214
371153
963882
92526
372129
984487
770802
531732
51241
607509
943318
586623
868150
678196
25310
984324
673455
770624
718672
55569
975837
236279
259952
942044
131738
395369
433312
2923
690739
247117
665832
42926
983029
951986
461425
643918
169855
829774
304234
496880
356215
672223
891060
507428
440771
238258
167013
413461
950440
115530
921652
726362
311682
780173
148520
801591
680196
271320
190728
249100
910888
522968
642493
470767
980160
795053
299710
249263
175140
302345
877303
742451
998091
496922
936895
924495
83088
302466
665357
464161
633145
961297
685588
154430
408361
630018
238045
694204
867600
50757
493564
120078
531502
50824
408316
651144
256843
678485
555613
294003
409614
505439
557139
109972
383954
654079
929379
274032
302429
460897
964755
188626
717209
12498
86952
427372
352281
339890
676157
286331
557396
18864
914208
410733
247615
728832
497888
365739
779844
732428
521536
637371
697236
455571
815358
384259
2358
791636
91276
887418
433759
213192
759343
994036
804082
629586
277453
799758
918625
689089
525153
858715
228390
403288
534994
414537
147400
549835
661130
53266
852782
433402
673441
93297
671321
399822
584777
234401
280939
927999
663963
507105
662084
278196
294014
538511
803274
712041
701376
220732
402675
472301
210323
601928
246995
553833
534037
944798
184222
338930
590007
976977
219619
890267
726576
111761
414476
291429
389059
112164
81233
904491
163021
558965
486160
150763
165844
838999
385954
289731
68246
813607
507467
252116
796162
643978
888407
577010
133314
644771
672090
230362
732968
431399
228397
517265
490926
481331
990381
440117
199483
901294
226616
862256
380566
32682
918577
977897
575028
35106
523899
394119
917955
632205
673634
54432
52750
669222
573003
858445
582280
268295
700621
881255
343268
286322
274905
357016
632741
626377
631447
234659
842177
843675
226532
934902
62016
166011
44677
750792
351469
739372
967094
149973
984536
548873
993728
533032
235083
291472
969598
535533
618612
322769
437205
424333
253406
983043
51959
399482
119499
148474
891924
575449
278573
286031
858052
24784
195875
282930
526679
423276
514714
86832
336001
196361
205830
80731
94071
457689
862663
191141
374344
891068
295571
755382
45233
159952
775376
507085
324729
274940
798361
164548
574279
966133
533001
715758
781611
46871
389601
75135
948439
15882
208998
183613
280543
822396
590290
273666
661953
105127
591129
330452
787808
894454
371499
670925
57783
611776
111140
118552
312621
645063
61934
34210
7512
654336
588276
109995
811032
561687
835712
163769
443403
44721
225550
711071
521557
328193
999763
27150
36650
845030
843828
178967
261019
718956
607983
13465
250056
987557
318123
285711
465015
427956
462605
904368
73420
10461
437859
35996
115899
972841
231235
522181
416371
803389
77482
697892
988813
692461
246897
314760
540075
2213
527991
908892
490012
739409
876235
161021
304449
868193
920193
235157
1047
888340
926751
991553
470849
663943
395016
40854
200214
199345
181614
637529
386476
413632
489223
105724
903098
150813
444223
860541
249217
283030
119295
541971
158549
646661
295940
758413
467003
443737
244077
299319
152477
575417
713527
978759
68785
498195
121504
272164
463664
719029
772758
267705
942449
873647
542465
58418
838871
294541
820450
755755
712057
447625
884540
842771
590238
238937
410225
422356
872099
514681
231313
216560
92047
60875
270574
265688
232366
433056
47486
816405
286896
508182
121530
765040
795674
973095
194384
766853
955092
151401
14281
509329
240466
635601
686401
691109
692830
474528
847367
215616
478633
119059
931672
44696
725646
944559
20038
475221
405484
331471
456037
788012
858844
600649
27615
271205
515063
335684
391837
328584
616889
358811
621314
961556
504559
868622
342062
273906
598526
46429
453003
293337
412602
184875
312823
363922
404746
683308
714419
140151
534861
670508
685729
711702
358473
577941
287567
671636
251649
433609
599139
247213
330057
387660
432435
418986
345685
734554
890648
573342
189249
707698
528785
681990
771922
308107
663584
848948
94665
255852
435690
563246
878254
73632
79549
673861
646061
851010
926573
233263
442633
375842
169492
907197
224220
334156
686884
586355
539295
988802
380709
99926
60342
489744
124603
148058
82786
96461
321956
437500
665654
565452
651831
66330
510775
468751
97089
611335
796752
449440
288993
644704
878642
838926
556358
544541
181948
242508
441879
515426
369634
11453
291424
651142
593582
744955
778189
858840
992616
398538
684591
502428
962237
131305
236247
199047
923276
439509
745765
595466
407768
811805
795000
75640
353706
150673
259024
205424
271486
63774
149992
244767
682239
197083
693208
699307
19132
743407
136650
577104
487411
77602
693344
831325
691968
277230
659334
670252
622242
339413
325919
976892
805835
596549
8913
744895
783298
793710
94979
718809
954451
732342
924294
87245
976011
279378
429645
977944
115053
727253
157443
573172
32755
729227
2117
794606
223968
667703
671842
49264
792672
821063
474810
786085
54593
714105
788795
979558
910314
376171
54846
632394
62471
760401
872401
325958
918284
412238
461499
835357
994732
724658
920841
743468
182615
165116
604433
240129
996470
614516
71777
29790
270300
702645
992534
589871
236982
354405
214503
47059
97084
913262
729574
408860
407445
286621
548275
836615
886519
509027
719040
186497
503524
22733
522496
902931
271502
189109
49924
692300
120659
209985
368335
714424
794524
220223
945231
993387
792842
21355
306950
475332
294901
704590
976311
466974
815892
393179
68472
545708
970460
12427
981425
484304
231534
2259
262443
460925
958333
123081
269774
340683
419753
928833
306472
116599
75641
759634
868771
15998
964814
16818
641265
100461
146903
481655
887535
637734
369533
874705
659771
37327
642986
82538
850637
264152
391372
761218
702930
426513
725059
144846
425922
127163
121703
36336
944078
926916
239912
16897
509827
398512
105239
789378
865597
524847
731624
348940
959929
999776
526081
712480
425724
539804
385695
702660
988504
824008
259793
241887
915987
515047
268990
309916
136448
796931
725037
904135
749380
207381
170057
9204
499365
825313
627111
843061
759794
878187
942809
439496
146479
381769
889881
607206
261520
634948
961306
919547
827370
365325
650014
129656
265659
122198
823728
915996
943310
537294
982122
108736
491371
501450
497336
830557
950524
756497
611717
99850
952028
397889
241137
48919
905177
526043
45212
627068
188878
946491
209437
854708
223323
961678
550344
695761
168166
547685
225501
535452
430627
102132
776819
256699
650828
343384
781288
192804
745227
264215
513191
84486
286660
213458
405759
768441
909472
360432
233634
23775
617132
491842
95748
938658
252686
736977
913791
621383
44821
135281
395548
321006
402283
421018
853768
55208
848510
112242
927141
44560
757667
329245
291483
775266
822259
957844
248921
449144
420438
748631
872627
502071
638775
44691
65866
977986
369177
110931
435756
791750
125737
59779
631906
698466
768642
195731
591459
19273
794791
843669
140016
675376
842546
408265
973826
13347
8276
659994
897220
470095
419314
364117
265718
117061
529185
733828
699291
649225
455265
733660
445445
760796
554202
561497
534745
369891
449156
421659
742673
16750
884294
270204
774117
991558
30203
409035
127252
18262
658809
363878
182360
577727
687413
727540
349090
330643
589818
182931
337935
951222
234474
668834
309969
360469
142619
158894
349580
996163
130770
545661
50994
540357
474376
622649
254441
480002
806855
563799
432252
491757
276490
749247
903897
417070
937260
613714
551909
783084
286732
975335
749066
985308
355305
301388
772250
835048
207745
622917
654075
228390
990095
237580
527385
592948
253259
644279
945679
854643
10351
764520
200971
183598
135832
376329
5170
9480
488555
81004
184197
431228
427731
360988
741269
939537
541
859861
834736
505149
191993
745045
164580
157963
420957
822181
687364
143458
503573
530445
835140
674788
377922
642621
168441
719087
939320
431885
939344
213868
375972
481563
680709
958163
565824
525707
11450
329566
355963
277576
434393
29396
413029
692185
717767
73458
749764
803670
786600
167796
655368
993576
762947
91185
932386
857270
974726
804416
801353
164069
356916
550384
754037
85976
853801
355853
800532
936118
300128
805383
363443
780004
127852
66520
960032
61156
830549
560138
590680
240544
485313
385290
538159
82501
690405
215409
827143
885088
243608
40150
367101
987329
226052
573953
440081
31848
301503
924859
80297
12830
495094
360553
193428
110336
851351
772680
462592
800344
10424
923264
267881
760175
876374
573116
781285
41819
767941
585273
743538
55447
621071
927256
693503
748060
48266
487629
371317
477957
576961
482967
267804
519569
22586
720222
630353
971755
200582
421608
325941
343527
200088
502287
352246
814608
191000
774551
425481
539482
657844
945658
600673
557587
500187
464677
960138
743646
623477
61020
985168
441271
917197
294486
68540
454086
705245
115293
522321
11750
915041
293016
188983
685789
390599
906676
197969
385467
814079
612928
6733
155529
941260
904161
788570
340472
625743
220341
522314
845163
552530
119154
595039
336835
106560
245340
153135
119178
194352
593303
928132
163089
569508
208297
395330
214639
799717
992521
518311
322836
197811
95429
143747
434607
162852
254400
933990
862468
518855
480022
857758
418688
453384
498615
609153
99136
669018
694742
904405
890168
983760
8875
599520
397159
945359
493411
786984
444003
705220
295624
375910
424012
923620
926168
772058
749044
979881
941648
330856
866296
758675
70625
32845
816071
537967
588271
649412
933460
400776
677586
424417
300063
730510
952688
859020
892206
252652
712132
27591
368092
786068
910273
391679
893059
469226
874024
892334
270347
283970
814214
53432
306410
385945
174339
716996
707911
448179
616345
968352
35454
704278
622370
133783
983787
259491
40558
258425
787125
597956
753817
189600
900474
334467
68800
232097
376189
960633
82710
43669
880206
141385
747951
856789
137910
263452
226235
585250
384539
197065
270385
867395
661942
203843
371478
585977
661518
496701
966739
171184
964148
204594
162238
966170
922366
766210
135581
342329
252177
443996
657870
194147
990904
444654
816695
239776
281563
619314
44993
126104
566512
110605
269602
987879
860621
843380
992130
591704
144708
688099
115918
285551
580822
923628
187691
620760
545737
541249
60325
31363
142044
796598
95464
381562
42861
724286
701352
918251
596617
694376
746442
840402
852499
736414
895435
814326
449309
377959
25702
476661
445489
324390
912758
889339
385501
586806
950112
869114
198970
389407
43000
153452
66628
848971
490293
4447
788687
931107
421878
297391
107895
696974
175750
488356
929130
597135
446962
772703
472799
391060
291239
678942
799409
454575
391118
783135
281443
238044
558688
54355
315105
699053
570898
645670
981638
171841
501106
656615
566740
81300
221276
222395
667887
370544
516504
288712
605344
781981
864525
172731
102643
821742
615649
974590
810900
799597
669978
690585
141598
344135
642134
436758
986165
575512
454231
179138
492614
647353
761143
620930
163157
1429
451790
177870
497005
995348
837986
436447
348059
372186
317827
411230
159229
434696
487166
67653
701229
791964
363354
50458
623102
386888
598051
993891
536333
234267
380466
691890
175627
804376
375706
837302
362887
207750
10574
949768
229340
418816
901829
770317
400586
851648
446150
85652
897889
339888
3389
689935
869144
994071
634599
40872
73139
752173
486245
74038
83636
841569
748277
303615
216572
299710
717231
906362
304447
577852
486532
388607
846075
205872
335627
325496
663617
361197
35654
755785
568571
93579
897384
450070
293646
335407
392594
924478
143440
752044
502406
459456
7914
88454
707492
272912
488769
884278
958759
754835
966394
891311
710331
344619
283260
516872
994659
838187
946166
511085
733708
945885
225785
459825
732421
63602
296870
693355
803841
833461
342097
730105
145982
893403
479851
161820
795043
612003
412817
142637
484705
242899
90616
905563
528449
380384
939823
719070
467205
920657
7670
948913
848449
108542
732231
148503
959645
14566
842605
349627
382970
614356
658182
657379
882013
313169
301776
582798
422787
377777
353711
401465
861415
326686
645077
712388
947659
297442
511047
915197
462798
167366
473123
145026
796452
912912
810165
423938
855747
704698
689700
223713
424690
837577
726049
252805
26817
187769
825481
312119
725821
540086
936537
567577
435225
662148
891042
486616
150527
279260
469134
199829
167530
171966
864198
320521
577727
967581
547576
302361
885642
586932
201763
746380
317363
575225
156706
491376
295125
605247
529215
457166
856721
740255
65368
892006
97167
574581
194049
242715
559039
405778
924682
541948
522462
885174
656379
26192
173502
353910
412166
669215
10507
187801
382106
783931
405024
546023
881574
571392
125216
104110
296032
766495
754537
255851
350451
787153
919247
4084
884762
418410
256883
430310
62878
423201
948193
636495
672288
926098
423839
575035
281831
892518
662848
467566
337291
223443
22107
360622
89538
523847
587638
119744
210544
682937
314105
717686
65312
460227
751529
374717
21470
219058
280249
319951
317083
448910
586736
40509
981854
953820
419484
673795
755483
45063
761356
945260
936296
713455
25052
673121
344162
481803
303548
940816
897748
526821
448205
807162
405128
147970
320507
955747
248719
403802
603177
667029
763384
23691
853518
237155
280239
319309
515140
818384
244038
752497
460158
371755
798045
599984
474094
634353
488973
814906
457155
243734
883964
839622
306644
492804
180305
890190
303041
874137
826583
86765
329568
423254
686515
801774
79419
972878
504358
358994
620485
263963
582573
302666
559361
569553
483882
626692
91187
639109
606901
301259
989714
618814
538799
12175
982822
297234
687312
417857
980729
371851
8557
758194
287198
416942
927681
817293
756662
663271
715464
473720
917999
960539
399231
802567
352011
486762
291458
742168
910393
608807
549700
671778
652369
199604
228167
972132
219145
925419
998548
744173
591388
353865
948588
557374
170921
610935
230086
827253
373911
660860
316965
41472
347308
726643
803730
798168
484326
699328
973409
1071
998685
219862
248412
372520
772709
642054
723641
738044
722797
590001
250029
70835
309946
718086
454423
402035
290512
704155
865213
548925
513316
936689
108125
275449
361396
710953
944183
585661
12486
767144
636886
331278
551514
284721
486897
350195
543609
73007
937933
333755
31472
99195
166382
337307
973936
667506
453003
171300
174640
969409
911848
908531
598230
445749
503740
162497
561343
600434
153915
428346
679352
183366
838344
786338
363659
749044
63602
448678
826898
946601
721466
882785
693101
267127
811912
806431
151753
101971
400728
240182
350383
908842
532082
674175
870443
184019
512468
772213
463645
117059
219771
712591
583321
428695
269366
40605
971515
316161
896894
4830
954922
869056
581504
628470
477911
666912
463102
999210
126350
35100
946987
952864
640123
201974
453544
858150
827780
794309
843368
530174
483102
53432
56335
9813
830927
361989
16550
275893
492075
446132
317237
844396
886556
665134
478076
608868
784916
865156
878546
531934
988642
93106
520164
806890
395377
93107
335431
16074
278274
440283
896504
102592
58507
837511
485492
463425
156893
728695
806046
244729
726878
858066
752243
397747
700516
618113
452728
75809
935602
214309
726690
332115
708513
860753
774163
882341
698463
459447
203115
149669
894865
750063
95395
432960
726750
561702
475358
291969
725778
83597
963699
268488
680573
258701
950521
806407
878394
207618
888166
504048
215111
203745
741464
957851
526642
403629
642585
96781
574433
116421
90745
898578
189170
116757
476432
470449
114077
53835
493199
972419
978426
788063
376754
792757
769345
428134
539019
631004
912741
251629
239099
279376
935528
708838
192874
428923
606583
269881
62054
253844
109858
323038
453223
830495
185353
40464
959082
957643
92539
709836
411733
805479
843147
899270
1585
362363
216313
921934
220504
844008
168828
278453
171717
159765
401837
496709
743788
276936
383935
911044
704779
315077
277886
476823
575270
719063
415135
697644
324204
254025
524204
813211
292300
784451
74349
272678
107337
957353
541836
915022
111616
998443
189203
26192
659886
899871
105983
504569
960324
148751
988218
534210
594529
712848
158514
198844
974527
844535
872051
778768
358134
887922
196650
240326
483442
235398
189957
353732
342182
506442
457294
804367
962439
753304
416441
585515
195871
67683
356479
172635
280848
371986
915625
342370
16091
209870
330332
688799
342777
381250
133056
772757
598771
825527
609082
680194
90009
772039
609817
999149
717525
856356
839287
986202
602937
200952
283107
403110
450190
818261
1394
701786
175345
157546
495552
391454
361913
84764
864394
49397
315103
326825
553088
68022
887081
440740
858965
807694
944798
500763
67386
665827
34943
36112
631823
585944
929082
5473
481739
250794
616260
495680
683481
544928
626141
173699
727210
505995
482843
578115
781989
764790
215827
367136
671502
471018
79901
450422
542053
929133
574494
594968
787656
992429
416506
193329
499229
600793
176811
996793
900195
503671
971789
678768
249726
218605
528516
321262
744870
656195
791386
213807
241100
222777
531324
824624
945742
498024
242764
828558
474335
652958
94931
744437
688841
403817
412702
439067
939526
823474
63055
12890
843262
654874
61889
517678
551002
362290
502048
624340
897162
830984
662862
675381
417234
353224
378720
359804
700711
848051
475864
836987
147391
947604
800368
346981
151100
173886
747597
584411
250669
782685
277362
258300
855848
580444
255191
835030
924904
961476
583847
823334
854154
815303
983083
141688
437360
834894
285964
779142
12230
861076
687347
746770
410482
149060
734020
505998
237612
574799
442515
406555
381363
942581
320151
477938
155397
333374
755158
497402
723736
467918
950046
830811
911560
17070
744168
637925
607659
666103
967461
505434
994353
15040
273200
5001
524337
854734
343211
508859
185882
452488
309692
572012
893936
418987
862209
953635
887546
492297
829916
44224
543694
116940
619773
904371
969638
827173
36476
687405
294402
105007
454522
972491
518930
366085
231426
220285
709418
135580
256052
770876
627539
413651
763659
242414
403767
633197
187117
802604
509422
797966
912979
594346
749403
361314
861116
944740
541205
906620
268809
502639
560492
598207
598447
306460
133794
216557
809713
751740
242422
704214
723635
648630
427936
189238
273088
708673
190455
989126
663581
954520
628222
211285
886766
181829
328464
739458
546004
353113
18166
33461
825721
338606
499121
222821
955663
357319
77150
98758
634319
998916
26450
497959
191836
720708
99572
83613
902072
421673
440254
994527
476815
322603
611507
70680
457257
333178
867480
213253
967773
732186
716341
406152
233833
104583
458821
639906
671082
421855
994188
914321
547447
921289
352010
150689
624056
704472
617961
536670
175741
334095
524592
772529
686040
94973
74968
427093
901813
581612
125530
63852
360577
487862
318615
653808
39606
912115
87798
595509
364721
840831
351330
305033
697366
931896
54414
29213
77756
315668
16898
380621
925331
369047
368272
288686
812726
195987
573566
258905
533555
774073
111262
605277
160688
575052
279279
514755
169798
448632
951114
79128
810703
633763
968833
570448
47249
454459
271104
486144
676773
212137
432527
530218
44295
413230
989824
832212
59876
390930
932545
122740
283189
713719
854953
239455
385322
389327
224639
150189
967617
362100
542812
136733
20912
302854
946637
173870
529430
81294
774021
483694
986191
984455
255329
108328
505414
787763
143691
369106
404499
365970
629829
119085
389393
196825
251576
31043
848754
482016
64136
591258
391040
973144
522043
554255
571454
731792
372308
848895
187885
691917
817812
788605
967371
751462
539096
613878
636474
994794
854984
275766
918231
535913
683715
412787
960505
296602
82745
397558
1102
318829
23600
523238
624694
809056
64985
371595
527472
174839
355793
203814
156794
123398
661151
430981
727653
1227
478519
949728
589629
83748
999695
827851
62542
42802
735120
105082
107802
259568
637211
848566
101897
192244
169331
107490
98315
50398
239994
841197
822298
104528
444271
990488
545515
336357
300491
569234
759712
180903
689517
129636
342633
567932
826722
693622
810924
501871
172247
77080
323070
154079
637522
590081
684527
258245
584322
638020
409486
721780
593821
147348
623156
613228
86745
226770
342614
550901
704989
31386
762087
203724
548716
386808
716891
616623
693150
354429
915727
155495
974980
517406
729035
715330
767674
955514
255200
197470
456385
959976
970845
636750
855205
542518
484196
32973
565871
379491
99685
474222
42718
817126
689456
47090
793383
688063
844051
29474
978585
739601
729617
665806
840162
212375
462106
742473
229559
685334
452333
470627
307934
558170
982898
222898
865004
313594
866492
173304
657498
690470
237742
283531
280518
157956
201537
136645
263076
214695
21845
230403
865680
878763
649120
599798
796545
221456
522667
906670
633728
532137
846039
424414
654780
117430
851518
512102
629508
782812
177659
189752
851280
138860
491366
698510
852403
265767
911778
339857
785510
624635
421172
229223
315527
331149
582957
536714
278458
388764
307802
675620
542681
257759
910871
802150
144377
546973
660933
333540
659510
70912
853611
831894
213630
410499
63393
873145
892108
810599
647436
854424
801615
665290
238373
255631
264080
333184
596123
398553
782093
502906
945846
244539
793273
181608
51639
608463
775968
535925
536467
317696
822476
904800
205502
833689
637541
724033
988596
931719
311726
796953
327326
115194
941965
39476
40077
556435
606424
546675
53863
612818
866889
137906
463091
100694
874617
990079
48481
769678
573657
165933
286971
42730
98038
190201
448732
405500
777292
8502
42027
15998
164655
828774
391068
312784
431765
179050
523582
134649
244616
436824
683271
984086
656818
326181
948781
170595
862866
228766
131760
998644
535007
164184
727980
570198
479582
70082
80164
418231
711751
624931
796978
481189
737857
512219
893782
774541
66659
916013
451716
372281
179219
927796
871494
596498
567935
472369
404465
146048
219605
533728
830511
821102
257021
32973
721803
977168
106451
203756
347317
229268
430915
269885
443200
236593
363014
442382
151606
239520
436560
83773
194042
272522
662808
616525
230523
734684
678821
698767
759924
340880
914291
296747
222952
843138
801052
522122
964416
240504
929196
890208
598715
117436
518178
539397
171307
701342
175437
47497
45690
71104
238337
646959
907720
87217
940635
180711
470653
635078
614347
780831
439325
662997
256234
197679
798702
914260
790482
927045
707759
533209
66198
213317
928293
517785
188816
25437
559695
945105
174469
902239
731154
92616
42798
18040
527176
234579
123088
648793
790436
264688
190363
914266
580715
263212
810065
965729
362302
549237
872143
208066
391588
668290
547840
616868
409168
188220
334379
122439
708277
329856
589543
718755
35203
251492
291256
163025
496465
229760
858844
119623
276142
462310
887564
44689
889416
443119
562874
240418
641619
650945
832716
459866
110091
84307
521589
788460
378571
332030
572023
858363
525418
523635
950787
698570
637460
731203
267628
599443
163805
520522
891144
555478
86318
894988
885066
867007
623778
995197
678063
996220
96000
186052
22957
217410
832927
736780
519603
608212
430769
24819
832729
458772
583164
950041
390892
840689
454037
75807
362397
628720
85033
62580
150720
662734
556197
435637
271038
53674
211242
956643
295938
884210
605132
233538
635819
447896
412439
497036
868212
928780
783017
157764
579572
747079
919898
941204
904111
521237
656394
316079
921480
725966
357878
653264
179076
280461
729992
161921
65652
556937
183955
242404
216946
610400
168998
558009
297881
287252
971176
29656
573273
242346
66637
971678
563455
915862
840229
311221
832422
542438
640464
900150
197826
527672
429889
142830
840167
96554
87676
452792
756621
333418
831871
276436
925789
522396
63734
372074
756685
835304
21848
49951
832401
468329
11927
774769
1795
142962
82675
136404
451205
98967
943419
261306
631405
848361
553296
616185
363488
11278
853373
273435
585496
833127
430298
439495
688540
330503
721308
557131
832325
580127
50139
887722
769141
305148
466515
52618
847066
210778
14510
156726
357771
160815
565246
472482
176881
320305
975838
597221
793288
631362
442987
915083
485911
503306
850960
572693
742523
437168
487182
677987
146832
853694
340472
28975
700073
233797
455160
853918
830191
141223
600238
39681
918180
64982
606152
440432
455363
483915
419167
891440
898925
569297
855441
268052
199014
378271
109127
269773
800118
528384
71499
613757
203340
373105
211476
782978
401107
463519
811425
308844
774537
945049
970460
5087
831411
99949
463975
602749
321235
725980
538881
894947
945983
128529
148340
578789
819809
831588
459922
732533
443745
321584
778981
522569
136589
995025
832681
991548
872303
777473
480514
531306
992532
936739
533228
38014
662761
603532
195451
734357
620498
59674
747572
799570
469656
854022
539556
726288
371479
87722
920656
750744
53395
75846
183599
596207
875818
908781
661184
694196
484670
174042
325937
490547
212061
555298
295402
747725
331797
804496
258574
786913
6575
416160
542924
730930
23350
808625
932882
723139
873344
748964
262713
815893
356965
597334
219642
759110
433939
21267
62366
929063
72178
426905
997742
124285
523531
96565
227272
919926
43550
584844
456712
991188
821063
766676
18490
930621
59446
567219
692080
383791
990154
307774
25874
737675
63515
111638
969274
467567
934788
138870
799422
439887
264360
897697
937911
943425
241857
256379
160733
268714
327462
284584
511640
933821
220075
666307
717450
962813
52596
10529
551410
270629
462624
786726
621682
203146
547518
658380
466421
178285
582093
938723
189203
360951
691519
930256
979086
324905
689691
397027
196180
955851
255167
404892
634478
128700
289966
53913
436430
612161
236372
294812
503824
331024
503749
399740
751787
848491
4726
912678
330230
213969
66143
203745
22225
79560
562875
4419
509256
433724
215661
353223
439557
72046
470473
268299
507214
656369
638309
348882
308539
729586
184117
832411
488867
873763
540937
819305
500779
764955
386646
340159
837897
681229
473720
537141
431222
315090
792725
475131
391265
920857
907225
280594
42001
618291
614626
537313
677304
220164
919342
974327
524110
441962
971131
766224
815751
328087
270490
811391
333141
529692
774443
857540
29892
268659
842614
10418
970318
125170
364431
402410
714887
703303
404197
397154
56116
806853
474324
106053
359422
779560
359640
810727
976308
475387
528605
623920
252033
575543
495828
334286
847194
657190
543881
966207
362226
727697
989995
886410
801762
446017
43276
279297
841919
342309
328782
381276
368194
593146
427208
419416
52812
57126
302132
885627
24028
223828
250024
192034
548712
121335
877855
316161
991393
369244
863619
449116
220248
328639
103495
120598
53261
615615
520483
909845
383302
735693
770098
444586
371769
932077
237306
961961
60276
316266
8126
915735
283507
933012
12399
891780
82822
446944
779678
171213
476010
935545
548247
212991
138993
772550
103701
374144
129559
493785
371162
816956
777759
717560
395662
849766
283528
326516
575269
805770
484562
91147
15076
109830
139130
960420
604597
209821
21185
648160
732186
72652
732849
94552
625772
925382
475476
19207
342674
298861
817580
227657
926588
674998
103888
256579
827337
53049
475255
664805
212015
603661
94916
855591
485731
206445
808357
687
119647
28748
303185
66935
563528
261717
808981
459756
687178
971914
653968
863554
448079
265483
160857
812567
434157
548993
535630
476419
406729
209039
766468
438250
788674
928324
381251
816579
298031
425536
578535
531489
710460
389422
422711
243466
466073
830688
851010
281892
535951
906537
185500
711147
43646
814624
814502
609304
520336
157217
582098
811298
338945
252850
690677
992354
272728
615620
736478
632130
242764
416925
24704
904313
974678
232666
946006
380506
255218
643321
496899
757949
390839
148874
952916
294343
135208
43074
934659
867493
620397
660785
883166
380887
856315
911834
90055
316799
811732
248179
692468
865710
298489
630226
347198
63742
687074
391862
122547
896478
560092
245962
529066
668656
369677
401692
640020
31620
386123
3431
706267
303942
220112
389026
825650
234387
410312
510383
945596
29375
476835
182255
642683
128158
729477
356726
547954
541708
906317
136814
593135
73933
873212
269703
862289
497323
576030
710974
596096
298394
2589
432402
941606
83125
314819
68465
875572
198077
788509
459325
59455
945264
403680
918205
40657
930402
686258
904751
300145
336238
942407
14693
248943
418833
930424
794940
371634
594683
808885
197651
568810
316437
180724
526426
577330
202646
470736
305766
679941
939349
585543
285326
171963
318302
630848
885818
600936
991229
82057
288663
312228
769181
212132
363833
4553
455857
379648
743137
829035
935594
180763
91474
815399
554625
627331
737829
279181
552636
478378
836075
353883
254550
794498
765573
765209
462814
673771
6055
286015
761870
552945
596746
983100
738903
159857
211536
780331
324478
199675
357869
784962
230912
81109
372916
975124
49622
992738
807540
474860
422899
720585
814112
687803
789977
293348
621717
204079
347189
995605
304583
367935
613024
253388
657926
318508
248348
934631
714444
85035
763238
392802
448957
320013
16958
546925
253478
539598
777485
157647
718672
874611
547400
507060
698701
695178
502566
915189
152069
406988
227802
456341
45767
544417
468757
319430
59065
577703
888449
791853
701912
520539
970604
546054
1729
982078
963090
857642
691355
803316
412237
912724
911479
166782
979638
634306
63352
852645
827221
391674
975542
335860
431260
961622
439155
105287
247455
790103
816984
984468
551549
603800
277846
508331
109430
756591
80823
797059
767794
525095
901717
797640
124003
791930
292542
700694
68693
919857
914069
511605
85386
99788
950757
60990
409122
966943
129734
539608
366868
16342
609032
653312
168087
94200
627005
395579
71517
321716
279575
747621
117310
863165
428604
259585
109116
64047
9819
253108
802383
900190
72720
357693
173294
119719
381520
899490
747471
606910
718552
650108
125396
698998
479726
423976
950641
841842
811777
220335
884322
849018
586957
423940
478358
522815
741441
183633
164477
367597
194744
303040
121716
524587
868267
646349
718894
820422
691252
960938
621860
972429
69276
868146
974141
84457
73591
889517
214539
694514
868296
284020
602959
960542
259184
178858
788676
561240
445045
976350
812761
134839
465586
327123
653580
800502
349976
461979
849794
574243
953456
882888
483438
532040
17418
107798
231097
167667
780425
597806
497381
457080
599797
950142
415409
971897
149727
398163
757557
973344
906671
187999
988904
490257
884678
289863
114365
931915
800189
250950
281515
877747
925393
710914
665660
389060
661024
427790
19499
865829
957862
232264
244110
448957
753268
322748
611088
431365
875648
30105
671062
333578
763388
716141
818409
625682
318348
441900
35017
982599
384777
318950
386446
171572
607396
118968
882999
61240
84490
886419
913839
696022
273692
472187
782051
482110
33108
927511
609190
858435
604663
929697
577132
371246
640074
515441
425912
934389
334712
848966
889944
548209
637284
647266
477900
147491
483386
490314
149511
732899
768211
559215
453539
765978
116287
572643
540075
99640
729984
535337
102299
300689
87234
445675
322553
20493
823566
606575
11232
699687
139118
953742
582496
621162
26761
739056
989824
746873
909368
645027
555344
45489
810541
145411
161074
490214
658768
756898
416347
882165
378580
107117
276493
62457
913466
845521
128200
751147
383759
201993
746031
671875
594092
961157
762867
592641
781131
598798
692728
23440
515419
234916
387043
980949
347962
821158
841473
825786
680771
202861
19420
554085
271078
140807
388409
863480
786953
115891
71622
262286
830655
369050
259846
765982
624993
276345
737039
640096
272937
921349
74103
899106
679087
726590
389697
870596
606424
73971
620477
375275
403637
220342
826478
621394
550668
43357
307936
728706
425627
441748
12330
333172
142658
120503
260667
717173
273695
124416
739584
821787
812633
165841
730366
418760
147465
537939
209985
152222
652726
357915
607059
751901
788482
479662
132978
278422
983778
976275
898086
66851
753569
878409
51434
177306
738691
556780
933944
418621
751019
483842
127728
808342
264658
477409
836698
253723
325285
775419
713669
208450
815227
397482
324140
946888
559633
90046
457438
488477
911623
502085
630421
672080
372828
867918
904655
665902
623704
7171
430566
943142
823368
720087
265103
253275
284996
325060
487301
382061
255529
606123
569766
234842
904639
55183
611075
272415
298167
913627
764172
536531
63941
589118
983254
215111
447128
470299
791237
320288
708966
981723
801745
904345
639651
444108
654333
970576
872583
703212
788543
712607
89112
387543
40684
943287
974948
411376
467679
152461
246427
251146
321339
592846
741396
656311
188035
896209
86026
70792
89855
923704
69609
261818
257926
449228
148521
516057
826860
817719
590058
288216
444385
435002
471446
24996
299056
474163
970110
555272
714700
800040
499853
599612
146130
436007
295485
464318
748226
70856
465192
919678
59977
515141
570009
255691
794720
540614
833706
84077
12238
404466
35150
139922
55911
959157
530031
449632
682139
706066
576978
762091
165122
703830
372324
920664
879774
642
321163
138814
701825
561583
514196
949179
657862
429524
816503
471137
2257
951807
396653
290287
595733
757137
36575
777110
418747
83588
931130
893205
83489
365859
166309
733031
627472
457136
113247
749520
365796
528025
93945
596945
58628
73606
667015
512934
88477
478178
679116
991117
430576
626378
358936
343284
152458
228130
516192
807238
158317
233051
973340
114585
871856
421287
963720
706459
239254
366225
937721
149632
722693
372224
539234
50600
381008
537776
269291
881304
306690
480277
562720
22508
767693
99301
729367
888466
62190
965379
332492
164340
579722
14283
23456
387382
549636
970156
226138
160835
123639
785828
127304
572156
738105
402670
755081
594355
659403
582573
352281
708369
841552
847581
939815
746677
307440
240332
969811
956372
267823
474391
688387
190144
854278
68070
780080
384859
751627
683684
577590
290206
903102
588520
537782
142911
762721
553199
726704
901985
383612
26045
368380
237125
573201
166528
457729
272469
357349
337320
395347
720983
541717
66151
600832
938159
724015
838290
155579
744309
679514
78682
589492
779898
944210
346956
969641
459063
157337
802313
650286
194422
153197
685420
107308
42920
473124
18470
624592
521799
171592
438252
596980
724556
7084
690274
632555
186077
385045
228625
402396
133260
520733
410131
329290
656699
640714
925929
21476
702004
903287
680141
346808
894527
774474
179371
655686
187121
264670
412971
626831
549149
605775
499863
533205
286003
767603
547669
217818
525836
116827
235917
284427
486592
586930
574994
354168
507911
752089
254980
751643
375435
785033
347300
771204
891144
983092
421184
810394
878697
200811
776405
568972
154956
89174
297295
158646
252948
423377
671129
411202
533486
545566
862179
890310
519818
494594
444210
295899
59708
52435
999441
998053
152760
135365
115309
307329
446520
918968
752424
879451
275835
717205
801281
893839
705425
667967
589564
427405
590565
556937
486247
324336
822903
540130
581863
802161
265725
777835
334846
670293
345088
577383
146796
918672
908106
730331
995599
568821
84896
588606
922089
381984
729043
396867
72399
294507
661328
714156
521903
858066
87107
7309
956265
629859
482680
414422
90498
207582
281942
406614
828239
473641
314159
747616
299181
970816
298748
771012
839186
826154
792871
239488
876199
542210
371411
683056
569403
87687
975357
442301
814423
659147
578588
901195
893763
258570
810213
490780
570102
223831
732769
932666
140548
293068
450730
328283
539659
192217
720398
931356
149700
277910
52811
117198
429513
294290
994648
646856
790941
195654
580687
754642
613061
966756
235070
882520
107789
27109
110508
736062
879090
979375
21072
348593
356971
377232
461839
308705
808846
961415
122843
783074
449215
933236
441512
543993
479420
410448
767409
212255
417794
506069
466958
250135
782623
190708
611390
446766
62838
314606
753833
891748
821481
951995
364679
594327
920557
131787
658277
194062
331192
494554
462237
761318
538779
91307
936964
506474
527043
616665
441066
724748
613672
319615
482194
719750
515227
49893
748090
442636
139630
836264
691190
436545
563010
46046
119074
634945
659277
746281
820180
831202
733295
229820
343919
159318
257027
256815
733880
616144
262691
305493
628434
491766
522738
616421
319601
502665
826892
63969
773942
803740
692575
504858
245300
428986
916378
792740
407938
922182
353200
707926
828303
63734
326522
252549
778685
280116
478629
846349
945602
814502
248639
592361
444999
45446
634270
951200
738784
761895
595798
182161
174333
764518
54655
176734
936372
602031
384324
988279
631794
311508
298582
379745
139064
512306
182511
817898
1478
122003
930650
878642
36821
780710
115268
869307
427540
406126
474615
646060
973915
110698
730316
135308
946038
837027
881417
537725
102289
123627
699675
693084
879579
925358
275052
647278
723246
49489
323754
360368
680273
566766
927966
237105
201990
924547
177582
141623
293527
280994
43353
398061
78815
746647
7563
309560
268402
861296
343804
394720
852592
256838
15606
706200
656624
337156
206995
615646
283478
602859
243604
140204
939056
450775
920975
832365
734946
155312
666152
426862
153700
236627
98256
800354
833706
216422
401191
556742
42761
701459
629025
716318
744305
964144
731556
194529
403317
124729
460385
149030
938087
767524
423177
953015
210892
135041
489686
84680
607324
147916
843068
262463
423573
65233
531281
579830
687177
501719
439981
693466
830628
813013
89474
241397
753218
548537
611791
383773
373063
770813
720731
969249
429643
312186
628296
774000
651497
278005
845789
400586
260374
924592
767329
542908
120176
829160
450852
438351
898187
143002
289307
389808
228908
280157
912111
542483
249251
354645
529697
626304
257239
904932
209919
728164
690676
125586
409507
853502
156032
723281
515547
383236
231162
187323
595583
892145
284059
411630
742221
542239
724667
480837
517547
24382
5145
736374
387158
735212
52811
222948
893101
244830
927905
55497
142847
94414
672475
961939
269809
545105
216369
203037
975043
167684
463519
29332
819710
309985
945822
542197
971521
635887
524
154134
866698
728295
861677
597664
988605
383728
476403
888780
344470
341288
289817
435184
261838
167089
465557
99588
874938
820887
4354
753311
740473
823891
441886
527567
842596
470292
821534
233723
398418
669669
840070
902635
312731
9441
99816
262385
454191
286976
487483
537713
55026
375590
711451
179610
217332
232213
825933
30926
827935
957851
789095
77040
51424
624282
513396
761141
282884
360757
219538
231097
705662
319645
486785
350363
893647
143266
871723
251530
943121
243631
772994
386347
3362
377358
439128
821427
866962
555559
569085
258664
626512
842194
389211
995720
174618
809719
213845
518453
501773
174768
943687
883900
333050
989817
111014
278071
190564
12512
958631
87965
859366
284592
503457
591017
538226
512532
810968
181147
724674
463438
914283
856154
240661
320069
148942
725686
979707
292719
326277
146894
583041
998650
796383
512148
197593
674853
117770
186731
318046
535032
335023
878874
966515
779996
658452
409616
400614
74979
801993
981059
786856
975454
701365
301440
287217
180865
28223
778984
465221
22427
636168
697032
369848
518006
437246
310671
554330
455263
828985
356018
348897
548926
441993
368785
953332
177776
314679
375928
94931
415814
856766
418766
280345
908697
648814
342440
862170
109300
473083
481067
158623
444382
24685
986096
266452
807258
815649
155139
386938
111761
353110
67757
642340
6399
210747
926114
115891
930386
222355
962007
714939
477415
410377
79461
653465
40556
106720
816525
60769
228941
555679
602649
272207
731976
253529
263771
500117
437338
419696
852685
999698
826321
255377
578255
292278
714287
905908
486992
306957
600607
437962
503968
229831
856799
942593
681240
381613
356159
960663
323076
676941
864388
75308
978476
588556
337158
215418
445713
607186
2466
770808
232103
492833
341973
650439
600311
669837
837634
805184
432523
154794
277661
409654
788939
223732
233801
905203
696742
938017
428313
87491
121132
832931
804956
240051
27462
834132
255373
436816
751191
382367
679451
371099
67124
810930
663205
196090
358241
586985
857985
522655
166993
2514
826721
55332
412012
434959
877947
276026
407348
79934
40410
157258
165421
383436
403052
784890
505879
17289
863078
949407
161954
223428
203185
992178
688318
33850
445250
820712
989887
315363
266012
609335
460375
871497
869869
349355
763814
648002
978036
176009
739844
784994
315626
498431
281553
439705
727094
656449
595894
878191
811648
318751
99247
582696
452689
192934
663406
397482
339536
698681
247380
534612
961117
501792
744890
924123
203540
41568
730797
853593
528595
867131
752112
36384
908090
669500
125061
367531
330794
518684
603315
402594
385584
500860
655446
538512
336070
135664
420315
80795
604
870026
288003
186238
771460
197636
418282
511489
836624
772206
930407
921232
231980
30483
271369
721745
898728
850834
420089
929501
67900
511330
545125
812169
130074
357235
780338
859278
938350
679341
499365
128329
527411
777910
71545
480462
751998
434367
309060
529105
411160
594704
505244
164178
373875
676037
434586
431056
480376
137552
271350
102113
122234
484877
390647
646577
820208
755494
796727
118080
542859
717717
304200
512142
112390
756770
4301
320949
404035
743945
69093
322895
732533
218444
655944
599547
944251
798388
69136
253264
516824
803286
863226
431796
519593
17722
151533
822099
241017
746870
528457
949860
615223
792944
542028
216758
608070
331096
48459
769897
518197
728715
132089
28190
170929
927854
137194
712164
662014
55965
264037
903226
701000
928395
722062
322817
272380
842461
979525
417568
203669
854845
562677
897950
985512
237074
715715
401922
333626
180114
411246
297261
931937
44555
725745
592999
644196
497857
619321
40165
296793
170799
126057
15689
920464
944778
86473
253814
810635
735050
548298
759791
876395
460106
114226
463955
970236
268537
429029
399792
502667
551859
197345
723283
406338
302409
592141
609276
31230
934716
921472
43353
233308
309428
450543
371480
780959
73315
564690
115271
863313
406138
788726
494677
714905
134660
479969
76770
698570
116964
267378
878673
241253
314985
592884
465748
156279
813075
321125
275674
819195
697190
226374
158635
521413
668234
310977
634052
540274
7159
530952
393838
36129
288253
117201
721309
747500
325787
931987
713765
16910
741061
309977
742128
913348
728430
677884
957297
995316
841243
57983
781259
602926
67813
884057
525896
831303
711815
719944
496126
562183
796701
52305
325779
208772
814027
609967
655957
374554
88392
461025
656309
391486
112674
840584
930663
468673
705603
670723
526909
779414
520883
536219
724902
331793
9257
172920
752456
40370
685083
627369
782581
996187
365188
84421
329076
171755
280237
817384
95642
549080
399476
725267
983532
420427
705318
160203
502946
746622
646665
378073
815956
25115
935590
342670
718436
493103
57191
582333
757769
64116
401361
643887
888596
681015
453165
37623
527615
955074
814301
439013
736042
101318
791509
429488
197854
563839
172163
251315
341411
360243
924110
753183
143895
565493
765102
860149
5812
166497
446321
841839
210388
994671
190466
796415
320948
438979
531890
694756
827108
600423
449300
456141
798926
266621
401626
986403
325125
237040
833962
865648
121499
581386
568204
422571
735559
499094
337497
232640
414755
658515
877709
529445
786402
580790
333493
128081
723445
403075
830107
480277
415182
215187
503869
108090
767717
312452
75889
233554
890333
313057
160985
874780
752514
733555
577722
626062
482719
330797
962251
437252
242026
173891
568188
580114
724571
596993
177454
485467
729792
928840
685977
972361
782027
644029
501503
506523
698474
972848
339980
543194
321263
292487
42436
528993
626095
365016
35960
717933
886611
234509
211353
770690
463975
731080
403417
352662
68107
819140
531120
585916
982765
389936
956936
943987
636819
294741
152566
578413
554904
119966
97327
144314
31957
882405
967933
446511
789718
904898
715950
112980
677596
744856
806842
664271
294139
209587
846895
788480
15666
705108
562044
695433
942131
815384
293925
204030
507002
62932
513686
319089
450942
428105
388652
297261
797855
140528
473117
176012
694342
186592
478913
616024
124277
516101
292831
920854
604520
391433
347428
433711
549056
48972
770546
896197
424569
9537
419730
998703
749066
575564
676294
961144
466107
42638
974392
842360
334939
845451
562767
70699
556208
949854
755356
614677
418411
590221
804048
920187
377671
166372
868667
872265
595305
75403
868303
706925
587161
651639
124012
957421
40492
799945
650643
473984
723451
174912
795792
246532
767372
64982
430700
598682
959233
366960
151894
788513
697177
711696
523781
816079
872530
992848
797281
131545
476290
916363
2922
429105
146078
571003
590873
935625
122739
552982
965135
110283
3040
610966
929529
287319
665313
927051
578762
701687
3222
613773
12660
849038
299186
949855
722795
968823
573382
667900
282456
548636
975364
929096
481371
497838
868423
594027
69814
982514
658282
928051
359640
533050
940687
773494
59986
936112
480514
723473
77789
601605
184139
309405
934901
930160
989951
387452
356433
980652
281599
360181
652954
789242
288188
909975
2200
260620
728113
623364
864067
416590
416648
947855
801428
842364
397553
829712
777500
2224
476086
240320
799907
183370
183331
942398
726830
810232
167351
225993
950845
512080
285570
180464
685369
588357
698911
724214
318522
439464
20432
257051
486430
502986
640834
163663
849958
990604
75762
687850
491934
321532
339170
955987
529928
265368
437403
686666
29582
319467
59122
111104
905593
904619
56914
70801
977468
238102
503209
449511
571248
661377
18156
237642
558312
623967
102281
62964
41801
829066
867092
946459
860382
671523
522758
494353
500343
967104
39001
188738
867516
497924
364147
771801
225643
294949
990150
144945
377361
52152
475160
879946
517687
301082
220266
98467
270082
102191
861763
252030
608284
538492
666353
202117
81233
823248
131933
239326
699936
295751
31474
104601
975602
71957
511312
828357
600897
245808
767608
556035
657603
537621
970425
174654
185105
552895
642290
208663
308548
888589
236228
798553
109047
525598
244305
233884
416419
56777
754336
982448
507402
409136
216557
468963
289439
861140
671037
814592
591054
585100
284978
406277
99532
512561
274651
831643
278622
186730
366728
197042
231186
147873
526679
816690
208521
424739
149642
11252
535827
75354
803598
787664
309861
488452
619768
289261
927550
998348
311358
714275
34900
39606
100268
158265
690671
234032
283095
544110
883838
374097
114242
453601
552148
426759
23859
347022
778770
412396
737186
337714
136283
359147
843866
170028
985761
907972
919047
813304
277061
943404
469164
18341
879559
968454
722156
996096
127881
454033
859935
496893
504327
481386
186505
403416
505880
525798
436103
711669
703843
491670
774946
460607
45213
624573
833677
933828
408632
848109
912081
45800
880274
552844
668507
377028
679427
453143
324152
327367
464917
117759
480980
638659
712366
512211
533490
896915
538993
846082
653005
53843
136395
549628
853693
842614
941387
848441
70587
55509
822666
307308
903343
116586
274312
88719
378689
990093
474376
343164
684707
517002
42531
607492
178841
865726
89515
804710
879844
625274
578694
340557
918576
255816
602890
376410
179185
999422
635967
14230
909099
344581
190466
115829
405257
251345
603972
893695
851093
64560
383571
542425
442805
38730
694196
788217
171615
427642
695789
932405
122727
59021
547281
996831
262572
478209
767110
479367
339942
98241
950909
992359
134742
332753
737127
524272
165978
488230
848888
519161
422658
83097
400868
73930
969983
407807
378816
505252
862752
888927
847571
641720
112639
777387
119173
445014
660985
104341
636202
973514
883009
339401
612363
12472
158028
10846
189318
289691
131046
752991
87245
524101
252716
484332
144183
460497
375048
289265
256388
621062
733448
379026
169616
480068
217660
39561
3605
478505
521365
8022
518971
254530
397033
105153
384406
99840
795435
379831
556916
542202
307058
368372
322364
241955
269802
412190
462310
412676
522220
197217
637417
215740
927298
800307
864607
540569
115689
158321
761960
716261
131044
348515
722040
397878
70122
611585
251861
355296
17671
828581
739227
278151
977840
936209
542900
880687
566248
704128
649227
873192
643410
643185
485438
433801
569095
640691
233531
479194
318450
868759
647004
712312
704634
786354
564878
578065
117850
229639
474525
697096
750013
649229
908151
644517
135413
872838
448088
67448
559362
998119
645928
397616
148446
715983
873134
91494
736193
356813
113926
487990
816460
995928
814325
323539
616363
178913
542144
748554
310402
981085
616349
182978
192635
170700
916626
869411
331249
246289
598794
67782
515165
299571
163242
191121
746404
234884
584391
722444
421581
188958
222640
114878
150190
114299
671062
915176
760289
570977
47284
351078
295891
236654
782886
186919
299186
491291
519396
892715
862765
178311
687024
79518
88693
933645
429435
393696
826900
42201
900639
743583
481371
47416
961295
781519
270949
505852
544210
304105
709982
542202
346185
724605
399503
326277
461659
570673
647314
922523
344371
331148
136196
114503
347899
755443
815399
815198
116950
213625
617787
878062
662631
575886
702605
932144
312463
508859
913045
994792
687897
705341
950521
445021
102025
247747
711495
425710
244253
305451
940785
90866
946331
126474
376701
10732
403024
25776
794100
680374
607080
809719
285972
617462
863057
765741
448884
345856
424449
42293
496191
594672
297510
225923
321646
337138
778044
560943
178448
220144
172597
61922
73699
721189
814909
193085
57522
719044
517422
976637
168619
931874
628130
756233
405023
632250
895786
723989
370647
459267
823107
523904
162042
786453
502779
418698
214966
979552
227500
195815
907140
849106
555863
842842
753909
208923
228699
853113
932891
422243
726063
22001
500223
889363
514128
923270
284683
83570
108179
80576
785261
616491
26764
602014
510383
551257
93761
572642
560831
688779
16889
262320
943161
945398
387103
351518
39903
54146
162599
432038
540249
62326
919234
666272
530883
679612
446454
504965
566801
539202
30709
849730
879371
587925
736643
550692
984600
469038
640142
844479
165249
822106
686130
762206
223055
799956
818352
894062
430441
760133
406675
602386
755584
721282
61194
858739
125543
326315
44566
444769
469560
770544
475063
376756
773353
10475
640074
808340
611353
199043
243766
551837
964541
400969
442200
177603
245982
984842
778923
525834
209425
238745
271032
958207
411005
706698
336116
22146
308332
152949
345434
384686
763461
712996
139983
47593
593717
205172
252097
339078
450410
610119
483529
377883
575457
100131
850167
846255
444597
604420
332030
463101
398409
804924
539576
71542
660014
937899
510196
373729
889468
27878
117158
276630
976187
626912
366381
841274
549630
446401
248865
507211
109526
223720
371979
602092
876855
427988
922899
279343
232665
200229
830974
919407
151350
462865
275674
539709
523596
198450
321920
804250
401852
631875
152590
244073
270754
440569
875681
686928
403164
522554
172877
554195
836098
827635
275130
260225
203091
11346
89063
994481
505505
92925
814888
986639
969961
938228
962146
185019
49306
247245
895648
85887
778226
970207
305954
92591
861808
514200
396289
554051
865808
563216
344087
657667
860634
284544
660297
785758
179119
30198
760433
450543
205870
94676
411518
397241
886267
457921
509803
80562
887389
635473
181284
68787
654305
820104
95378
495910
651207
879743
955199
924954
108637
277402
304671
108822
724029
454638
972665
806239
430964
533334
127157
982434
754795
943142
343808
926569
250022
549964
957552
188529
489749
594428
898958
537075
791214
283342
297024
414110
507316
106328
792985
812427
366498
662854
480128
500830
661357
460393
62365
205540
783303
176981
72638
157330
92540
305073
512559
996064
977124
829664
450704
470999
199874
519169
847904
819333
142648
550630
363331
639110
674287
919435
908882
584664
526099
391605
40302
303316
974001
256134
745968
126770
270877
825959
555768
205373
776722
97394
345738
266497
908630
902315
250134
905205
807487
495724
393074
807015
703571
750363
492861
575466
258967
530217
393611
734378
759803
88076
584694
922190
639182
952264
813028
461298
622845
251205
561307
892560
645764
346006
212579
667689
656669
286599
302466
995917
23230
166872
254634
779053
310836
659062
859397
572581
506873
848819
441321
959993
412049
767671
4614
739731
529576
803622
726124
157022
960770
874935
680307
592847
582478
27174
829325
443585
110917
493833
988773
638640
652984
241514
260437
438498
872697
200172
656828
421857
241135
830892
739844
655757
163377
645168
301733
832769
38879
563084
427901
137848
787728
30695
622107
898278
293851
892771
663866
623445
402926
152430
761424
721823
637292
747200
977192
278308
66584
599023
503985
828639
305290
719349
157958
59664
326549
554927
367306
265395
131921
312973
288081
632280
793923
205629
973916
608994
612032
651067
792397
722130
561658
754889
601777
541093
526423
329353
702268
277878
431635
39688
657761
57181
615389
762730
184691
517766
259259
156759
703331
373832
989928
315398
667728
840395
978176
224987
743227
405005
951630
517120
331026
182716
504678
832950
973071
928993
819624
252923
677086
546221
514610
25850
218610
742134
87223
450749
820858
502357
95080
453249
720024
667845
658810
478527
324779
60776
423487
177469
382017
929433
980149
920945
378563
235234
544319
955710
380685
404728
446104
585111
134584
79114
340314
970081
749119
79307
856996
908299
432610
24265
197521
166923
93131
331199
732534
344353
678375
182204
337041
783722
261513
529150
941961
968807
265848
778042
596147
274617
497750
586162
284051
341913
417618
853745
172755
560129
544305
706750
209605
522455
720052
86982
249309
809218
155309
169460
145411
414231
653263
785063
367104
400894
875030
371984
403636
426043
667369
704305
930203
733154
45018
936581
898314
520997
929320
369693
990739
38922
149388
550685
720983
809250
275263
4004
427571
151046
132768
204568
643403
865780
785085
167318
848734
440547
89850
892730
285137
456604
418561
797925
633226
113454
204183
555599
52080
998224
586305
807149
215450
752445
642146
733930
870635
613673
52735
103393
793201
528698
301553
123180
528599
824577
550252
734421
77524
911010
181745
201498
5630
371633
224418
347728
354309
139147
437716
297089
362063
263766
706989
384957
825906
18806
895043
965860
842114
134516
176364
439489
965611
951302
110758
75986
902005
461096
945696
305545
423940
479122
276590
628933
347140
681188
11674
585410
54432
593208
80665
395836
855318
497739
485326
961961
852720
989208
397422
836864
181173
922508
936161
949629
753470
507316
505462
761223
26362
813354
215073
418162
753
328816
69511
77696
745585
793162
870073
121729
319649
223055
575116
634780
382082
582761
561454
114577
262715
930297
150141
548815
766076
966264
364733
45280
798132
378107
13306
44570
415143
110484
680700
180305
465805
740787
935628
882795
410309
347248
646615
990940
744557
61857
4084
878796
24077
805430
902307
240098
607968
661436
578192
262899
411592
5701
110334
265393
201335
919847
624618
865818
896893
272736
528064
365663
567891
685476
9597
432158
351605
902247
492804
76294
663512
912036
410640
546399
177832
673746
777242
11794
936519
279936
471744
252253
512316
910096
388270
455981
707393
434109
314306
971603
842066
650977
533025
439389
264025
391197
785898
816813
495976
839293
884090
451682
333191
705729
796307
538913
768769
290339
600235
970439
438034
589009
349614
217338
465927
158424
908975
172311
988666
179647
72161
47562
707357
38206
181299
472691
96131
216363
80452
147686
194147
72626
222402
107268
9303
383153
537476
331029
901768
360436
317585
557371
963707
120024
474140
208519
237211
748372
272017
952773
680134
691960
412724
194730
753018
693058
287573
848882
26457
335890
704877
807382
575663
306052
432353
656189
667500
201068
632192
174018
256415
249853
432863
284259
668059
15437
697198
553952
607744
53123
226616
226521
36244
113600
545859
196313
645070
515516
504904
866922
669300
347256
105004
161620
214096
586246
756739
865011
879325
10208
801593
935502
418868
921490
653848
556205
251064
701630
82927
873219
958236
330137
934191
840028
825394
341607
898635
209016
550504
494233
771730
327806
788406
59685
933179
178946
890323
486761
975578
252942
248725
139666
566485
525445
644948
356360
25642
967081
35995
967505
78956
766170
2263
105339
44849
945695
898959
221671
874945
936586
475129
550755
348662
297245
381633
720253
299197
483203
765952
45940
840983
732692
120241
52054
189769
633447
394824
364492
894888
5567
307899
669905
706318
749333
595190
366804
333947
414418
276949
642153
103374
444143
195322
711575
224913
122303
142388
796025
842288
477333
821021
795145
600108
185913
833067
620250
988484
395208
564561
181950
309407
13422
899334
992436
986923
710488
587530
630676
272736
836999
52911
196547
380153
14518
273795
706367
33632
406509
316657
421592
871788
489112
893045
360910
689049
660546
951224
974849
199457
931495
783702
890075
498959
178848
878785
299704
235016
994036
620780
548415
611473
879227
402032
388573
917907
453298
292720
603937
126394
426074
561029
264937
799176
263005
99600
144176
617032
996895
234916
562601
954106
640631
769463
581334
373939
682170
751375
505432
537816
179808
565198
549493
902640
303626
106347
341331
647331
50115
322308
390900
238206
365683
277602
7691
691177
929431
501285
612540
56046
602284
321371
507346
47684
797637
717286
961085
56942
933435
288847
267892
642153
640053
678777
570741
124908
172806
3486
297497
519182
677978
321864
408049
167267
917572
462800
319597
451786
47469
806236
445683
865211
890943
699857
911908
528722
732565
843356
972353
755686
263196
614315
536671
878393
330534
10494
451081
372289
348683
792600
458867
512310
290560
387787
582731
275537
745061
626134
691002
818751
871569
868350
900581
209919
667775
386763
279469
591050
597935
261941
434158
985338
630712
201876
666878
977125
811600
154187
391379
595417
222790
671471
682114
548376
767210
450373
435525
538
897886
294875
968786
25811
286751
446033
221682
680840
873498
104690
172484
324229
682874
185537
682139
767984
419007
399544
694393
484053
236095
29326
282432
840456
194199
181310
171173
342265
888647
77243
580361
611737
441168
536537
820912
633877
475075
181955
356378
669114
697473
524874
909712
656218
224819
788676
358416
729116
751240
620522
323496
815193
761443
219358
579008
224825
83063
637182
185595
148930
66026
189850
131187
709986
576918
926395
252154
569681
184232
369801
578017
38630
571791
363744
766502
256135
774080
493162
12544
436400
24405
764850
396259
537141
989204
325363
94979
220087
229785
46983
489832
666350
416363
514780
286615
33621
36642
783420
580585
908802
898504
926051
604231
709538
585968
396470
85982
846871
110814
13007
68326
698607
257001
849594
692219
884744
340208
15856
733630
47718
544522
777365
637796
81378
755490
118138
608928
355826
17851
288398
328747
556321
293655
975124
9564
520104
28011
94356
131278
174564
498934
824318
589869
849609
378229
847376
170692
826084
402794
237758
944667
672068
561346
467957
951998
753535
736530
903681
506562
264433
788846
787180
230436
444704
595359
37326
871104
579045
315376
473163
304054
425084
983325
868836
968660
283208
975712
435414
336015
107151
362260
42650
705777
831988
119567
843035
263452
850202
504257
832101
615759
578157
162998
161478
576919
61832
96133
778042
848428
738752
115281
650213
629508
53406
199783
170219
796432
185356
120960
983191
279398
644003
383965
304806
170105
148963
885634
112774
756925
769916
972635
359240
97410
348437
22471
234661
734718
414893
391730
928550
179611
161202
954948
600581
242755
65640
829075
882760
271990
145747
975075
603514
318551
814962
653010
252258
687458
887260
256962
940337
798493
938054
900861
771002
648492
563758
414571
494353
752202
576546
890500
422960
431240
803585
313699
692945
543422
973840
549597
794170
305449
724730
637670
580621
706750
48800
359157
974507
905271
449984
340930
768113
448854
717930
474199
248922
751712
386480
180303
684401
150631
551921
42652
955367
928201
988241
904183
867984
648894
275709
533892
964368
190742
714226
791122
942686
648668
176430
368529
872500
608881
188875
760058
749486
973116
513179
554960
559844
574194
766690
76000
680668
464331
30990
956972
274610
286401
782504
589543
118226
545300
666206
352036
916044
591296
217902
887122
97380
522786
279591
559239
338969
775722
17628
218708
792931
262341
760133
750638
256420
690686
834974
383770
281124
925322
989163
925042
646943
30103
759100
649244
133072
737101
734428
34476
321016
495454
189984
267693
543210
466422
341698
443516
778292
621768
6830
551931
686100
168401
242702
849275
88833
839871
77962
366960
91875
493910
447590
808936
903515
934854
712462
57991
123938
472609
587040
253404
565584
610182
330288
10409
184158
397077
30467
548248
242317
163012
812270
654424
212036
605618
776157
307861
761434
692816
166049
243066
827635
851559
957925
966397
859936
912460
435153
174028
160036
172670
906054
439277
254619
678453
499433
548262
281265
466918
62215
390876
804856
575397
12661
597163
251259
464251
854106
739739
25555
761899
294627
872177
903147
405426
651575
707189
126661
998878
753888
772699
453076
312147
129215
682844
246848
47434
908822
665076
372477
65905
791546
598383
53991
944928
939060
853601
685756
517856
23534
893931
917999
472442
368895
939030
214439
795806
228812
805937
737104
454097
630243
575815
631371
283649
217796
377452
505277
498024
677494
772221
4405
194973
516284
582153
252807
130613
101675
923939
469894
537284
763854
209243
995061
878027
274027
739495
711560
762421
468408
717851
404245
32098
786081
578575
384216
197456
61618
930591
420928
105235
270845
687593
380933
23795
564652
329899
351003
340217
3631
524204
769551
298639
431240
616729
521797
623714
483011
269975
270790
21784
150199
857844
921160
229190
244260
850892
582807
994825
837106
132211
67701
599916
632095
689733
398599
225184
6622
919459
377720
292466
918283
746314
716154
390753
793199
827055
387144
825933
123671
891149
342453
155161
907290
619842
887512
188424
490568
360793
883726
18894
728818
946843
666140
913311
624523
313810
391459
176801
653306
634330
316513
464304
805912
890416
674270
93228
416072
865899
36154
345877
64794
650857
833836
443381
676011
514047
966257
699841
202944
864112
946886
722997
780366
909912
632192
178758
89994
492085
628747
357722
123969
988273
242096
753082
387308
294831
721513
982462
842545
545073
150712
884662
658144
462759
201302
798173
737142
819596
208026
894621
761366
971994
808343
69569
260797
124403
413485
46677
541977
481229
842902
1074
724788
122468
831230
368153
334447
347816
707940
482817
180049
31269
586114
436323
407033
118328
583951
161137
834998
792494
214693
875372
552182
311333
723091
865457
195001
777843
531052
752668
457136
77927
768307
288790
197204
246792
290561
148529
558853
20195
982338
281466
224270
682057
905601
281776
480298
251091
529845
476898
397990
621774
221259
785346
980283
511369
716232
961800
952938
488003
541007
188301
28697
450380
353711
441794
650786
979100
659417
3443
870389
216676
781746
379649
966997
117391
801042
799974
435601
18226
196251
900907
418897
986174
95076
787753
226171
188916
441326
538322
940037
339053
239347
810409
162613
465387
522043
824596
903816
617642
951903
380725
243976
987654
198067
593585
397413
699075
517816
729758
950036
529489
453608
841110
687140
229992
179591
92724
193206
63797
13598
623885
64053
249283
832468
564362
572341
560513
51239
914283
512486
480831
524388
550066
654055
297521
875917
711167
909213
216862
132320
313344
93036
184807
388485
314327
433228
489044
372164
764296
778643
351780
96741
712759
70250
306483
727704
250132
877255
70599
642535
464407
464962
10745
928946
432769
113298
363599
454996
47698
147508
238041
20972
772894
48046
123676
825312
647192
688771
832292
232234
793428
49385
851126
961515
982698
367349
571951
560372
472907
924709
527496
114171
43366
415217
852991
705060
257281
245011
824249
643390
866448
241658
708509
19037
380044
773368
503182
619096
86918
726545
510145
356159
577336
547000
5749
416089
411533
461173
176137
429956
496271
596673
939738
269911
41308
648027
317437
886364
624129
847695
236691
597350
150662
890993
307229
224413
275125
155057
292140
423592
387201
127595
153084
904502
55840
482686
407418
18135
853384
559709
23960
110719
792586
989634
778929
837514
787709
673915
372204
280815
229504
497576
171910
821019
482452
878564
695761
597339
80504
330033
329150
698119
11131
766170
345752
709050
150489
387926
255521
352728
602284
552306
572415
56805
112079
819094
989029
385377
232651
364815
722637
377281
416265
644703
169482
172307
126289
969285
703272
923570
870145
285524
287817
908047
385801
222644
422221
279488
649948
561537
352023
283657
757881
225287
862827
873162
704423
993100
213328
136154
989920
255200
508047
906479
124410
72222
784486
678277
984498
933805
914089
631905
141060
849060
350582
862475
290028
366126
86598
521226
529141
121173
586501
469464
862939
817708
565835
514006
31825
307634
959867
990912
53395
699080
881715
592687
126396
718340
197271
904396
722381
558278
956630
881079
292393
207911
476431
257528
68106
214162
401742
422243
321370
695245
203700
220022
155038
601345
898087
932594
665976
727564
514002
133637
634963
774517
43912
471663
582943
278870
434308
313303
575011
10323
401737
861503
760572
521879
665036
828028
822061
399232
122256
750516
852261
587163
655324
278484
495651
262392
546146
258373
355415
239506
144024
76510
417968
166604
371884
275657
918981
184360
925466
876604
459828
678553
43272
1197
582124
807416
95007
639201
685517
436426
126060
83297
933963
120204
229079
558028
595095
612007
988380
932085
533928
540965
742566
455385
507104
887012
922304
187033
596541
754154
61298
647109
652560
153555
784663
988657
336696
146882
868680
340567
181490
966459
409302
447152
435764
150230
987876
385847
84486
163413
817785
952837
330550
78180
605802
388365
314889
493984
145673
870249
764854
88032
223604
592857
860783
295271
285053
395203
551409
67917
101203
907896
963197
41896
438502
861504
54099
937767
232244
604920
286093
511005
545156
378801
952543
493963
701373
640967
59282
774972
510398
605949
38505
195083
352103
993226
357622
313183
974519
665902
256073
170040
99830
957130
215278
860108
505359
513228
998244
962956
822582
866553
289030
31287
637590
855977
268305
1347
868390
904456
154487
260149
467179
321230
894340
737380
669727
553036
829474
726897
944728
486181
879968
339023
520973
238698
825657
327426
927151
758301
293028
550288
669491
697311
982159
734335
846485
211538
158258
778135
667463
257170
473485
281136
705093
541299
241095
602076
323459
824615
173977
881951
145940
812451
574594
271192
175329
902150
968902
840787
851518
109092
820527
380961
192225
933608
338610
856821
856530
577074
428852
248186
60102
636229
465327
46572
92420
829687
767344
118125
926133
552760
937505
719263
97277
963928
438034
599516
495324
245851
76415
860760
727990
387000
894277
171351
378739
957860
704754
205983
365516
355348
948398
791854
576792
699924
754896
626517
341687
343450
295972
942145
290127
19947
977312
578573
252274
345964
189207
400334
343400
194114
489608
924530
897282
418232
776557
58541
750080
461514
748991
224369
29486
750034
227911
706077
6931
168714
347270
941937
763288
81987
289336
591667
37155
190953
769354
436514
872553
451764
963165
602098
993347
240684
399115
546522
464801
24051
559090
77869
879391
281244
809439
906802
443685
955492
744168
826996
330591
704184
930666
798045
667506
371203
86635
873276
294012
501439
961581
942913
763001
255736
63737
569238
479386
550434
232306
428823
549119
616937
21561
685666
424782
682832
750110
51672
569160
64407
35879
836977
439298
813584
234075
804103
210734
579915
696846
74066
992078
893551
599837
368976
818347
360130
426065
710009
823103
175926
550725
953173
36918
875231
173207
25436
22129
967604
689166
570819
16679
729628
8456
932461
444151
841846
935926
309523
933182
59895
902048
284292
831989
620980
896267
751438
973393
712875
96352
855142
65741
600017
762416
437227
906184
477652
64343
987388
156238
48981
252497
98563
343754
691463
451843
143403
156443
610772
511859
669301
19562
396591
990339
123708
855533
123378
350383
684527
888428
562719
550186
481816
260349
532692
181305
11146
986995
910077
208168
273998
455518
886999
46332
514508
653244
885424
815973
721219
867420
928370
238925
92842
86429
72940
812407
831488
262518
835278
865088
312013
361666
302805
584044
68406
192294
953269
832287
689660
562457
437570
378347
326832
910458
143445
840312
190166
409755
368808
901554
415175
511796
872513
773038
623501
600504
717881
54355
299897
83343
666878
883285
18502
817989
171615
107989
528367
362112
908868
115044
3883
143504
379371
783018
764309
617318
826972
432863
662958
104151
43276
447810
563744
16362
396324
5743
445331
793706
382408
503692
733816
51009
927966
128611
325333
394586
864289
849489
848425
333618
433503
350022
568684
372999
389113
803410
336820
323948
998374
384441
493259
721901
947790
571804
939477
259361
844352
929424
895697
779836
619738
767898
865251
861177
518010
536194
720159
220170
198023
948791
963610
997388
913185
997440
280402
837169
483395
487265
345959
466244
945241
766946
862181
86560
618435
394615
529957
902587
286353
786096
900534
901835
830703
310241
853253
872924
480212
758410
360760
264548
288249
38888
744317
729826
266263
994489
415813
206692
760448
449416
420928
189969
872706
367689
1406
501782
114173
617774
820694
163404
70005
267460
181768
383939
473538
559560
179664
304920
859648
832951
898930
108151
456520
700230
156115
70762
710607
517810
519976
395332
300204
437313
262531
34294
626348
712045
876050
922919
724658
204074
707003
613999
475249
369272
971365
34819
731732
767213
775419
496940
222865
13270
616433
547160
981706
341541
651187
184898
631306
488258
988703
505538
277979
428416
130002
126437
838657
65433
473585
97190
435067
108459
445960
613526
427219
4645
9700
260048
576546
338642
927663
132421
568666
867960
939355
991174
722018
311751
937561
545813
959443
452968
249354
205410
924168
951291
749203
144334
458131
389782
814737
381251
920196
572701
105537
63661
901283
749979
697451
378951
646952
97394
50100
48801
433429
627904
833060
500983
358243
73547
191479
451634
89691
529745
977468
31333
382399
655951
818546
404075
755911
180014
66550
443591
251052
305022
799886
220857
408531
528332
406320
515418
353657
712234
454552
292408
452501
431220
912674
380640
122197
196026
293663
882601
739415
263340
82887
874579
946954
22161
625944
869348
554208
884681
821707
816517
812670
486070
523521
188524
106140
249678
369210
362993
157409
104966
223654
349886
891168
813827
925592
259878
549494
247963
592106
473243
478405
549726
279042
413461
363483
75769
585852
659176
806047
786595
512316
869047
740154
17196
367878
508498
784707
424641
875801
704021
892971
672960
778661
247322
962121
179742
713887
187560
226644
734379
403125
50085
655608
143403
693198
390223
603378
8772
98104
722880
739777
330146
370895
598498
160480
986748
484104
360667
387453
92557
624028
427093
75247
230376
623499
997777
573783
968195
392377
581254
168053
317876
749050
833934
628001
998516
4429
804105
997566
813615
557384
893266
886755
13941
674196
19989
310370
699677
866524
38105
739565
848487
593053
466674
103625
41902
437003
409652
653432
728114
605026
69657
259156
683660
410811
462690
463145
971483
114060
626669
960104
135190
779693
752059
773858
320534
34951
67426
66730
328532
592177
688841
902620
19745
154698
297134
549675
426056
992282
692845
956017
443378
698837
625078
76162
856353
742577
327453
829201
914127
681324
329548
208258
607369
142027
456105
271722
462864
972167
292745
174856
304703
480956
484854
94043
303641
333944
501150
821445
426984
954677
457241
120710
577699
132131
415646
124125
725750
882882
934189
714676
529491
574625
883295
512966
250992
48884
404281
276985
321713
946526
650108
535057
7999
946514
160587
983302
243371
822574
348732
929847
450616
512741
927039
539868
874458
205020
876210
384213
381155
63578
786055
713069
232889
218313
307823
466462
777821
307320
509161
664854
360777
704513
745201
740361
417964
851377
430012
252979
904854
873512
140636
735316
671173
412336
428011
313178
557165
590490
868373
288410
974933
302152
579279
262814
551859
111713
415134
530030
360179
410528
316411
956305
360555
381979
415907
256686
193372
993935
82533
893098
504057
4762
811661
719294
421446
914182
408763
909732
297786
245011
586167
534512
673630
711360
958292
596111
936631
408139
591648
352426
190142
18386
267455
195150
445071
46131
502677
938912
674384
887463
214948
360697
499461
87701
453667
111457
31610
584479
926690
430754
658404
587592
917289
818995
532502
977676
640923
15321
840580
349936
960605
272513
178557
316253
970936
268997
614893
8878
796342
536730
977495
450656
753693
501238
783496
92572
61878
962215
652253
996191
192818
292448
577006
168170
660781
170823
436702
82269
792324
892937
245987
739776
1542
735892
888337
202641
566396
264611
893776
817700
587279
823252
330362
477586
707518
284541
936553
791197
297181
775943
273334
392583
334852
25679
474601
488989
450237
903003
782702
930364
425480
752521
5646
184185
971337
387971
388759
325392
79467
855389
534340
306136
265787
492199
715923
273399
418884
599751
172032
423775
36273
419759
159921
116298
726488
552013
839228
740683
991920
441215
876142
636482
679629
272763
462599
825222
511726
477069
872784
119157
17048
593382
914953
771403
568628
893945
588075
510689
724389
270300
711000
492151
781167
420622
377301
595897
882153
731518
609626
93388
226189
324071
500341
963093
557085
945044
550513
609300
730074
270569
203023
408509
457855
613295
265689
638144
778031
202835
177476
25507
573060
409706
355772
169523
412167
724061
910463
417104
412152
412683
636223
139366
664850
424825
32687
564909
836896
238494
565140
347694
698416
813658
754013
571228
382307
897737
470600
630492
741303
224929
910882
951225
327945
992686
920301
187049
17463
581018
741485
448874
982825
955367
838364
389891
830493
360308
482832
828820
941802
504886
483374
61170
289401
543931
636809
284236
291592
130991
573415
792654
427980
969169
334515
996079
36671
809180
860108
254880
984776
652346
802956
457730
142840
480055
6080
362298
623308
830271
165997
479947
289466
379316
970678
45747
421443
235019
127257
136818
186349
794596
999849
420581
814543
621024
685478
300298
91648
577795
542261
778317
796285
510103
572727
414855
929058
644663
495386
776239
20045
255541
807950
255370
782023
887674
743538
782584
135201
929988
804320
164550
479897
634332
274877
772003
703331
712889
143603
173296
899104
242921
846537
542782
202515
305956
566507
766417
130768
998947
802444
962903
242280
14382
264374
791844
911451
449990
106734
269684
468913
5485
876424
547157
248857
152682
226073
91237
890174
43881
904561
412388
453922
192754
210524
53165
820473
755911
46183
834245
367753
148656
403718
176658
503304
668325
900231
352340
724130
663749
377840
852057
541884
692515
577300
339687
207708
892773
897271
354991
124741
992161
294367
71725
559775
135748
66913
725524
399326
45525
663435
386001
88518
883640
426805
492554
836925
168325
539270
274603
977722
714221
445442
536210
725137
592639
436154
378717
437885
995936
607258
900986
872532
