581016
783580
529978
772824
54939
675900
242452
555822
914383
634731
514852
301639
589613
773686
592300
132673
737730
643495
963873
551925
428401
149752
93261
126653
13526
674224
182384
521397
323319
785904
438101
144457
869281
74831
93420
633505
646911
548544
9455
950904
475386
796726
502669
192220
1758
489556
810605
265731
5010
330854
699292
827473
688290
211198
617290
551387
526195
223707
11932
517425
464721
159921
842348
463980
758387
85156
750273
727462
218363
808331
611126
222920
397635
914860
948048
639207
246172
25409
780127
152649
398062
938030
588542
412455
876242
320593
968278
617657
670080
368200
949804
559292
175984
474745
728883
118176
31513
785282
724082
266290
497202
73820
566658
15746
861811
64031
438497
914809
219926
626609
998728
143509
216325
542489
941365
351893
242202
695638
125126
560786
583275
662962
494914
263257
208366
747541
20409
709837
249573
249286
33011
427960
166525
747258
247395
931116
115116
380819
783146
54818
474157
456514
932688
811987
657145
188818
125236
866840
220755
490671
380302
132832
264265
599773
900105
644178
594492
767750
463600
927929
998503
433187
694085
218143
445999
97048
122786
484631
30895
494990
932937
18060
12846
318874
717190
74287
73478
531125
165831
852170
92687
839573
297389
888574
425551
201442
75781
955462
208592
277090
63818
717350
958725
409972
769190
500867
490148
335102
140253
557710
560668
66449
613668
30896
610146
534809
933682
213162
924407
674989
605082
839928
950562
118508
840117
160421
834138
300887
373147
739903
59851
807673
729484
678453
468437
387095
531074
352415
327064
853578
399855
211899
403502
219738
902209
797796
125200
373640
581625
368203
578548
260598
565974
686856
888396
894446
589111
420959
645042
568566
523207
82333
631782
97652
35633
412747
879750
324701
709061
732323
405738
885270
493628
74682
642817
757835
54701
738791
348864
542617
893882
925567
48472
353161
883093
165973
516500
226869
778831
310262
267085
565956
565852
778728
556817
694810
59984
645390
916340
390654
420858
417574
577243
524277
476514
485685
552727
427003
76663
323553
429154
102779
482803
576368
928543
303811
208242
426148
120430
163025
571643
4692
142654
163674
719625
700907
292703
874053
427400
555328
123893
103059
701305
286145
160770
550829
211133
13706
872208
126353
75953
792873
728261
673900
637104
157383
930623
326655
761821
642925
710928
152157
242407
531200
819121
698655
774223
890687
309877
