173248
741062
627426
972832
174331
804349
863492
743109
484650
368983
111556
947975
649965
519203
343488
556506
639934
445640
792627
246661
346885
973444
573730
324178
798161
207303
77827
875362
832203
240596
198673
567182
227768
392873
758294
682760
415577
246295
420648
609540
665279
769625
713467
279483
894807
328269
695056
48801
473577
755227
893000
172856
381570
1302
230580
136156
87500
323286
633914
85133
181779
923910
567798
832775
360316
679215
496857
249232
631013
931794
226631
629379
258818
5405
259088
138566
712417
107507
792090
740255
613298
329223
594033
252580
712870
472162
631002
690090
472169
76587
599975
73549
502814
826387
167415
862759
319563
164118
464957
193926
464745
405326
524804
322793
577989
936380
735068
264303
722275
524843
50518
785004
164512
61486
623804
299386
714006
942112
177051
757088
118842
309079
134019
939712
252562
60507
809219
114522
114663
358069
619736
104368
490567
374936
385120
378833
411424
788409
544023
94627
896759
966067
939815
258056
151555
727241
391942
574251
310865
244618
579636
535035
331218
754978
742638
834970
183438
437097
10270
957878
635698
899737
399535
134478
949347
529753
859736
679181
499958
338915
460008
705875
510702
144745
799927
994710
919509
887813
110403
867752
827611
235067
814006
254426
484356
777228
545967
324018
125150
862102
951920
571117
861622
895325
705009
736506
506904
456573
896022
76245
205468
927629
238925
745670
461549
39463
373422
347131
209781
324781
914751
832034
559801
523652
674165
969462
437918
922729
709068
663271
162512
128950
490132
57954
573300
130529
803355
263210
257434
473673
77073
538257
876353
281818
982805
94272
897683
80734
942685
329459
491880
506363
810798
663761
297089
889356
876362
341033
740726
928486
789572
716600
112041
718583
245442
402026
687858
842289
508669
25422
60354
474352
915701
548322
541459
563096
361129
979211
904990
648566
316295
904967
361679
319796
956535
596806
518350
113155
408975
418332
617992
445758
641677
112026
218997
919197
956314
771512
337727
416763
687844
994916
328072
914069
258500
142713
515222
361994
31131
149167
303250
768328
784022
944497
740466
383904
706312
510154
80059
181264
167188
455150
912877
611116
507105
454624
895726
767089
491506
729204
194810
288450
615655
821831
166857
273095
767598
134049
66793
474279
54936
745452
539870
816598
815600
728479
140182
123462
961858
152972
195973
510147
340740
115440
322909
884402
438077
533525
536718
528748
53333
14719
423816
580824
114903
760300
767524
470771
675048
891554
296106
448195
160511
686622
484505
654197
489128
614278
430613
724345
626606
266356
630891
875142
280731
830580
876858
672943
674220
998623
127553
83333
378145
494746
935767
303587
238050
591277
419804
870270
771361
638831
958939
369096
122222
965848
760516
432250
347075
106379
103182
960965
715861
236633
248433
157786
532803
285009
952204
48193
713552
826577
664766
172989
954678
76469
743543
689726
433200
26826
910839
544992
574539
858902
50622
210314
948375
510828
546487
297149
104458
124684
937337
567846
598420
986175
764435
807053
70710
424238
231748
278830
583567
544150
964458
878054
775357
340318
418276
267938
794879
641493
924152
416098
236690
274802
857716
170640
34835
528889
408982
786708
61111
565710
824306
877412
836690
145141
369189
134630
871470
27629
279948
960416
395829
250712
159540
790693
64214
475977
253230
300748
17855
56749
121194
347006
398533
604929
131161
101290
295608
214182
984831
205883
321419
989620
66103
123183
345846
82947
361764
70927
31051
380978
935110
571776
204158
816467
563
642831
578243
486109
717945
617986
558066
601814
895905
133621
177086
141107
400280
273421
112457
998117
225132
523790
609401
105360
12920
590371
620987
787016
402944
78741
689344
934289
939551
232788
231349
438851
485430
456846
284932
361765
897487
300968
476051
610716
987492
828447
846664
23635
287373
635643
980392
413345
695371
148666
897137
818009
92143
26273
642286
665806
895440
681449
852941
510675
31797
507688
295816
1111
685621
209639
956420
966421
107465
589078
460719
507334
794753
954191
399849
757507
733828
662227
601644
850123
275125
808653
281264
58786
599331
25766
190595
194356
667610
745103
40459
629137
301838
13490
915294
237093
640425
440590
737962
949658
611146
47457
466006
434148
379392
868604
530625
504880
412830
258998
500618
530729
492935
614462
920284
286892
551516
554282
104721
813519
870450
120882
290138
317535
355470
412643
768364
174689
253000
804590
710602
632702
82801
66066
394108
60006
621471
295783
418461
398354
330830
520088
147249
907444
820216
692951
686817
480366
763162
767491
317440
63289
710959
564369
402239
312958
307776
886813
502215
151084
447274
210857
990633
429776
302605
37333
184726
37405
722250
52572
780763
875497
182050
132360
935510
266982
480454
108636
671721
414816
973005
112489
642206
245767
581544
603061
555422
953165
783859
195469
953363
78146
462570
559655
170934
430799
966192
882105
467738
938089
95066
311171
687377
603589
985533
761364
236668
281728
768895
215744
592641
336554
759763
575554
180726
720221
127851
822372
715600
942530
319857
65924
338544
468769
495657
710744
559860
403716
535308
990348
979072
295241
990282
615491
578637
184598
130681
268159
846824
221434
655194
360816
764735
577503
627119
434118
616848
78229
153848
246335
310133
737048
432872
644413
895817
310776
149144
210220
449038
630313
469696
301404
133791
447564
877263
347044
703823
172243
465875
594379
917749
273398
478180
190124
898773
943351
810552
463147
732341
257439
628338
127649
407438
554198
906130
421300
955615
24721
852387
175675
338291
264243
850474
405689
54322
907940
154302
367338
910369
778775
815468
340107
889491
36081
762121
944097
49353
984870
932906
455448
112381
775269
702701
302550
452224
418601
890826
55692
611622
98361
268107
628640
346641
432590
339355
1416
978175
52371
611633
282140
599141
984177
876251
61406
413398
46790
591413
198108
627539
727488
268765
656180
534712
81880
349550
33072
819778
324961
458582
488899
269633
365559
28541
627487
601033
102295
303175
570089
725073
871492
268620
558904
234230
137640
377523
402818
3629
615078
76543
988665
756691
451942
20117
914242
195047
506534
722174
79515
27219
777363
509340
606765
553691
236430
8935
3847
70691
375930
151355
832947
108127
890273
274130
977323
27441
91360
921559
188396
400974
779032
621681
178568
284646
326767
188831
96195
100828
973552
596271
974850
266926
279535
739384
129050
72584
361237
775210
944530
679072
963364
245078
466318
109213
927739
50675
775776
211245
615084
249201
489809
124885
432472
580794
51281
596806
574346
117105
676611
475741
807421
817281
172810
951940
966261
884960
426658
778500
273374
407191
739803
345029
85155
30604
881811
609810
651843
561338
736822
994113
114717
70378
542994
732579
69682
469181
207164
554963
525900
977299
204678
578284
710600
263036
853879
119732
888440
290787
222337
523811
119616
598407
675840
882289
919218
604666
538597
584236
842261
481842
310622
482065
340528
30543
707090
374017
195395
881545
524641
202259
455246
963233
638836
699234
26974
379853
762479
141400
727951
158629
195780
614324
355388
620156
581232
282982
445649
991100
726640
574433
480679
414018
352862
444788
298349
892445
772581
824671
799027
117801
732023
400610
956326
427382
286438
48275
26511
33277
680983
905019
767910
475878
632082
416251
284873
474031
239474
616039
240476
652542
351512
405195
500604
200074
286370
887372
311789
149119
506184
452340
864342
893458
695383
366870
15362
17789
637765
652592
399769
855377
838376
668775
817340
501650
246500
318535
785223
102500
620089
430899
108125
169883
291586
528346
138359
310042
552286
666552
867852
426178
989578
611779
730389
772614
701292
273598
453344
194328
261780
222153
861427
384710
351688
914933
327802
109400
239387
936859
400535
937013
494225
717066
273006
512324
528380
911836
129708
114542
325103
931731
110025
970112
891182
656047
567753
617234
510464
100648
499457
458766
453569
146655
794758
255720
685480
4304
681166
279797
601282
30563
825559
518266
517369
969535
311864
199436
891951
309404
608205
333823
404203
878393
210516
963060
617429
101737
469745
88246
742247
186753
575620
23361
411937
174980
911695
482454
680317
357457
483503
548156
617337
712730
112060
294982
322488
995493
551212
314247
172761
80016
527704
262022
9058
905006
115876
811139
916698
664086
860700
140380
460276
514042
199038
705652
502913
718063
848481
881662
18824
702876
219557
610983
271785
269487
412731
182310
187311
760938
159287
165550
120312
80344
327027
349108
324807
208969
470872
355112
106607
138311
404193
187470
925409
285403
983372
131849
267019
716186
963052
502481
698608
502225
855663
572405
740953
648670
189041
997903
261897
951851
481731
674829
125984
626537
976477
75592
472318
699090
318758
907813
729053
10746
773451
57498
797637
112884
684735
481836
29308
132794
863696
952626
288506
557328
163784
69123
853505
953123
965639
168198
500137
150017
602409
94321
253664
961607
231955
276493
399834
405433
14310
330152
319205
523051
599663
556459
635896
543540
286051
651820
792496
10271
875396
42846
756585
240267
733164
648548
770174
500673
304271
592174
470868
962385
596666
967278
325410
194614
162693
996368
697993
833894
408827
500013
177289
176114
390255
834214
336705
453298
232351
684514
366125
124759
962584
450356
626456
709121
248604
754598
32396
126689
421945
723108
296609
736624
502028
700850
62803
908447
109643
390890
684869
184046
762170
129069
848705
673995
884241
864422
98334
631647
467775
103718
41416
503707
438544
844958
80220
480063
866873
315570
138647
327922
776546
260529
194164
172662
609376
35598
578547
9830
716532
408918
99267
280198
405766
461339
669238
558205
942677
826025
335974
459811
264902
357972
143595
389603
786900
100311
584594
855904
902859
544849
670695
347034
992541
471215
860671
122387
416497
777643
51571
325129
827355
872100
235988
910812
485645
684316
246998
239487
604628
670073
278493
720348
393056
465549
774114
715142
823949
830323
8860
725295
979133
853338
593928
106413
128069
215594
327572
591266
709000
580069
755040
72742
49235
634652
929231
818474
751381
948037
127898
871563
938533
935950
719724
821315
984996
645115
628669
141947
837524
896134
630907
514446
933163
381964
242846
527509
433257
924804
183280
534887
770849
427619
739189
105668
496960
497923
119434
942976
761422
732646
995256
209429
367048
341977
962571
477115
623736
229995
246766
332280
462136
786217
861017
895105
406122
62586
261794
885114
300842
806216
758621
793972
764595
285403
549316
584804
398825
364106
904992
413866
664335
990164
417343
211753
470010
411573
101948
671199
948029
779573
567091
187258
378167
744194
920285
564035
111873
539672
511001
857703
493263
617878
945809
61360
65942
422499
241333
445818
949909
391024
814648
632542
997928
543640
829112
832750
661300
58498
408124
170150
856734
720792
379564
425545
966303
202139
965925
919811
792255
978437
534223
856347
908245
367321
696010
187522
248791
240207
450414
68028
663179
444114
865894
192948
28912
32754
652064
703578
583086
6043
992853
642376
962314
242488
524957
912353
648940
322888
857098
714488
414649
739008
543723
335144
849526
495934
92369
603791
939395
226535
8255
475155
692187
958598
697590
386716
645736
402192
547968
959804
354031
288904
67978
921079
669559
529687
638557
541869
104444
728714
684920
380088
334953
619113
372251
689755
428429
460416
369185
442022
581207
156716
1245
329010
538751
602394
400837
333854
697649
966782
77645
548039
376365
986396
218772
394212
852209
742197
122255
228851
697775
186243
892494
711876
63530
809891
519172
624894
156584
662404
551610
257990
166281
130580
253452
618763
231423
867376
142271
747359
215995
541741
627864
511600
661464
344819
960158
867031
13365
890274
394248
562068
567417
191354
225591
945901
259884
973032
453960
153899
473438
964975
599496
353042
846107
760359
436188
487834
408414
204790
559433
319065
364034
740908
286398
764862
277590
655144
689410
121083
954999
955879
697127
253154
517175
339
587749
115629
424423
59894
396397
322659
15475
905270
286809
214644
277224
909628
399664
418007
452868
428876
247073
848470
150923
126269
189329
128566
983114
684851
271870
897726
500354
474045
953148
744693
165923
678745
457678
904249
464808
317973
24851
872795
992154
633482
576116
501926
48149
527603
440176
551128
445377
683395
137150
828658
506669
843242
972965
639159
520538
658429
591748
181412
724715
575204
909424
816377
198684
413052
25217
799296
197075
994224
285576
764222
177469
821456
586349
43139
925506
657551
460486
438945
971997
949036
293401
172367
860674
681578
149298
10257
433715
836136
76462
52281
742578
210683
986367
204943
896139
658493
871026
546956
719646
283846
686590
681395
108777
622317
841614
117987
927006
534079
531744
695315
821962
191598
134745
287566
745808
315090
428593
56762
147807
994030
903759
195050
43937
843340
312610
369713
996006
84598
555914
505453
169763
495089
452473
888038
557059
577104
892146
744687
168244
849565
263499
722505
390813
300613
694680
743957
41176
194355
614359
48891
276704
248007
193504
73606
816865
487114
854136
763284
771590
268263
775669
15760
866595
549627
899758
19349
550830
803124
157422
374433
407652
627568
81792
22598
736135
789170
324036
165707
154858
385290
729646
349319
719183
934243
779082
574118
367981
650081
666303
338258
27705
892264
163434
361658
425819
61615
540683
822783
902014
54228
965578
34997
426946
485740
998604
290758
890161
647340
560452
313714
872011
363969
699840
699035
814199
690472
853626
800010
857705
780894
843742
392006
120902
995280
67449
559378
319688
847134
400833
743380
892043
881181
260011
424768
700653
236018
353294
902937
223796
634072
696278
975404
214400
309711
473932
415679
948234
166728
710668
516243
319581
52816
556091
283556
519751
32735
860855
618423
336345
668905
695853
306576
458065
231207
823235
336378
600975
397046
955492
634194
273816
998498
25827
100066
161498
880065
201115
211962
233224
263784
337815
88256
251617
262150
3252
588855
41292
368480
779689
716473
958911
520133
363213
361252
195318
628457
953870
435698
673083
778743
152176
990264
736267
189653
518386
350433
127964
538664
791995
225816
157162
723640
723648
831267
409447
584584
802237
446709
198209
506661
936973
952782
324853
998764
849473
771756
462335
685596
611448
377026
225922
688466
893040
50190
68717
642548
891410
223931
566875
128632
9559
247329
56227
275134
848499
112974
585530
48957
85938
101866
960494
414791
929599
861971
419128
826461
714619
797637
620560
315668
59531
137175
290093
689223
901566
647197
174221
542890
386343
295245
965649
29917
445312
617390
247152
37877
455580
755484
154544
589241
190500
636926
315216
771478
638365
979134
879517
855855
638020
941325
756224
210727
618633
683386
942700
307565
800203
691477
188794
41337
398958
240143
305482
687414
158379
64890
425788
425541
962538
667477
478888
212598
645445
765897
202502
911121
368725
608715
876871
506247
572855
654747
633928
385367
86298
315967
655095
191641
690222
285094
890902
218358
818306
359548
136703
823299
300791
290004
491147
4431
575596
358601
152568
929042
432756
635649
784248
51641
442909
752750
694303
552230
382206
193739
265434
329811
487475
891133
441449
793794
965643
928108
654423
966418
26950
28690
832834
278620
116413
54255
640311
938163
338072
873786
305359
542838
677769
683047
778048
340126
69934
954347
786181
234832
32747
192466
814291
53151
762827
209145
910953
753138
371908
983487
104000
100165
676150
989321
535217
315458
758346
481660
439368
864112
300770
482980
119216
467882
153685
368451
161146
122861
256631
636955
3542
722108
315256
405658
616500
105599
86518
517057
994939
12558
384089
245557
351660
328026
216133
378652
188348
700299
803575
117817
584548
988848
459696
390619
66816
916270
704259
944887
597964
165718
678022
356341
523143
824880
875472
558902
171597
550015
301992
526155
646913
502128
250907
180309
128519
200853
905367
141594
765193
373314
68984
337146
768001
64822
891440
786401
826568
498683
653648
635562
80153
312374
311061
488698
448462
281680
179165
408976
2489
240829
98768
906746
821917
380129
466164
393346
707714
469998
393317
608006
713985
176913
629550
625125
801316
314626
108114
849602
259826
563074
831874
883821
589988
4293
12927
592121
79207
615711
410838
697979
663953
273566
702015
241664
569070
930950
432541
581935
192718
761643
510040
49039
28151
102288
244283
587745
879442
887305
273976
960602
535114
600182
530919
244803
682551
754589
996346
312820
820498
705160
606669
853151
430977
645895
871598
971997
830665
258252
70875
897923
630126
632512
908203
630213
223925
31284
429856
967165
84340
375219
764331
735502
249517
989174
326721
309603
908531
861282
231096
696569
719891
164274
358139
619397
826048
855530
214356
556166
725501
531730
975850
217167
849242
558617
624505
971622
829094
167803
143910
912048
909493
572964
217787
686556
529382
483335
29263
698083
737163
416985
21883
45812
864114
938254
580090
242620
346732
26260
107893
2317
300113
94083
208554
756291
735996
92003
853859
144199
851875
278409
189569
335107
656528
353358
782970
251332
316688
57747
42500
701471
247532
220056
161511
395773
58341
527684
434017
562303
263541
782737
226792
913738
134737
19663
919671
826375
883245
191514
565435
264337
523642
732246
470571
749859
439473
699017
851984
647905
503152
442467
56158
105552
237446
842726
990153
15175
99057
552580
115110
666878
602079
521264
886647
710397
775003
556533
978404
201075
162951
349829
532718
951941
870965
586735
612943
40462
199529
610131
515746
181573
428320
749016
36886
683963
160744
679500
872123
195531
114598
683182
243863
7676
952245
287282
904791
132120
124382
943200
723954
558824
839895
940390
860497
78354
897638
787443
81938
427153
386411
888425
604945
970473
667427
306123
769681
86587
789345
3270
421551
710793
273059
789841
231885
660193
643865
936767
249765
440495
718893
492009
158301
278959
746455
100750
485147
168019
189627
924662
276961
629845
266785
390742
237287
9290
559830
310169
932006
941650
767843
812349
994030
459369
899096
936192
357939
567429
376460
534884
652054
172642
619799
566327
183192
627579
803521
456861
644580
309018
609711
535910
830528
225713
588971
855633
782333
580523
656416
353438
103674
174449
386870
533031
393719
616838
774466
67342
402907
242317
172235
388682
688289
89967
390999
579453
218878
472146
722160
401281
813657
790959
402903
84882
137939
429925
783858
957175
194760
440978
571122
726029
470336
523515
568100
446941
836526
227685
919963
500694
331932
955430
23960
738898
229405
858950
796575
279336
567361
522276
137468
244045
736043
97067
65769
265865
555258
726985
870487
198014
499356
929189
465674
338453
449002
777020
457263
607471
690484
805800
965024
16483
520363
382972
719489
668514
301887
476974
180160
597481
117080
38783
90541
802597
635552
905990
709393
681652
869361
480075
630273
804483
273757
660954
976136
708019
530210
203053
753236
858623
754857
408139
888651
327960
502590
324358
261684
58552
121678
143275
410918
205210
942692
738323
712158
171874
989017
250721
92674
833072
726868
392411
743170
523306
23078
571047
636125
978811
371338
875818
35632
501319
943336
751477
843871
387164
918726
199578
308775
86838
970965
342169
78806
592418
253137
276944
905623
278573
510504
557661
730201
366162
461634
207534
684465
679088
792879
64919
176677
86307
73631
912657
389126
270478
623368
80950
493457
515002
670121
915524
421125
73762
398875
474403
822340
164945
729954
335375
508955
416800
482010
75521
856018
349567
997785
579025
384618
988819
283817
110023
572735
704985
134417
269886
87495
774229
190982
179880
397923
763523
268031
759361
765076
540979
292845
75694
67097
604890
457123
49586
492292
324522
378214
14468
153450
269809
493420
452726
291258
496076
250608
325819
133346
804688
988377
389897
505342
676023
671225
651286
7894
10381
486546
625798
230616
326778
525985
57716
453945
838838
527091
848146
434738
449000
733366
147845
11340
354799
683726
952667
182648
539779
94047
635231
650100
843303
449441
29031
219130
67768
229924
888238
209517
698389
812385
837062
795079
770438
593459
892186
747019
644924
416262
951171
618031
168773
514652
277552
805039
328293
411764
483253
972492
40110
955492
3755
49260
126266
778550
869788
310340
745637
510258
53217
861767
769133
595294
565512
989573
784451
572776
955111
765737
108838
857672
522879
543004
40893
411985
788626
327039
647806
315199
766469
403035
598379
589292
689361
181399
653956
995123
411084
613047
337751
516988
193328
575740
809640
675122
86833
168490
563272
194712
920255
609412
356070
858668
46815
665524
217086
64172
868305
816254
43371
78320
135681
778913
102675
361452
169194
165308
164663
362700
373028
806639
301619
747498
381621
421235
216772
696616
846461
1457
947197
666041
17141
998875
715897
49920
614872
479202
610062
187663
434670
782269
331045
911933
306842
330875
747066
555870
244089
312563
320793
890713
35565
733318
398352
412222
104848
530915
683925
858493
207107
911712
621624
418563
429384
172254
157302
544084
597190
242
232476
152176
937175
677459
498392
417999
712026
531110
143786
66490
654377
812587
199610
393901
254712
775787
143577
477015
748987
217793
390316
678336
30711
937859
742961
811354
656661
485809
493298
367181
429147
341443
294344
687991
248763
755817
897441
498596
666850
138484
864703
32752
539976
155864
549078
604655
626221
649818
388990
741894
23354
465943
186320
480277
893829
591142
615381
365769
402640
409522
433000
213150
705822
726072
498891
823478
837062
862259
173064
796370
758129
922582
206767
693695
159709
563604
779567
16218
9925
56684
931060
760780
220030
835041
585542
685486
169232
901658
919732
715193
273071
329644
749547
455796
501906
294417
157178
573438
801585
318148
501060
584414
223470
1770
87183
671981
441039
735083
276977
604015
550272
779354
483800
192950
172989
241048
563606
546120
218276
863056
516340
391457
542627
116942
883097
350856
717872
444899
161475
813763
226871
873071
791359
444537
54692
444600
588423
383896
525613
159697
597566
376506
740370
968308
199291
380656
526201
763762
548609
300176
613416
691182
531956
696278
796010
749233
196591
437303
255812
57138
374859
337270
554458
75125
644931
725428
170057
40167
341507
385761
807399
630468
168207
817847
317688
493093
633405
366052
29234
245832
141633
261939
294571
989293
815285
661921
658566
948916
855432
861922
701357
987605
536803
859012
236165
380489
415968
846274
528779
435485
582583
333308
529539
995907
133432
5428
595573
883418
636703
618834
189687
261936
879078
788973
582884
866296
213942
528155
705622
912883
572775
703018
980630
904030
930367
727450
385864
68282
820715
731051
755022
911607
338207
314776
743190
53488
294173
524145
414268
409416
825737
138692
498392
185234
344464
523560
958261
918991
684877
904579
408553
52392
711845
33864
138068
66497
583037
259772
589978
298309
469197
384570
333886
398960
69123
868535
797455
478713
332023
527896
391561
488495
955845
444496
599017
840912
637044
103990
1264
673001
464853
874747
600973
667818
566146
457543
481489
384481
323422
736084
219639
982593
961972
848099
352997
946338
849402
539914
96626
571194
400774
415819
198124
10011
864825
918968
253022
718426
139323
46378
566099
437227
21955
452295
372920
794267
931923
585406
470864
800833
655061
145768
658316
903898
1309
597782
673969
696301
269674
847460
784270
18178
699827
609351
640533
328146
326042
463586
355388
396330
741239
614756
257283
147598
847946
715139
545289
479700
476293
144263
360363
109077
968411
369334
42373
277045
589471
723851
484926
690748
121816
326662
319622
322659
771461
486386
992345
582626
19500
999227
295800
830602
673024
337961
714778
719373
610560
137023
686772
147487
239328
304742
700544
678334
949934
403156
348387
736205
768297
468798
837023
433179
540003
426805
743719
932676
709703
819917
607379
765839
321417
10988
301222
942859
804063
908153
915910
302039
153950
185246
473765
145698
396744
911803
281144
168606
700319
966651
729315
972739
214145
505764
300068
184822
853117
759976
940411
940634
270030
8706
443705
604608
520006
784501
874983
393764
187391
502864
205634
964631
110451
705558
869548
512711
318115
711497
443707
349907
580950
691546
998355
127232
656129
665523
395614
613432
621427
966493
725852
853840
803726
271595
397622
5436
191768
931522
347246
63576
763768
127799
208819
588445
475141
354044
510768
32586
712749
423826
383647
893700
915294
852004
64623
401638
27153
33437
374637
233577
759919
463166
248281
180085
351839
15896
159842
227941
354933
710525
119632
23387
677715
214850
672377
262729
711945
624759
933290
429934
352430
212950
595916
754936
36910
307293
378913
690612
104298
618671
607386
420443
120277
853555
696283
540411
88234
178171
704480
192056
522836
399351
41356
247894
21179
170008
879220
194579
68010
486458
703401
649595
830069
916022
831251
422699
397373
196860
722074
2305
25323
904179
690527
766373
695783
797371
550507
919040
144879
683312
689020
748172
471278
855700
892320
105985
501418
270160
108589
239570
556974
280866
525102
882565
701797
407779
19076
206155
645239
131947
297883
567586
823096
888896
943182
5224
784466
17746
786289
10963
651238
407737
731081
786831
861518
760962
791827
837855
616919
961013
448664
789532
912778
346438
253927
333115
151217
457678
746410
325346
19595
204632
148046
7119
798044
506965
13955
296514
442397
873689
842442
354587
92817
945499
324899
49236
628476
346074
479206
198526
394559
975299
397992
694684
78430
157252
158005
898676
931715
470393
793546
862866
995934
35589
898685
289758
521977
694511
95905
263211
906458
634345
960520
765822
518646
32139
229613
166704
515435
331535
756776
426662
943188
524944
662670
932619
645013
750361
334896
48866
102965
387341
63763
233978
497008
129952
965522
972877
943952
257510
941270
887552
969238
534262
550876
481234
532667
145603
710602
694712
757496
928330
509964
118428
430825
197551
832892
665437
835545
270887
345197
931731
864096
972468
391164
380804
100713
174328
12126
723197
281857
587896
285896
689223
450830
206429
628926
114021
546218
273021
742331
538550
267479
925310
239502
128851
972056
248097
860978
909598
400090
916241
744031
986058
158864
99592
746820
978604
806761
468363
436179
703898
249227
62332
226381
137016
682420
835373
875094
28057
363900
723025
9405
388934
910094
641825
700579
891358
154033
862254
616446
867518
178272
711196
92093
191234
621077
58978
158995
32283
335960
243105
111529
300536
393084
640923
250123
437545
121557
957404
525301
459418
315923
204221
77417
901956
76832
678761
81149
32676
936176
340297
885869
92467
954289
94773
408617
108693
133999
809809
853730
85841
662064
517994
127879
417079
322725
182076
90658
671698
870568
718954
214653
623846
487221
744788
45477
371773
460911
118150
228302
965660
911125
706639
624395
2257
988943
822831
559465
767831
703731
25399
55866
138170
124396
168336
914586
662165
949900
231106
59400
210985
573803
534168
320803
490402
109727
786895
772157
821218
406343
838852
792555
192272
570038
200623
394828
684081
36019
118468
437257
580765
625808
208243
491650
137560
626754
965702
750147
599040
82917
62688
310281
988302
425863
735540
259156
956215
406611
324934
363868
491990
379935
860502
647319
476817
116089
525613
217927
582050
9960
297393
468738
357377
680511
469774
121484
231679
317818
978374
691277
237067
82
816510
881811
63060
186540
734892
213487
408111
207663
712148
776107
739497
975721
490202
420591
474579
772331
696992
747783
202672
950102
667248
495877
121985
935427
577942
327740
549523
908090
582477
379399
919197
406529
392502
938899
83661
713194
939088
511289
835116
418682
576173
403286
196818
881747
974665
940509
99685
837300
281305
943088
120586
814089
840153
221029
889532
364408
967110
710753
26187
689777
742229
941967
158234
206117
681710
993124
185051
263359
62135
740056
293864
600237
81438
568295
184172
162466
834617
433361
998865
855065
753496
165015
621029
288
935092
552088
59003
608379
935650
923416
407214
34575
781349
682699
506962
444714
988730
571819
646651
27199
529459
998720
321554
369148
421300
434500
530086
111357
870814
202862
285428
264932
551356
959064
141009
616974
866053
876891
752724
486869
612949
277415
298889
984126
807591
559310
793300
830130
533749
542488
117400
245355
419296
609760
369209
163710
194949
650548
25333
564789
473806
612002
552644
306152
61468
931839
713920
403375
285331
885111
442705
675381
480410
428619
494559
45144
451378
130173
172048
911744
790216
716626
102306
805379
274792
760176
551336
184407
482454
130327
667042
249616
248791
670540
754139
25250
310794
86420
925906
264428
170729
901305
12941
558659
261809
367819
491443
668502
826239
167241
174863
950139
13590
63567
252014
694537
342987
159447
751406
471692
590011
590953
956135
402390
333639
963188
621393
468137
785865
949647
993046
40048
934362
87734
520799
341744
361743
813714
38430
82928
732935
965933
440843
484823
834638
701278
55612
475389
37444
968005
304119
720864
483650
376418
766818
59108
970684
185337
756090
104411
423064
921216
51360
864924
435197
292639
14198
241856
274079
518525
876426
344663
625872
823287
622326
815470
533834
798977
645674
931039
782490
449734
267499
199070
208493
651113
72370
361731
420090
524138
400547
979515
641100
50023
191127
98727
448342
793364
925473
769072
720821
872473
863065
690499
151048
934150
923397
144998
990282
105447
345083
476712
315493
398037
549043
623324
345435
476890
944520
897717
441900
565248
774295
724291
661487
443223
363067
60813
89990
980285
239351
145503
121290
47922
690615
332578
303850
820706
970833
14685
350296
561458
388029
728407
273325
229642
897807
479911
869900
20274
759507
206623
699445
42410
154187
429548
165908
355023
870136
614042
297173
638135
685515
507547
11609
332173
329976
892967
631345
355087
483174
11623
237613
202948
657817
418130
144768
775452
418936
814231
191244
658190
727398
904564
532575
212920
530604
491020
132752
885628
960663
240558
664359
805192
709953
264495
252923
777450
558923
721309
736374
574160
479238
931861
327158
107761
249103
961721
938120
430715
95216
171693
961124
260727
235257
893693
594255
512240
186158
424719
37008
164200
446892
882656
7574
2880
369148
218839
861456
215768
629845
341980
83679
329290
656287
36431
10807
557843
371125
974795
54140
226129
763973
381257
375097
778332
908856
676992
143869
451168
617031
475299
756473
716206
593768
750346
192569
193139
645561
387583
185860
827472
397590
470232
701557
413185
580753
788421
251533
132132
957291
84579
405840
189669
781401
682540
78214
948212
746764
449572
674432
740020
290079
610509
16569
22087
893720
536680
441536
158691
700411
593834
482027
161915
686049
328497
811179
76586
354142
83675
631145
735910
37813
556894
245779
141736
436430
531258
897643
248623
404118
580444
335661
61833
536238
705904
929127
21084
10598
80538
64732
906257
47257
94108
603786
549387
267021
672337
693300
632462
802086
948437
579360
314001
809744
810798
271247
3421
24664
269473
630269
265752
390581
927212
1560
726297
534866
769094
408847
705268
359896
557092
463969
80719
210326
673668
711236
82418
569738
541540
456578
50929
391636
344369
948510
568306
323927
359505
378988
405843
178729
145215
487670
713894
395108
33246
632247
48003
211836
382445
248091
975404
673654
364029
982222
959157
339603
902802
556939
426387
289932
536495
569491
624038
950361
61102
937392
613376
625341
548874
255767
992017
441046
150439
892545
329485
913182
28390
558629
818027
118320
325675
619004
274591
313312
741386
8428
870010
122518
133964
494600
277522
567859
254180
807545
442389
489408
435596
168988
843021
161827
786237
146669
107168
542239
102040
461870
144023
441737
66217
759647
546556
848093
92642
824505
198984
736744
400143
938831
252353
863518
486713
613020
132129
258862
431984
149923
524150
979031
288208
899988
976265
127488
687384
916633
182856
516061
194110
179818
487461
532129
195970
581366
668884
951304
626522
743711
771345
545673
659010
802602
172235
363260
468359
11875
606055
860577
639714
380294
23063
536696
472670
336052
799975
55979
249167
477710
622836
332688
110727
860494
953261
445476
870725
698048
353643
587870
117230
592400
7786
605183
831151
803541
558453
813595
599867
999232
703138
405630
423588
25015
553362
923923
430702
47124
483595
86756
573323
72700
833778
341101
477527
234436
403678
822321
958926
911691
195315
608039
562459
216384
130807
754837
270762
407441
36014
494388
188775
524495
318769
384035
154994
557470
821946
964009
4703
45450
172727
604577
296145
811633
950576
199440
481785
875463
513837
589711
74090
636914
162360
756203
339960
483726
280033
609939
947285
852276
362185
995880
37585
84284
740569
694231
834607
705091
486565
323927
200696
358598
463528
630310
409809
670588
455248
103897
240503
427907
82116
428903
995184
603933
719702
560426
300251
995516
592597
851039
341932
116559
117220
538324
809391
846950
540412
248287
976007
544474
45102
203116
672349
258241
306287
462427
762701
135971
502109
596434
564902
800677
925554
94386
525445
830444
317780
912683
524766
603988
351431
777702
832838
86287
958507
462407
539032
710609
782721
991531
924461
510040
588333
710588
231086
528653
942784
148277
758856
769289
220574
468493
819594
442505
900492
654863
496140
632372
833264
173597
32385
528895
478318
625911
635494
583266
440688
157239
408058
239847
880454
880553
763317
303317
151810
95361
726603
198469
502690
199288
938348
137043
622791
250916
460841
775689
930302
596873
691827
313998
442817
470798
667263
82182
33295
344276
37903
118662
379336
158159
638995
532420
406594
550484
809855
891380
835023
800048
754832
404197
719452
404984
631708
997882
754978
872804
327557
816437
861972
185089
918209
385186
340047
546757
642183
267595
645300
379516
528257
716178
116997
418107
677217
413781
385466
731446
548778
610588
841150
239071
173243
992574
108671
443167
231488
670735
704915
889404
287213
713776
316212
36019
47155
593310
225459
460683
258337
403138
782474
695529
766910
109944
703278
351035
801832
403702
228957
628224
946433
179212
101966
49541
921867
409694
247575
295298
779340
494049
622486
911886
101181
854879
979424
319389
890066
296195
391138
499384
526200
512240
426863
380739
388518
395201
812100
962366
830862
134141
533783
226525
869043
864855
103501
43336
423215
888523
705147
876707
829247
399962
601696
236922
281740
177627
423286
28919
260140
857796
272189
677430
637946
906870
757921
66662
203773
953415
88926
520159
374682
549948
404906
809664
118130
478748
459389
112800
515508
750007
886787
226877
389784
826655
156384
779262
41829
688400
393344
600302
205490
754078
812887
224819
913940
346807
625938
17213
520347
683274
157573
308554
812632
920022
958104
585480
578743
90955
155922
961906
134430
737792
498270
367718
38737
772253
167079
179907
220765
14021
176977
119188
367819
442771
669403
735694
944735
383890
726068
250024
534978
906976
560790
966629
18709
782682
467397
729579
264874
883666
270905
70556
393504
935674
297658
542637
346782
271593
79374
593009
731717
289037
294503
166384
238151
435849
584796
13015
517101
265643
981687
806177
558362
360924
21587
16868
793218
728152
127117
888894
354723
273325
501799
393094
769625
346807
842560
672120
135730
677502
757887
773399
397654
737086
214584
119260
87866
758997
332282
9085
485858
404173
88647
122307
594405
162290
150328
543240
614736
530970
829912
359153
374887
585943
228840
214653
216896
400481
515083
815816
804679
652360
726280
274491
576474
805130
548580
970465
48653
698359
272601
813604
459769
431021
604176
548126
266332
115123
39413
749456
265188
633611
773380
126865
120862
603468
525449
598323
470250
249296
227996
109151
445097
42281
263372
972758
665996
174100
102168
490492
499888
120236
83487
769996
488894
58120
867954
911086
455169
811821
566003
208687
145300
94218
519371
860539
753882
352631
23508
542803
901055
149520
9439
479548
194692
909375
754898
908541
750531
300144
368994
722333
724551
366215
402344
569971
709078
201941
729752
20377
919848
838008
426183
652181
29000
693544
425424
751472
707327
236923
909764
930865
765123
236395
17763
637834
323136
538380
522964
125449
753807
976956
400155
548117
389477
823008
629385
940264
958848
826314
427536
44973
260222
749707
144404
234917
602905
249188
898629
404906
781043
695283
316110
421724
373997
724925
369096
464776
691020
350492
116694
83457
401355
867954
927236
49744
163329
918949
61306
202562
733580
204210
612949
526877
956189
530165
357947
824253
418035
758559
205464
133002
756441
537412
227718
558445
313181
202225
612260
876711
505993
206046
132766
470571
642475
719581
174197
495626
412225
145980
727889
944851
479168
969809
288750
492552
947581
312992
702881
393157
993114
941514
393611
598767
301303
230869
559623
460841
741363
256815
748856
521494
917625
399611
173707
441780
84039
269667
507954
95282
804096
467652
216264
515160
196393
66424
150678
328590
936743
131126
233199
291948
80135
401588
470383
910379
749373
581081
320946
19202
719197
9528
97345
873037
545989
478187
468290
612201
107042
595008
49680
911
213255
862934
846273
70704
432605
960145
103514
646288
109704
860004
846583
1826
518904
841706
555304
392909
303993
533428
961300
406271
709058
518638
52717
582777
891618
465151
827841
80147
622901
391070
949358
141394
498974
944983
371048
893396
550139
436577
230420
36831
697609
7163
372422
647038
933139
637013
501187
218355
16607
243507
936803
437041
346103
859002
561207
861974
210207
191854
57954
774349
279555
964076
814493
76905
346430
890274
46821
257045
717047
752214
305842
933059
107096
188248
454041
919577
256248
509433
498594
339909
310125
598431
793010
854312
970463
454278
104789
561119
71810
454778
399799
516112
685415
826052
976608
428488
976134
511146
395962
630483
701109
315419
13792
614540
825324
583896
773739
814583
710185
299407
206017
560198
661791
361411
900958
192472
166725
28649
558803
509158
898786
167875
517060
309262
267583
953716
461229
723546
479449
568291
872420
660635
733538
664656
803021
583122
897928
128921
508128
909139
348320
807914
356291
458041
995220
286726
299720
150473
618208
157437
335753
995589
652660
710208
797300
20002
602204
904179
237469
139334
311597
641322
942991
7194
356545
24419
848697
57174
871185
734971
929003
593145
247351
345918
912878
258591
266353
947909
315613
193678
696305
984120
811076
568922
909295
913206
457917
315604
653522
648191
484055
284153
205725
237227
100789
197536
752945
343319
395535
376171
683546
702740
111937
166924
307083
140398
560764
412754
165427
191394
764966
167000
53534
3305
564396
571349
13916
895598
523981
254935
208818
91500
578383
631404
436997
223062
493988
981916
831786
236992
682285
484460
101915
802215
821163
763193
806493
610621
304959
199068
661356
308506
524251
837803
175097
434425
927762
694341
832103
571989
720193
408302
70356
754562
582949
467385
2917
786086
434477
514114
259306
74319
934951
515845
874883
702566
180333
290019
559826
665973
449000
934021
226497
289855
422920
213431
764983
230859
491508
203093
76829
626619
20932
285418
493607
786054
109000
978347
707489
959772
450917
773360
862827
898047
882482
712032
941445
860408
713999
376752
158234
503763
608529
559865
901150
463345
386826
687130
899822
109995
157448
808833
561535
543866
913496
760457
839913
929947
832075
18148
107730
15884
779292
454081
440540
141430
958276
992329
362365
821464
846323
966049
328353
300362
513914
564399
555391
416123
700475
541408
548239
863000
193739
215720
734457
381264
137576
349962
162799
401701
678095
709440
108128
885236
923849
86356
624136
829448
301531
57026
440909
429118
151966
496714
341593
260885
679465
904791
613063
506201
745580
505895
535375
777828
297933
296510
391594
937148
890108
146798
96071
624142
496158
187073
648266
985821
785442
415478
954882
68239
306653
63981
531221
597296
892615
731157
644541
497674
47698
718921
268051
561289
684514
500713
384721
201925
561850
606612
755960
819346
209784
855512
847299
523487
47042
867174
772481
347358
754199
136349
298675
233044
974427
52127
159225
604650
672375
457271
246034
399607
440628
925310
420048
877711
480846
524803
836537
242389
693927
289104
412177
962646
417380
282545
550282
219670
911831
956281
471401
883053
119074
606836
199237
142505
446734
423984
766705
112757
884231
23205
380502
761600
875557
241286
162840
681583
265554
912686
315589
763738
31546
771890
851687
734591
627548
322668
452999
448830
335729
606581
383967
456842
638061
401414
875628
736296
599684
725025
377681
281880
210755
271649
666339
624218
490961
849242
590075
585765
980755
357531
896142
743296
83598
489722
491167
354587
121195
571050
697490
360859
669445
231497
60617
85921
774907
871259
580266
790987
943160
605383
732843
241799
55410
725929
462427
888627
14166
336781
198191
997959
625772
402090
619892
120497
100815
917432
213026
494447
421771
918606
517942
386337
167030
869052
380567
78326
42983
462146
827347
284995
233937
185828
10158
143012
509651
107629
915237
661272
110334
10219
692145
763047
732616
855490
921347
675605
293017
60214
742277
956233
767689
4979
726684
853647
735269
83335
945124
930573
833419
341557
78278
766306
170169
461601
333459
272117
770947
213200
151544
13536
76692
79542
835932
514810
574604
193950
679225
37679
197783
634134
480226
814493
138422
414868
946862
443837
470575
909954
381490
161733
522188
820715
465176
552379
306996
905583
586816
173933
483750
124759
842477
341041
579681
531780
928658
700138
253168
430498
973770
887632
6279
476516
228620
177777
491392
369112
527802
2686
179421
642926
808801
623863
111257
179681
405832
225620
460042
690808
112020
815155
441653
167581
567482
131779
30508
78488
496237
815472
181083
725542
623859
334903
725492
69611
798526
912988
491712
576273
666495
238337
640148
76469
97537
751816
416885
598174
674992
242848
923328
653553
320241
749271
253024
210831
929620
629557
45188
207326
992533
830254
990910
212396
464286
104980
895696
849633
265752
800310
352183
21456
42135
286043
837061
288388
754880
466287
144460
736
664726
332878
205377
129574
226004
866428
745973
770528
883514
795719
685175
262480
618583
682171
538137
636665
103495
626822
180235
640710
122839
756491
130036
831349
492402
689114
2086
477303
875303
578262
306143
698839
817892
524989
260661
903506
906664
763980
465541
853783
785557
628654
518596
713205
512505
638212
656882
679038
405377
421106
361882
299079
789722
850829
578514
303264
951192
884852
205726
884111
874528
560977
81229
178100
40693
80035
72131
934210
790326
996755
813266
186728
164867
40496
558596
930071
958284
43117
858777
115781
652424
545827
838355
971984
125832
607622
445388
102353
561156
670886
444987
666218
820159
436452
162015
628020
703966
209858
161716
20155
823297
782194
692792
364978
434433
998888
604069
703729
860913
144613
356774
770989
515084
242973
542111
560555
811602
801433
829537
181708
304549
366742
43324
688013
378677
596327
945906
109927
399115
4793
862664
203272
476674
458143
413932
330867
908187
269339
471852
988557
304071
914562
731118
121372
359525
315113
663637
336612
139176
271825
642120
33040
286952
763565
584556
877362
137990
109700
487463
448456
872516
956453
515263
529903
726842
977098
377426
510213
836072
965801
888807
70780
824062
225050
247276
368573
154925
990049
787907
532292
419476
199691
390863
193290
15160
577748
540829
899765
116188
486210
151442
182505
549164
462756
747161
668158
158489
711788
545840
411398
118858
755321
873812
8234
392997
32971
396030
495976
459875
488241
307042
851199
553424
307986
979692
228977
474435
111257
644281
529655
691208
418605
370809
863889
756759
182914
138526
993442
735894
607370
73676
84068
736518
889340
462235
646652
602283
529750
660379
983599
735574
811958
288101
691585
951503
182264
916519
809782
715288
932025
777921
828978
69852
818076
361478
707695
415011
217393
260171
225968
204153
94641
33941
603655
91146
1948
569815
974415
868451
154641
569694
681937
625913
493812
356098
279956
296091
821239
774663
63784
139347
296899
597541
166167
179115
387554
919648
929575
795555
724284
672816
64428
921348
136531
12301
950072
940367
112884
656002
167103
611987
92410
282263
180692
64368
596135
317295
5340
20974
866732
152621
269828
73895
879894
519855
120032
787806
804159
81567
534866
275084
294281
9881
699779
765193
163493
411750
238590
285342
312269
379407
479310
960518
406792
711089
690453
39196
669688
686910
673379
271441
869794
619122
154261
376935
786442
486369
766578
531781
730959
270097
298983
580100
316379
395599
767865
404185
46217
467039
488203
313898
200005
41031
128886
890137
895930
432424
129762
484747
491168
412593
210397
483130
617221
349594
740040
204159
41724
19431
156414
646093
737630
583761
530130
957216
801580
819384
637096
518430
327960
850447
250518
795730
287329
953344
22286
433567
713095
501782
406145
642396
379128
819771
889565
859371
847580
834663
364888
759581
761843
716376
476008
490114
141966
972633
649656
55705
576584
264832
157732
933828
819852
545871
409235
591354
677031
153764
322915
139915
133392
656904
260072
307944
659298
761102
730117
95192
913235
779640
424349
740058
431679
913262
953240
382569
602515
452666
607874
431904
512559
935776
709536
738333
374149
405780
873755
680869
518233
91402
29381
184675
657903
951678
626961
956960
839013
859950
290518
107396
693901
731490
96662
374912
121424
356239
607712
86266
822378
698322
112483
724702
576098
510136
19671
598222
829309
330032
440133
729279
968468
802157
313323
32942
988064
504768
636220
940529
362302
945460
26140
463723
338012
833909
853859
125114
590193
177590
440007
279299
737531
943013
785223
256656
386214
286890
552611
543242
603926
28149
60957
368849
499877
625050
102542
865107
237244
495924
546440
522972
696191
64796
481423
325133
717814
512965
137294
307491
128479
298615
887659
380627
970971
599553
106790
251000
331090
750016
317866
707299
240820
943559
638231
492772
834295
226319
261784
276575
669358
822106
849917
957919
504963
363179
41671
560511
393153
769502
264439
236596
76484
870009
567151
554531
677207
934582
918905
914827
105442
121843
14633
53395
261799
316078
175758
711190
252227
618119
79410
706771
953607
757602
904446
782197
254405
867272
417551
44418
969472
646863
953861
227276
207611
329974
646952
879814
270954
38706
662751
68924
391693
169466
129282
81542
351638
221219
840277
4723
791275
591358
593585
975170
381270
577358
15121
72402
441596
901770
10537
753892
965051
731466
590294
399812
937020
62409
835846
294117
984553
286291
456931
258107
136815
570180
500354
880737
753548
146540
117735
698977
581470
987101
660414
239390
923979
953775
462514
396744
207388
75792
650094
282752
452107
196781
293564
636111
539326
807810
141817
699843
166490
967880
185292
780371
381225
32482
45391
421976
652229
77570
329259
36756
275052
404359
511583
70353
71518
831112
604118
218350
644235
30901
730613
708835
417825
777979
78013
489150
413922
558914
292043
366758
900405
845089
439253
857579
793764
766453
277317
335098
488663
145768
84053
469408
347906
399053
339684
790942
609683
435774
694844
383968
87817
969036
712462
997268
201796
717057
380292
499747
638446
800050
900901
639243
433035
978565
303740
261564
815338
799615
624442
7361
540138
319242
23636
845313
163707
502201
5040
680141
282791
451202
951447
584037
828973
445658
353901
923468
489200
267410
655509
313555
204908
509683
400322
597735
138048
826151
558397
28530
572336
7876
30362
812203
223950
285259
112437
21689
795555
175897
820674
43840
610182
933121
882473
242437
467565
210420
620677
954970
634455
254132
5042
938709
504180
884535
14030
911888
594108
422511
713019
559975
883540
457134
749936
719509
721202
446634
944410
97730
626470
300499
245678
274556
995991
536667
594931
234099
225607
369287
551301
766906
689144
383088
364108
803542
440796
402170
224991
985184
601111
59316
293153
568190
449999
399636
267988
504424
970310
185026
383497
77968
328285
918531
596810
604910
72828
428627
374653
805127
976635
120852
119533
876745
480495
175604
336168
779794
783885
948798
942860
382879
789365
249300
957364
689738
845949
555355
222916
883527
561573
902915
178784
688885
532375
53688
238290
498058
365332
443306
999416
129789
808180
666481
288506
361317
385997
931232
918305
675407
511464
542793
676044
772779
460547
967459
771343
573594
514844
514551
453954
734793
472366
452126
452846
913513
930864
546759
540300
82475
647485
669
690631
422162
641366
809582
494628
416978
208051
415498
268932
231662
481929
387188
865843
346682
310237
414509
404574
34458
913453
221056
310042
275457
5402
615332
303046
297597
951678
998930
816776
329614
879233
68675
632596
679705
597566
831962
2516
921927
221902
654662
335612
425215
234432
919748
827062
635644
625178
233805
806096
341358
516566
571754
627104
266682
633353
457227
164145
203022
487765
231588
586647
980134
462013
257102
975945
507369
662334
263394
469921
111289
687261
330766
163207
941540
324058
300311
843345
900082
141219
704524
724064
971212
27148
130510
927521
618417
317958
220865
94273
187111
252760
192462
486326
969194
357524
548713
921013
888577
918177
369112
657122
141048
859685
834729
626722
326931
330269
76135
195188
589353
391523
993978
385176
281199
214575
458859
393286
756441
387560
401728
923321
415785
520924
68236
838744
573706
854626
394807
519371
268360
765034
992020
611944
29789
655457
693600
585995
409609
383968
256667
658290
5924
722379
119847
350163
984647
81341
237512
10159
86253
357380
56749
640887
411547
551053
533051
751954
509393
1305
570495
850484
930261
732087
586916
933466
851456
802347
64384
644644
52082
620849
403889
693275
560465
581457
667626
170374
533012
112849
809757
235275
278923
561790
194304
914750
439261
528876
418580
994611
366127
245886
224076
727242
839560
482969
151507
446790
23025
774064
544480
784432
763772
467942
716598
785058
524949
404764
5878
103564
706067
229144
154080
631166
376215
504295
664599
563914
918755
659701
931482
350780
359502
943079
968669
229019
640498
986806
997960
845901
161283
774795
496872
757063
172135
225960
954720
280778
169452
332878
180307
753965
52646
772656
544012
878649
162152
686961
218949
875446
356674
850876
63605
618900
807067
616569
439563
720107
713313
697466
316754
860393
731042
330892
499812
905091
646721
913215
255349
941815
188364
60890
240552
274627
743581
49634
157768
876132
972616
826354
758661
710087
833869
782864
747250
677625
355025
666630
711918
689212
999811
292959
778068
802592
247671
767151
23025
261468
67634
464919
34922
144763
300745
786393
879447
664412
891612
978215
195955
805072
832232
62434
991989
841307
394158
311466
852734
910622
45300
824730
493623
125360
178311
398481
302279
529778
170881
454651
232975
918577
823270
348561
396792
966799
242444
849888
252554
765872
999947
102700
785755
778019
706808
531351
171570
437240
21513
805155
187195
265495
595864
515778
828159
880657
472896
525294
104089
858039
284925
689337
765656
180068
588140
74133
826892
92312
819660
361090
255304
550061
161813
636993
371626
391048
397309
938866
500118
217154
11833
495392
180402
110626
344279
179575
170739
332964
759370
364562
196336
838279
671234
185787
693375
423971
99061
668469
551699
784940
810493
371126
600681
388220
171637
247629
981135
357775
123443
457701
10271
292349
88062
709168
728988
413832
923477
778921
61439
732504
987434
750874
165913
425199
673241
811886
467463
853982
175928
568956
973594
814592
809372
521555
520848
929117
972391
990986
77054
344201
858461
543902
159815
735103
973521
526503
816340
687386
263353
967138
430038
783174
782330
310544
217906
19068
361808
664901
561808
522211
24902
165196
520846
631684
338365
248498
578577
219154
848334
512674
584977
327486
211843
896133
491157
473232
451105
32161
440248
734869
586029
177711
242653
899370
377975
666236
331342
861392
545121
641698
6139
602505
473278
329067
40377
130401
173243
557666
327484
477993
545895
176985
216671
976543
412922
765309
696138
819935
721031
895630
845359
130074
417475
798386
989386
68102
551245
590371
339486
490103
758181
358815
334183
135200
973001
545943
992588
945370
792997
469562
29310
279502
206515
628500
964117
71953
482232
337669
302002
582889
674320
941976
244669
712262
190965
328329
613434
766822
669822
739241
707223
602079
914742
558622
140162
388859
411639
380911
722308
144268
19392
847909
334386
602195
158099
279543
365294
541906
938289
245675
126228
642414
323525
215622
374844
358833
329381
957630
325468
720458
337522
848213
320977
334326
719489
743344
655855
417138
189319
872164
533969
572336
13649
478882
314896
941180
214428
523932
940153
841835
858510
31634
423247
238841
666352
220730
604011
5248
41272
620895
907231
224185
885450
985033
85158
108573
568373
158219
194209
868989
69942
808266
279653
858302
892432
790340
99381
203391
849959
299673
10754
149500
977164
885609
312413
985988
905345
498797
100991
843878
50345
515887
472285
153012
488179
170898
267709
556505
916536
720393
257450
599950
193393
788562
298772
758963
407224
912900
142648
792619
170904
842125
931748
401151
946751
482349
284937
68841
899271
107010
623257
416488
620734
233733
122215
349257
529690
63442
97487
867400
710176
946646
862051
7514
898429
155012
526597
570777
258817
548476
123457
412925
284266
931857
671486
413833
704974
320395
826900
261084
713779
458119
46873
460039
522296
593525
512192
713073
291093
282629
329277
486439
639306
74144
816748
183007
229457
462777
94058
333856
673943
761925
21833
400886
194458
863821
450253
904366
446541
691142
149869
351868
880655
847420
550954
102940
161167
499283
450062
41391
940397
331940
81040
442695
309070
938628
8544
669400
533588
872031
754291
808782
821537
211931
217083
585974
249296
403326
259664
121249
231115
237826
559224
442252
383924
65947
797025
165189
581751
16195
222563
877333
42488
549482
536080
440937
270873
564555
100879
747404
119919
17655
716360
626153
937244
936205
28131
75967
320587
993687
627700
742379
796475
702634
456654
737883
383217
873243
438568
450106
432391
498107
109857
522087
119727
404623
481704
130962
127383
247384
246378
379077
16266
539665
911118
366758
229107
230146
112719
208441
888192
587104
56709
994275
640640
121338
724014
561497
441276
743410
457667
479668
35276
705594
951869
786585
449862
633293
77143
114714
875031
891246
214498
509092
851645
392730
245097
684070
232248
834464
207889
104552
180784
442515
710524
665447
643579
554224
392169
504645
185552
573350
878037
195807
190665
38988
93645
201976
752048
30392
699681
237093
616157
823959
242263
492262
592949
439989
30362
267414
150710
253168
915456
474018
855217
236115
681911
544482
892284
248764
344177
501893
878725
940169
682082
673175
380198
392547
66091
237749
713554
552300
233988
48519
707874
440029
353948
334730
965914
714653
627954
183320
126521
857641
633475
230198
827961
608775
760876
565279
958432
957612
331479
969102
865021
706896
34699
403247
220839
341584
513858
525792
317054
32623
467395
551833
11897
763949
534668
450964
673079
356611
533617
396745
370122
33911
189690
698037
151425
689522
459157
999763
441853
130828
160707
61430
53870
746165
829119
255920
767037
353520
299962
610236
598362
427774
385826
807385
181907
480448
85596
164458
325395
364227
105484
82801
994057
308477
492986
127799
667104
522595
203409
34473
935103
840940
947719
74300
753515
180378
131279
345800
516485
554847
569400
450419
313008
872126
682408
948784
647456
194392
863290
740444
756342
995184
212021
487974
474522
131400
548800
35985
179897
324962
407322
309476
142043
513339
73180
196260
736444
927573
962037
905091
169503
910746
704295
172956
672582
35221
590095
963924
915482
835903
434017
449222
100262
492048
270198
839880
726827
192504
445922
813573
114177
920424
53126
323009
393182
273913
240400
62511
300628
391683
810403
304112
498163
78855
970703
724184
356453
476996
277599
252811
937180
365089
168968
648031
888723
510496
852249
25202
113224
982603
413332
442034
688162
314539
742000
612649
130314
449916
616729
676131
523116
641531
543866
47291
543806
910908
106192
687882
574486
333440
312265
129714
59099
858268
96608
748811
308727
398690
317593
133607
122857
680442
868398
804568
16578
875803
784758
561760
732684
428286
357899
379887
6055
206991
523902
450401
336750
475249
607385
996278
60463
208579
46630
209864
8646
377015
969395
857543
838766
241335
857111
216775
392545
83978
953776
585865
961806
886537
959947
571953
966574
149100
881038
269020
227714
494081
565031
148676
868126
336725
83960
941739
410357
595264
320530
75022
72995
261990
999987
774810
875000
759191
358439
618964
159911
687027
609398
357978
862390
190485
775601
780238
238099
192668
372793
193998
10550
942187
630843
845213
737251
210951
690380
165359
842175
833505
862788
958379
925982
832717
37713
497472
679144
39096
74215
458243
512098
137024
614534
678660
945713
467300
58934
14107
882302
513518
898278
372575
557358
458282
667766
279024
188469
48635
992510
967566
51504
495353
67408
610152
277605
655850
569507
7327
882135
28020
975350
762270
115506
565174
626653
456580
492413
56600
197075
663474
629261
757616
2451
953791
804166
189335
819266
710720
95950
500268
221693
421357
324483
957778
104638
892276
780647
423328
825460
678981
184827
955341
222285
317193
43565
810141
843878
754285
460640
271488
571472
573953
382508
207722
754566
605111
439873
996198
998604
636442
561337
982063
30543
937609
732600
920205
657615
374735
107510
187517
325977
798845
55093
24519
590671
637972
702955
105197
985879
907921
702530
329168
3964
550856
448101
441091
725233
79610
630677
391259
266333
165686
840457
644900
27530
66604
548071
104319
421936
589725
989834
949182
14248
85710
658588
893263
961593
565682
422102
805313
873241
978681
441231
463649
367111
62302
515040
470905
592269
108010
64564
591645
455436
996662
702871
729769
549374
344415
195648
599407
2699
241487
831380
561464
525503
323643
172960
677889
921455
600461
399651
358698
672635
812715
863958
105564
932308
195068
214013
330423
821054
482333
318969
518553
931147
91215
26551
57968
405277
673308
105088
293551
136638
907413
753563
384933
168764
17881
194686
773127
296214
797689
560718
678023
213810
206763
302711
433826
304258
985613
849111
9680
86906
199292
173601
961299
169753
334742
147288
549953
368308
558297
96809
377436
451519
732131
451102
747911
293323
140369
239474
998326
555275
254598
497391
224561
829630
970530
316641
810284
767014
785850
846966
948747
44348
455269
236387
308397
484373
493409
155202
842877
354328
540702
945809
931767
894734
383820
903472
945505
908282
486087
875132
958661
705965
187111
322412
674362
768588
29943
40438
820651
406370
986058
234624
165568
549889
562042
814746
661458
316564
33303
684302
141533
534200
424946
956127
50977
585313
61540
63568
749554
720497
63349
944210
726243
557605
827155
467572
256306
945603
100216
370564
276824
556376
930860
232666
726295
899958
832735
673449
330264
783459
735129
661607
155641
172482
929400
217452
980898
132120
688083
723947
653505
525364
502484
67758
924591
121063
386175
859024
175626
279771
107241
288970
31038
829056
988836
413249
706950
360743
722415
141376
391653
720033
89919
349662
755782
785058
460749
25491
751806
622556
542156
67604
505212
857220
539171
635487
813437
36372
226535
770742
214084
336409
146028
440956
886523
184641
208988
14530
443095
253317
430297
849650
631068
377679
998379
558102
968035
645721
3479
566628
284135
882020
617878
325905
167686
31933
383992
885886
679887
92125
658641
538125
10271
271295
900404
680523
402504
945539
789120
641660
420171
711476
108287
954458
570521
314357
349278
288228
966953
591800
825741
163805
495975
701883
16123
759467
118624
363294
229965
381622
6254
706764
377394
3276
758628
257861
487956
620392
753354
431585
388123
375590
419845
678147
11868
931667
963308
515039
258398
140224
474046
860650
46998
498397
273991
898844
344415
510833
498641
475522
884577
858176
386269
313067
51051
366414
439119
114127
124962
18142
93831
159444
606887
122911
672879
176226
589310
438948
894139
399155
848941
7245
705817
628619
165791
176649
797392
687741
543245
277300
734927
970477
560829
906137
90194
714317
590520
981579
910755
932521
421775
916455
448980
335131
670841
882696
54325
932724
545534
591728
812505
670475
230950
336185
823221
342902
454238
566198
757236
329556
660365
700786
575245
283513
262367
737054
306625
807652
27936
875559
42421
713923
243279
947141
574741
95684
506053
313619
83126
488756
495820
608564
450713
823008
349723
329252
270254
605614
248657
643380
208408
306056
831273
735247
609181
309517
658875
924967
463929
562387
567388
214696
46377
971159
430053
938963
436614
240234
985860
227996
768996
337227
690064
193134
997525
227549
958543
854010
101857
599128
125443
733115
638358
301664
529670
319775
901325
834495
447748
609050
315152
30386
420424
93297
90805
651535
348997
941957
608540
687085
313962
896335
455315
777631
315119
462657
418580
940471
410988
825331
178042
853545
47648
972517
501628
197045
760132
253008
96163
172552
241911
817159
317458
569075
84222
891104
505552
391934
791148
526061
221852
745935
860687
26861
560140
578377
440902
391713
251183
504126
939716
351614
790426
795050
840473
66678
374430
878585
540368
121870
624305
777455
32892
124375
942877
996773
887264
770890
578388
263842
364505
187287
585158
251798
294258
889572
789437
384035
233919
773882
442635
840874
813477
446754
729122
234575
786012
414284
347707
275872
59624
129451
407842
844048
455325
754898
744630
706005
948219
424117
94876
128195
178915
705916
484619
506662
592309
996622
825194
823222
383327
357687
588343
968305
874455
752427
596259
283577
561062
65514
397744
823138
166428
382271
846284
322683
279249
435393
588520
367720
215217
438231
545944
531042
259188
792653
185660
893029
402044
152310
545731
6098
735625
850623
592461
923502
789094
578929
590574
409415
467625
625070
820581
309744
840660
289134
953349
340052
350615
233235
211997
821497
767153
983950
927239
910287
169474
674169
958790
431033
767655
575414
802639
879268
797381
741939
989679
592187
573360
846714
773634
977293
81097
241324
593762
23886
129778
143086
414180
684435
634755
478871
912667
439192
661911
189828
300308
402738
420192
544012
56353
989248
846269
631504
259425
806264
356483
201156
278053
616954
432904
677869
863724
717359
286277
350223
807414
711273
119717
399575
500205
62334
992037
116255
685183
947323
328459
36230
476053
595807
272510
495615
621042
680756
461816
375751
792333
842997
485028
597765
987863
870067
810907
129390
808012
831202
975359
408170
205189
714084
708787
