601120
899243
378367
653185
496367
724773
655025
11476
226982
862858
132013
462283
724614
551606
835824
570922
356599
809884
532256
369149
673061
135948
909002
720933
28613
723278
483700
760005
396256
289069
331957
598174
707862
765640
484556
777803
223551
666470
357556
643563
706369
127219
8972
611478
23823
909358
674852
88614
191818
690912
335081
946893
839425
241806
269101
966310
880986
477156
406435
49410
975614
572252
66194
366255
645000
589169
554542
500511
910865
598407
793825
566188
184498
650687
192351
860980
111798
395082
784733
51067
487163
401030
691388
785387
499811
926289
415112
439108
954061
195904
586538
729205
84387
393289
376915
232636
621736
841459
880125
236996
272326
214078
753305
406129
163890
191404
876086
556826
197807
782608
549354
231837
887236
991345
589981
317340
764812
669120
556386
836925
643953
891597
816763
619240
110302
789432
191866
191325
553221
446914
986209
904446
216336
337332
976311
327772
454337
329224
189930
769560
639332
342007
91251
94567
446175
997773
727036
589075
245522
859629
790306
701061
556001
89657
138379
912422
179377
629518
174155
384367
243800
479926
998638
233366
902066
844431
924371
823037
148892
555777
204986
157326
347313
70876
743450
503755
245607
44166
506323
265402
893238
372894
291588
899173
410568
6438
937690
889717
675911
687417
348429
31995
141312
380498
32027
557271
856301
405659
625888
797195
974807
307471
844445
706906
418294
924449
998710
688555
489734
950802
231470
338198
907570
822477
224070
317656
14427
353215
955702
711120
839500
786743
640368
247914
157370
766132
553074
956009
51217
404102
13608
665845
412125
170907
333421
133544
951284
836405
817550
687475
767187
835182
367288
271785
17336
534273
401122
676885
88512
659177
181289
393704
12482
646090
911369
84484
120678
573931
292342
622886
707363
556717
915073
20174
597941
499887
924284
858419
933233
915851
58931
309795
75450
911094
817669
434104
643970
151451
323769
126293
612358
652235
848026
71860
28154
284456
25961
519446
537871
717782
24577
29115
692577
541966
409442
537853
15596
119315
148961
886390
299454
632486
167153
789245
774630
883084
230434
460881
727341
32698
781895
238999
87247
689586
229902
587448
594417
667275
636203
80468
436530
458417
215186
619607
77134
767579
621123
167398
18987
969365
121572
19484
731461
425917
225856
147558
169327
656109
731711
480440
292089
781196
588182
413931
82855
795712
298075
367222
572008
718787
366286
589517
54524
664302
840140
27320
277671
394410
994021
615650
850149
827024
848688
598108
841315
542989
507735
49602
69274
254672
961953
75574
136704
418105
743676
297608
602682
109760
144788
799404
784509
454900
980513
227796
976210
712884
305168
342489
116113
820452
353237
518053
571736
371347
713323
131058
514466
618247
80031
378803
553971
498306
712860
726300
595133
302872
599275
465821
14349
654354
519848
448650
67628
365981
809415
960141
722087
212322
185781
946118
629875
549173
133539
963193
928796
382685
952677
574995
64326
439498
425811
859178
678263
985790
370693
611176
515528
564202
500125
255920
31922
879781
935044
331230
617279
816322
941570
750651
121650
87104
859751
916884
796959
725168
954561
182078
703783
869408
346267
215291
167262
547373
456696
910194
585000
64056
254612
668680
359673
641676
74713
650305
332870
414636
177
703423
153874
578886
621528
400907
907662
816032
234984
213153
365459
822176
274722
534094
784940
350523
281367
255075
834518
729303
126191
82040
919398
980948
346850
38133
881619
966613
983388
346075
718613
259232
554478
848180
315710
273080
743120
902922
470018
609122
996257
340328
136801
646075
136457
907498
148001
88090
881403
551263
577011
689393
350373
29644
331309
698674
933232
723
270181
814077
659365
400308
855514
596887
512348
357921
262815
653780
911908
491500
843184
749037
94515
230647
663065
328618
273758
332848
461662
659019
134714
610460
263911
276975
749176
161638
722547
316525
638153
278284
925513
226149
623025
810424
511472
492887
459658
549375
557706
45305
177525
308596
240800
55361
900789
326489
706267
953210
319550
661678
884124
856121
789248
635624
751124
641272
908018
572072
476281
285945
495181
51651
702868
441843
2600
213622
301493
978711
161351
121136
910990
964055
374432
695410
460750
725518
702018
749399
531608
676969
214492
410788
138932
165473
332192
863430
77619
558030
603894
739219
818474
341324
269553
955282
407593
70601
113436
852045
429257
596122
357907
158505
328220
483323
111181
924327
391301
801815
184320
607501
698005
531742
489345
891332
791357
184600
107069
414932
741285
416949
640859
494907
628654
390062
135020
297295
587364
412453
50857
798861
282438
406598
83391
64517
315318
416583
436176
764147
965104
920061
110891
762865
948669
388546
564042
92035
589941
390392
222975
573251
414859
91686
632020
464469
295470
541313
309593
31516
193082
701215
564055
495760
894259
530539
301490
143564
518841
777689
448498
923588
882311
691207
204194
219259
720667
441375
602154
671675
653935
754064
79388
925819
203507
706446
534760
642211
805719
845605
321827
917293
943273
780849
534074
939668
152778
695354
103001
518110
897419
341708
144224
991374
555037
417413
472986
424437
942536
321402
983026
640677
584368
117616
11542
20913
805903
859556
956496
910745
140757
931955
376983
744729
115203
911090
260799
270719
456102
110446
959280
758986
919900
313183
441454
229650
544675
686992
988451
655760
221357
642978
866032
934017
226521
466620
27494
496707
323582
882806
14521
212772
250666
829303
132510
822706
455987
186150
299727
421229
629038
448845
461482
399469
792816
723977
359250
447243
614322
282850
132389
155056
344091
970288
774071
537753
547650
475909
601481
513367
533185
809362
738711
671943
278922
646734
382527
347252
292574
327024
279499
70706
937444
565981
829583
770144
957854
333217
314604
124083
189134
509570
645464
539917
426336
361345
259852
240616
731663
190557
553538
576910
548365
617506
329009
128861
300195
891290
823568
415878
874582
275122
127563
555974
76905
574944
350738
795778
900754
341213
796195
741127
354046
426094
131708
702011
267502
662128
808264
866027
844114
986316
263005
542588
489621
758583
329946
883444
408848
357960
655100
247104
446837
937546
763867
397301
525477
540851
620945
466832
18849
770361
890569
271895
370593
136255
584198
292399
61880
511456
293619
246297
829293
4569
877711
627211
402218
651204
70550
128773
502691
421824
973586
126813
988340
166940
769657
116098
590760
37543
951991
665099
475869
641184
657925
788149
697808
784316
528834
719728
400329
480854
894807
935129
24597
275851
73955
696104
224827
901388
264440
72113
637571
382007
776105
210849
512312
655928
978553
407431
895594
204138
102049
9299
678775
300936
724687
770125
212173
827792
463982
151943
538908
659256
201420
961622
483260
967097
736368
51925
575768
41890
985585
426142
352606
595529
43641
870883
511618
506493
423671
225983
124638
161443
586452
185714
526900
863230
438948
325571
155827
378888
303652
632453
537764
156992
104335
671879
910225
743973
143506
207388
473878
296487
514363
438518
795409
76988
702690
18661
24169
660356
373115
648186
625721
940436
895132
799215
184513
582848
623103
601886
171227
410629
4031
729611
813282
11687
592779
463177
775209
955010
192564
716947
766856
186079
928087
340250
720717
19869
132139
147830
348197
600688
388952
697981
227356
147568
691617
328415
485680
281085
518369
486812
723151
668978
859751
330780
833225
819919
498876
982782
244849
764417
637668
979092
48964
183737
323552
559492
174722
933943
903796
107348
597232
462910
979331
429724
679937
265457
37096
943199
936163
96800
896355
126327
533440
974619
849793
931465
115939
217076
421661
47526
45546
756331
871165
626351
136454
233203
565686
80170
308897
611290
551059
332669
541704
613740
215398
359878
376616
857450
23758
583586
984704
163255
784453
721486
231328
712187
451603
892985
895571
654914
183484
849627
505441
659900
834319
925932
13874
768920
822738
722589
702055
702045
957050
255715
17366
620394
686492
406938
372615
759251
798861
405728
58753
268845
919580
272081
332188
809937
38290
22906
281728
17667
851255
947168
731370
556513
86635
248467
714674
36684
502716
371179
380032
871411
651038
511910
683100
563695
318380
364063
761826
669590
485574
957433
29037
14961
273773
132148
417856
699365
436537
80399
242301
283073
77658
606765
674273
44690
29853
464687
908950
292627
187212
337813
293517
503097
957211
273384
449147
608771
591693
288784
739920
125880
367750
501715
966668
886398
892080
694589
216271
825412
580116
135541
316446
815075
199624
395906
982878
998950
47317
120376
124290
626030
773855
828875
510828
110740
561570
238249
719229
887070
87879
172775
299658
378797
664410
671562
619974
859806
126727
871032
592053
322316
838271
451053
175874
281069
923630
302992
52476
76642
982528
623205
696790
567700
520975
106866
432816
309033
254640
630566
613593
298773
621915
163985
741626
925761
280269
963292
978567
1209
32298
690222
303360
808908
906571
287861
867386
182367
22129
215685
40147
759604
64693
794291
554128
476476
93346
44423
303370
318449
855492
111363
207180
31008
97477
930132
350845
52483
825257
558489
912818
13200
846510
225979
127400
239577
780906
301174
978799
382735
129223
805356
418174
118966
488401
48468
104807
882389
342100
981335
404082
8536
813597
403325
61407
430009
18862
340368
44783
50621
418479
49845
480192
618975
160957
886153
53305
