552223
225496
888763
22558
961581
689184
488363
245615
708039
671732
519069
382050
628698
889390
556058
645695
71475
334419
405727
761527
694193
699192
717307
199207
886750
664440
270199
858437
155609
232829
420395
735355
511200
862113
722097
570883
299902
451569
661606
474468
118581
849672
119751
595121
787286
800454
364376
235354
438265
149758
38376
31210
282300
382497
88092
808202
313831
371861
446193
101474
418586
416991
809168
183018
499431
461850
794320
377710
854199
175757
475217
914872
94571
215953
673144
770829
292145
293318
301828
948331
407524
162726
47546
149870
699316
73157
126327
184742
737664
9961
921782
832582
151659
835997
72301
71090
201354
505277
547532
414737
78830
448222
157354
795078
605657
290012
927423
161893
579466
332708
443768
833592
764157
296929
370031
591755
124970
464242
293011
550957
829474
631093
751823
823918
134518
410391
740203
693647
835189
396617
962024
814038
479962
918701
865101
254237
547612
129179
948338
874049
979584
825656
986007
180626
38563
567745
838725
463578
224988
875720
354148
653514
82905
50467
422897
743820
778481
871844
84522
274007
464008
233526
908278
469210
165217
283636
441305
157194
527766
241468
72468
793943
620419
682203
655033
349700
839771
752737
422752
829530
216176
4018
180210
850952
658678
490702
395733
349596
414092
511935
632091
334247
761870
995765
677559
231988
884577
166922
209873
907960
460193
608539
233143
244693
450987
484026
450558
536843
817165
781743
403091
399368
621543
887188
432118
456032
955864
988126
918111
411886
40922
142303
197169
697057
851886
485656
113742
43101
763943
515812
155224
875795
837604
823628
156878
394541
815891
582814
37541
356297
802675
209356
786978
225374
826364
195675
251570
224828
566971
249771
425414
662921
88237
241510
930372
463080
446970
645616
893529
502653
267454
324151
24203
724519
71901
488746
263768
837728
513209
532499
997626
29740
487342
736407
26655
38109
56649
751226
283446
108030
409795
384056
952219
707103
908982
884051
546237
380234
656255
598920
527853
867101
45740
322541
947881
564300
825590
716073
964163
334415
716970
221902
681836
631717
386762
42751
119356
451207
528391
320558
547210
282715
666128
860338
158706
278968
408943
53697
998160
321027
414849
320590
590373
779614
275303
206000
363725
792960
596972
250096
43773
555912
665244
737680
882320
307371
555340
667534
883359
218957
200538
83074
269204
373914
260116
608498
52873
277741
557881
14242
439216
817779
685598
915186
458863
289040
483036
481582
928472
972967
600531
495937
369929
599617
911009
132383
188934
815344
132508
605036
64859
905709
372100
411107
479902
894527
940300
774042
32758
455361
454576
208580
420319
780796
472142
545857
303974
497042
958083
754618
900822
363793
116314
605801
123683
221361
117414
728444
976523
172223
750048
863305
759458
729631
179850
946033
495019
50697
592430
214856
482282
490118
272565
865107
97990
979206
402874
924646
594856
224681
747849
159669
406188
914329
81401
859555
981972
991526
820187
908587
585486
551451
931108
252589
634716
260002
663307
356337
644600
586907
601531
174727
106505
882322
206578
744866
978534
153699
45844
480846
687287
349260
883196
673665
297285
995586
516158
323399
337776
566255
401328
617258
941410
312787
31590
58238
160417
585467
976134
487207
282280
668401
317766
773239
872612
935133
858181
300657
972801
279931
279884
234221
347967
283529
114265
406869
421069
883176
759540
388979
651846
585052
134319
667462
144010
148887
557774
544771
350993
915076
81990
390897
726122
555148
146910
13918
888335
270515
737184
800368
75978
35404
98605
536267
8835
617054
378512
53704
487319
672595
554734
708071
249313
797647
831534
237189
239134
930056
276227
714489
401694
224331
882803
991134
544759
542487
578225
456808
517209
408655
570397
900476
424434
575260
415553
264374
521069
322100
139805
525941
688461
230277
454867
983769
860299
751966
605208
933181
510108
462709
638175
885789
338162
870067
194221
129738
461783
787893
787879
543876
116579
767924
964328
835951
813687
284183
944965
165974
591966
346795
311451
452275
415289
386893
885500
50607
490469
666491
123426
214057
785157
665235
152089
150632
602361
565460
858669
702660
546257
968979
680333
453272
566164
856353
149353
851031
925226
485229
257197
175225
538099
872977
986775
674054
523579
670564
482042
626042
119551
752825
734029
774352
555386
378583
497088
579318
551409
33381
958380
855906
255925
754750
522102
808406
64701
205980
531146
909054
558976
894785
113792
477828
22316
107692
903585
840316
784988
501370
29491
368217
237304
515473
951819
534162
230339
742176
299550
338049
501518
539417
72624
974786
57573
584333
755226
241498
49115
693766
301227
877988
167593
674736
925904
79009
702298
954467
871465
910630
983856
460729
950878
493957
205138
374967
272416
697151
890729
248028
506444
796117
460084
229383
681241
178717
70408
735216
493986
420921
994613
657137
806005
629847
398334
986141
258627
246486
141820
831343
881644
658282
162690
735302
277894
852954
893687
744101
470239
748713
258136
51074
59379
128084
201476
621342
777687
870965
697089
734415
200978
339427
224932
44545
730625
388400
957181
689344
562900
463607
864748
82508
819834
980271
141819
662926
592664
145934
564784
508914
179752
615981
952848
36772
453959
569209
27919
372433
650912
609206
242148
802124
881822
624093
988300
212915
906727
153225
595810
326171
711399
44417
37541
186156
298275
218739
116241
982903
376601
121429
956122
352526
459199
317396
301130
950401
764318
728092
49652
475078
712404
937333
401055
28529
135937
405496
943775
394748
33837
622001
275688
529997
905195
458968
117396
357609
231331
991299
720764
72052
626479
601957
538080
258227
959469
619386
920850
484804
747811
579686
21408
436576
776556
429035
805163
442907
636684
479105
616893
768977
962975
680226
284244
537019
101630
711127
580248
378762
908063
780190
330042
129128
13511
613274
206582
835577
435527
653841
179719
487475
540760
216181
72377
82097
692097
652099
114402
417699
481763
806170
626245
872028
525155
359724
56036
96573
626780
309298
913475
574019
512273
306958
887862
428811
550919
11841
687247
460977
843287
66592
899534
313072
296156
158501
940625
957073
530368
671074
349987
401180
478098
247626
351909
828467
995557
244973
947189
845297
124059
868008
896976
485517
808643
2626
161819
939462
580922
676109
576719
548038
116211
298055
117501
30108
554827
615403
658656
323356
192324
259077
721257
547289
657661
280669
4526
827734
971346
594338
450898
942047
954582
967213
968871
108971
1501
332183
83108
632708
917317
522045
855287
355012
234090
906236
294147
684589
241169
146248
940889
808225
950956
298697
237330
407976
56377
949658
86502
991408
365951
18135
708156
156276
409126
14737
434706
719101
878388
321221
982896
85202
533434
754188
112043
150252
242372
15939
760868
700402
113299
254528
214524
799272
522134
293244
920979
488748
921298
469855
846194
905810
613516
415651
702070
830367
419182
715478
348368
824127
720221
190155
607669
595495
66964
464201
642983
690748
8360
87547
957061
834957
789543
398890
391048
442524
923999
595079
183888
657528
664055
922413
547485
949489
741141
888355
450964
675866
280416
137637
212689
893041
707853
682277
321125
635671
8257
118256
499039
814299
14412
527511
401877
160380
909396
604939
948349
617643
980064
149933
24217
732372
179501
754088
618640
598977
967421
17380
754666
633927
259807
174507
705103
831859
698203
118998
211636
694506
830660
821768
369013
829017
219755
805508
619974
872965
123267
997298
2451
4428
745608
750798
911903
89848
583735
144302
102533
43486
56977
815167
87196
843633
794384
565412
471417
249432
699295
161385
461192
879147
581696
199434
884162
608877
338798
744117
426840
88114
940682
478687
722009
19730
801084
158366
676712
249254
849179
392665
746288
794209
878741
675109
686678
328081
46184
404557
729463
533691
187164
924872
95032
159775
167404
571386
820668
173925
279450
184737
996275
886350
639822
401758
222700
24390
667950
411428
960254
301109
206533
747934
354349
571703
289169
300406
381762
820501
972691
595257
324350
197980
965129
975009
669581
198029
115166
865522
894755
970877
702884
699488
721645
869192
822708
626587
319289
746394
428268
505355
661543
63651
700768
252099
621897
31426
946670
830919
700612
120549
150184
541994
855455
125707
939130
887241
306358
206196
754166
731033
270277
691113
263104
903660
414213
735867
48452
489757
37841
711884
18124
79951
568269
882738
894484
966590
983092
518278
43250
503882
278564
674349
669144
12868
983420
787341
585552
85385
189818
861612
682351
403404
845042
829798
393342
482908
809512
265199
910463
441528
658990
295100
200794
2722
308990
418687
187511
751604
403569
103407
264004
3741
929404
118783
236572
965019
839969
686939
250897
369591
168776
759164
956538
117879
219209
246936
835418
624885
880825
475229
682007
285042
922600
341765
473712
170305
91807
298189
961901
855909
960459
867055
842316
47418
145634
190655
978982
473003
242345
659641
258676
104928
114442
884925
17102
606504
972761
208648
529481
814705
834478
573671
104153
11799
425754
285320
36165
436070
148794
845080
528673
910689
470476
663150
598586
14430
737822
423740
261710
989998
412097
7716
152549
98419
162831
136491
502185
828438
352195
379965
694609
427156
721326
610959
993116
747793
525820
136658
478333
917076
906974
73755
744728
970250
564700
626195
244322
606203
299185
982938
939756
208794
546735
277419
536496
929407
285559
453423
439919
926175
632780
770550
385990
445189
997964
577677
876236
341376
365952
206368
259779
252872
290003
95753
260666
315576
942936
807927
222511
775229
11180
786527
491761
840116
739551
793498
835597
356945
302118
38431
454500
724720
218705
722042
395798
300324
704816
700279
319625
539515
794258
82241
953161
955882
750061
932926
323729
406744
638752
914485
542732
157168
114833
831378
259994
787000
723545
404589
337734
155438
119027
431931
896403
363120
282883
385194
254474
501836
239184
33576
137010
224752
819399
35328
615256
619240
277981
386902
803706
924218
437247
382234
743544
663195
634114
723340
836761
972034
197571
315079
564796
211535
418358
836707
502508
817845
160806
560136
635147
587455
812184
480709
617508
95072
761810
153594
699212
283516
440586
76094
24754
437068
291550
643278
216544
917628
262314
600963
203638
87358
287629
390606
713721
182238
850139
59677
847719
773066
920126
762254
486260
440163
214203
163686
243159
730603
957442
225082
946801
21817
404000
671119
761988
732654
639459
451696
978564
411984
774502
303088
1886
64860
419776
626657
392805
959740
140674
455919
908068
833599
453560
787906
638475
990668
769947
831263
497343
819386
615187
949862
815300
427374
37864
980182
686012
344685
705660
155777
77094
965795
414860
419114
760310
492566
378101
720952
391852
998793
398856
823490
845791
394157
783955
204778
532796
920969
923802
218341
239697
265741
637774
177977
914442
191634
702284
860702
394522
305822
444251
944801
901500
274845
892934
720424
448465
4368
142569
389050
822732
267900
159188
216375
469080
95848
274749
236223
254558
644093
794806
430741
431953
707935
245937
901118
46665
5931
902739
395554
185098
810068
536187
685784
751212
630180
465503
814775
803661
371752
898689
454957
779567
135197
744915
429273
933302
704508
829990
956238
257559
985283
670814
410702
425610
602352
668305
606200
331108
616041
38350
301680
21776
253806
952423
721159
193771
482262
293495
5720
399272
551926
702521
778003
548904
353852
139463
732223
14644
59084
711925
308616
175372
777538
696386
204981
781624
517204
226009
649937
51358
220286
844552
778489
678345
163662
149536
170547
577834
149428
183874
748411
294436
616004
364877
635360
979055
939800
145210
782529
573399
440095
21566
205347
518802
33114
516088
199242
620483
220122
296734
548578
138296
434748
226899
704098
632359
473718
170195
524078
753669
293083
665794
664727
671390
529637
621890
105029
112540
977776
999824
493807
121798
655908
417576
356228
713266
334101
368484
361782
296437
472266
954158
444245
899394
85742
165347
529127
639033
962374
146114
454063
129297
188313
853097
760840
227023
770131
121966
213323
833908
10438
364268
484718
329185
604128
693795
626007
345070
813897
773549
881758
636708
743499
31779
264
748882
312685
796783
251328
24842
652125
728839
329337
332161
248234
221511
539990
58966
433245
623414
736514
708571
500151
108886
950321
379846
983112
996570
956643
397928
576981
613034
261720
106295
993058
484429
71320
882183
505561
319642
204447
929410
628098
844576
893967
903635
79463
901328
547426
913952
435431
639047
31437
600564
380140
446425
581157
871677
811688
74498
620153
138296
880070
44035
610199
145139
522154
885370
670234
641620
946033
174024
851926
840520
230870
335642
525362
73014
687916
469119
804023
331754
35654
368525
890708
737837
47551
515473
633910
441037
353142
88235
934879
289546
226883
25924
726368
222146
421887
440453
206211
639031
815868
688479
430679
204210
284670
480885
720372
487329
461851
637871
318675
170253
919314
251606
226451
64434
397084
234224
951711
415801
698054
713537
108347
229737
518845
999366
670260
79706
373845
783067
233675
930771
625470
41826
638506
354774
337180
593106
144891
456406
351973
665364
439970
153539
165685
439337
441534
622942
226946
758283
172864
88380
457336
292942
968402
16226
699378
664991
116128
230525
873792
942152
996893
388096
969865
557429
312066
247169
524398
152825
316288
567218
86867
392942
79599
659411
225143
155757
712415
338363
390447
889045
468068
818298
550950
604086
564394
704215
569392
838767
705727
471526
11845
57210
701776
109815
383847
143230
70086
730726
278344
928459
57629
767877
851305
166312
795099
732647
639824
213570
523055
601296
600358
258751
662181
984128
355620
416393
868705
862589
382429
346661
906439
791103
832042
319443
47132
518071
582400
306921
277524
446235
441661
979657
882477
468636
773594
472714
183136
226818
623288
513447
592314
19437
375394
246832
253031
105671
641378
257397
778806
4567
84891
341575
597419
39279
758190
55708
127889
270199
151540
516827
914223
641474
325380
201667
804044
780293
431860
599471
482705
567591
53162
61778
963492
982136
966218
249387
884252
238205
435237
466911
194929
879514
281493
194556
682553
343126
71262
803474
787665
978859
873940
728080
440396
20630
521192
75621
266086
387957
123185
404246
147502
510702
242170
633547
438834
721104
224166
819315
540415
808227
253640
382367
631995
139257
321103
48562
912939
89946
650913
686529
755109
330495
804518
420078
573847
742584
706548
770809
354126
49541
495851
774499
185983
859869
538670
632359
745577
565885
783986
718746
552948
808480
74393
478527
872022
879849
953488
25414
661425
544869
862197
922596
240264
327437
920456
654000
460687
784772
919477
28182
817244
560345
724555
104837
751444
161242
373742
232822
856694
851991
543846
773284
865590
302245
841129
894707
296806
59868
857366
583627
180849
127472
27912
189518
534068
539166
78394
258264
838549
830807
785618
581632
863455
765914
491711
244034
81044
995764
986956
213718
11581
251085
878007
89100
832472
445337
472404
60792
193034
967529
252648
198336
152144
915652
812756
752394
280912
571025
10982
336468
618966
573475
357068
428763
922141
791488
812722
614762
305060
997339
968681
371004
818314
749773
451926
744781
844046
593194
668708
21507
133964
178230
153876
702834
421868
682369
650754
110763
521847
842144
944043
300194
886933
602032
993424
987036
998016
785336
832270
214234
848132
650258
731737
785432
762756
930582
93462
911439
205651
222855
704804
816283
556084
413045
148032
395896
8980
379225
105028
401982
57655
958411
681268
766248
79926
63150
614264
244070
335170
524540
288332
388300
132603
559504
138784
827375
565910
430994
701894
900495
819117
849696
6010
193103
794051
339435
652520
271896
228987
605075
373086
984649
558281
644357
506706
425085
139183
879446
532858
188800
244693
885451
822106
585769
669469
927032
695272
637679
202761
696521
111083
207976
191806
470226
7723
738859
874759
986464
173992
350979
745956
599266
849324
59979
432173
546644
664319
287053
969908
220411
794292
174705
935142
631341
534688
86834
165469
453625
293542
32545
694986
767886
40165
842636
7416
26132
83766
305294
680624
189334
169760
84624
204640
375730
452367
306262
378670
116413
543737
872831
662424
120940
625491
449504
661157
497318
903586
76489
151925
135078
412327
44775
694649
372326
220812
62446
535769
923156
63665
813558
501006
239720
824647
341458
743852
254684
767884
109202
485220
557396
921052
74552
983952
144570
582916
959764
429667
181862
145894
413756
525445
229722
387018
708111
348367
167956
263759
67450
535264
396819
111575
318857
661157
456007
681254
722493
746287
781627
453456
155179
867345
712332
185821
690471
140548
875171
319929
248820
50908
884402
369830
898848
18563
295297
106514
328377
190477
449255
12750
702086
56477
816530
780032
526981
288379
958645
142110
761676
881526
790339
954413
781683
984456
870606
112005
50058
36212
222694
17782
225905
820134
97746
719534
58426
198579
635187
46109
230590
911381
27386
526460
214187
909216
749971
768577
481071
81172
937857
513858
801756
796179
443172
44065
284914
919619
648125
541293
368358
520013
762306
910866
147658
553969
294957
251722
169871
840495
44404
715404
347299
938952
931427
784242
730465
216813
16056
52627
972408
241677
206463
945286
449598
906543
737187
134002
11310
570191
336294
49288
189902
595780
825192
628653
939752
55511
524819
866255
301298
986265
821013
11766
861958
783127
142077
898571
789451
193855
364337
190104
693741
938118
619214
592014
495698
578894
153734
438451
982694
305788
475612
70880
258261
743293
15302
879703
990015
853581
488310
523479
58979
653630
638707
862770
426277
108263
307648
798071
501800
327046
468471
918829
695127
321876
397033
578145
507378
434561
939410
231527
355088
193739
611016
879231
156604
309681
950113
54690
166331
990926
919197
399243
379554
493698
257181
424587
276361
802897
324203
830791
965539
857555
818190
561788
978758
870898
359004
573144
842990
27943
177332
78933
616068
777282
350983
408227
470393
518566
967119
535748
114310
192922
576058
562358
153199
997298
604508
995581
584031
721171
304966
311365
625892
371612
910065
980507
351804
598480
221809
447669
969867
112038
462619
726248
983885
103339
859768
942080
856294
128394
143143
501417
643203
439199
342897
454733
115226
761072
869085
393537
977200
938510
707242
636035
775017
467083
951143
274782
195380
251243
480220
601240
280165
45969
13011
57240
602979
947517
829263
569787
92889
914437
749536
179893
352244
904196
797275
243633
114010
745818
249929
237089
58972
684437
908002
221034
497271
929741
284065
91731
136596
744266
385557
136950
130841
175445
844488
24050
146089
566795
801397
249062
116197
787664
271928
600871
408410
88655
225648
881505
109013
682505
663970
13408
667153
419899
890203
423513
338731
6529
789783
74607
133932
410366
409238
255449
980767
571780
715813
49672
223365
2965
927407
583014
786515
210015
104614
518621
931206
443496
992224
499814
552003
246911
476441
435078
234947
607791
164504
572812
976764
47059
233410
33840
537189
194355
994877
736551
70927
97234
860765
189087
566795
105380
919983
313104
204783
418721
324405
260377
277876
48513
774566
164371
440882
465669
354279
482203
38286
861737
621717
99229
294538
447020
739516
107180
997766
382831
57285
652471
606193
346393
153569
836959
394560
229339
581932
244389
459724
170010
794861
693192
632293
351594
509389
670970
830062
331119
108215
839984
30659
908088
217610
400114
634867
410292
436258
779064
847395
200144
812655
327837
643905
406477
669252
834264
950233
687517
78465
14875
555856
58620
793876
529998
220462
160678
396705
234357
712765
913934
926563
891805
892137
279662
294317
396390
525636
86362
519788
530670
887175
9408
505848
869480
155504
846227
973552
279660
86625
264353
998841
500277
702253
358094
814387
567046
791949
883523
740937
189818
581243
558316
864593
561794
929170
221461
609383
346376
348262
718716
200070
650876
392154
806345
805994
752001
599454
892257
603961
10618
166052
384567
156430
748703
666770
642930
419225
701491
496957
188732
683922
536201
189654
16856
506318
213943
933396
186114
266827
582197
71716
169143
705617
155132
722425
645923
137815
667378
783331
21667
108911
987079
246065
520919
726716
394352
889507
613065
641908
411457
468312
849375
723210
834812
698977
754554
142367
186702
343986
543399
368756
562181
836867
258181
627937
736395
791964
719720
930414
859942
721935
376521
194746
967927
126879
634813
238617
582290
211588
985877
236207
961454
68583
1252
976953
2701
584437
141
142707
453487
869744
440718
58063
137181
431538
68015
250185
240048
167402
541825
364454
847225
431181
620130
711648
410662
212561
894766
851779
425438
307393
399245
5220
690412
170510
515111
846431
258665
188413
46803
100241
793407
852598
563543
358727
474518
651754
893937
212620
860811
590739
279605
23998
514332
805876
497049
830012
638454
927045
987813
153974
470214
491959
584587
405251
693560
151281
908648
588027
978101
270410
327714
112754
296518
759614
443298
939292
946672
989321
55946
896479
775192
93091
977107
594214
971204
351286
398092
641849
198746
262389
48330
583369
271416
103464
351744
410940
191070
146306
478217
435071
395411
308013
91765
439581
435502
625316
468299
923435
661139
772292
398244
340568
544656
348636
852627
811924
36705
302179
37999
157637
509141
878903
574926
63322
627995
903262
660429
259327
860752
838296
613695
500891
840560
111177
562106
248225
954921
594215
232406
42816
694953
886542
344631
964910
951108
792382
901480
231841
200731
645695
475523
763628
90972
768624
990387
236807
906935
795204
293493
689876
83714
633261
372145
143117
48961
803797
761799
862473
791264
223967
211407
788886
940850
299504
493742
729534
680657
975715
745284
763368
806002
366822
931121
817754
275116
828719
774058
572261
452561
423999
275132
218154
363437
693160
547617
214369
317902
338280
282552
735085
191844
621323
638581
78576
708904
894008
10720
380028
638982
826363
416311
200868
76953
974257
393402
487244
249811
434110
41613
75613
37228
499709
955032
322341
120677
969281
467442
303669
194900
684089
398196
297501
329998
701060
616881
650042
790147
966611
356744
303925
109578
594838
650932
499577
365537
553194
309086
315490
843456
343632
285975
963665
441891
985141
129792
478915
799927
169146
802584
929495
419644
29189
773410
912340
207984
988158
487005
469159
859832
130867
782834
261133
531052
451604
28826
691027
880148
108986
10761
802991
846933
517709
294902
386377
409159
377681
345987
256126
357247
754408
416906
960145
307611
484405
854887
143625
957377
186622
226111
543861
641653
147720
239250
234731
217618
33376
980515
609139
199493
817612
626463
857885
914159
677078
572816
107583
590684
576255
755164
484589
69688
975841
860397
765921
160375
260417
937549
349778
785517
100307
394561
533330
179566
987898
898751
79035
154620
75942
87739
516158
608133
964199
657495
443164
411981
543828
657658
503319
190264
125789
541142
792431
656011
982097
576255
856294
754801
933810
199666
702166
12745
289084
492615
477461
154755
875136
399005
807175
251309
477015
536808
50253
395935
977555
40499
590823
519778
164637
160454
719697
917331
191909
678180
690339
935885
919387
870530
709622
743164
202580
250849
260922
412727
341925
853348
176138
672569
357429
186170
878982
121447
606516
957084
706181
634365
664856
123912
33957
71622
287469
483825
157378
902771
325250
415507
946181
441849
897529
750911
536360
996965
530044
453072
244363
574677
28410
489019
736740
24855
910537
168267
186818
908710
324496
537606
670801
488410
301830
330737
273597
803198
885670
165802
247619
365652
442479
347375
77787
413829
491596
965495
698702
138089
232162
311116
631692
664872
193541
975115
420086
169469
108909
11669
860287
540363
978571
384507
608664
641283
316003
366835
690548
108002
864384
80857
855727
640099
561795
626046
348890
356736
843746
492883
787248
494024
962190
685287
411004
613886
169209
238591
215098
315360
186668
913435
2126
859714
725817
600465
565003
423401
363254
810436
448780
370579
196524
850951
505468
126308
36782
161477
773255
560323
506401
492484
842064
931711
243270
62830
530952
416121
66730
36740
155858
101641
310980
540889
747758
926264
366081
502038
922060
825292
625636
495015
351935
500582
20334
727992
346593
2092
766309
263301
124864
426215
247787
533785
694846
438001
754250
400093
964644
915284
934170
420951
545374
475991
954628
197131
463987
999337
944557
455780
564865
42340
480516
997803
63363
700562
498123
243958
980359
207624
51825
582519
39671
371682
37042
52967
789128
888746
347636
77095
400972
789259
330276
643088
598861
256528
870166
170362
610916
793979
359364
126169
535021
3790
486231
776538
905036
356630
984868
50162
825169
351829
459260
144206
821286
431774
534169
477931
585183
100298
29613
548241
351955
381928
645874
302555
264919
126529
335121
754274
753224
890113
607104
745124
967042
463897
617769
187732
689217
540748
808437
293688
158836
293526
787869
336986
182006
877239
194267
915598
241526
854981
408543
520307
364033
480080
456116
898905
737235
930306
894420
747870
988828
445520
201498
236080
95432
470954
194603
557324
38267
143
973957
627554
798500
67422
290693
771327
288390
693416
652863
779280
434315
464891
576760
452383
962863
538885
102780
331363
7230
962763
983153
357892
661675
308678
86068
340114
997525
36821
513990
918785
691720
501689
291992
907928
521479
512473
81567
2089
201861
630671
949145
663098
315674
86093
822478
917060
59478
338475
974404
481938
396588
115573
432815
953234
890193
393988
380098
37286
879157
378657
309827
83979
420503
165102
615513
476140
10598
167875
587216
236426
804392
918890
914301
861816
288252
344804
885381
815328
153099
544846
431937
317016
323626
302890
436736
442009
846323
180416
517102
47069
137013
44991
577582
927600
411314
927893
596208
142655
724239
792345
169574
71815
1543
914996
585242
926498
114848
171675
684533
937454
716860
736740
865604
762254
553498
846196
767880
434338
754905
780449
981712
819720
461030
911540
3973
906269
236807
443911
519773
637857
278648
13763
247989
4784
969231
974365
364432
848766
458812
451158
978523
174215
734921
494622
517436
319815
922224
440294
176236
271130
725324
746571
55270
267491
975872
125803
747933
83741
289903
415999
851971
79313
614941
725393
772607
956370
440401
712043
307016
385342
799194
245927
139605
863166
93910
862881
547402
365038
689389
140445
223787
29515
265789
903267
4073
688856
829935
369395
121227
373040
586058
576895
437500
239096
127463
515213
478344
929789
253780
673231
379928
851911
497954
553145
707628
920480
421235
199045
261704
104946
792721
702160
393876
650118
633525
601170
6866
825931
986839
39273
625781
578818
247937
439404
174538
723709
956171
758085
109695
400808
70246
965609
928911
871449
111794
812090
42355
976280
794662
748289
831920
957755
212951
170869
224463
612034
902719
233452
604480
879906
943346
186030
380853
635918
884456
571488
210461
361515
47351
899268
528614
371577
593060
884402
811947
302797
142011
81844
468444
613164
35728
657613
686096
795760
764744
313536
57873
894730
560541
696769
877573
715306
709777
633921
241063
308955
579920
818439
605587
529
105745
248285
323487
471593
301655
661203
654413
889670
306076
855212
650042
803971
818200
670861
41525
644950
167800
179608
725064
348448
430124
950215
539424
60782
740216
77018
729357
170081
499442
568767
189416
252353
863921
69330
293972
38195
613736
693626
567324
876033
510557
225862
157846
762945
618042
717762
755713
424842
845010
644803
804102
289228
948711
241851
970314
145642
391476
483289
696281
615655
657113
78
622836
500420
723376
794678
616766
293175
578542
517700
530492
789411
314986
874154
687425
689606
26601
206085
203598
629479
154851
770242
932078
926412
484561
607560
384646
211345
202235
382320
185246
918557
134861
673525
846651
29663
13299
24674
876799
793713
596836
513388
844274
962999
539964
724027
749459
181548
540411
39960
209751
447631
691667
434961
889822
476883
144636
478135
444574
693489
54394
210670
183109
515650
990952
984610
216959
608674
770865
855020
820735
383095
697624
874437
22346
621064
539130
260689
783280
956557
232538
290018
731977
380526
445714
101986
182538
961781
77957
20505
773201
29274
237274
998011
303188
27481
626620
828558
44531
69108
871911
101591
964934
306405
144643
66433
913102
868452
226814
221287
829905
763046
446859
845503
87952
13801
884098
89702
300950
308001
584982
423776
433426
31847
301453
512823
476708
290577
797101
922994
13736
868425
552552
624427
422297
279206
423917
193464
265327
103
268576
325862
118425
997573
630422
892205
627636
518461
385908
123426
696583
498810
881896
97505
644778
564138
384283
69564
858252
97231
829816
55170
531341
983663
111735
990168
455259
15391
503396
46184
517088
119751
108990
697919
901817
533718
625757
569697
414891
602002
518227
711267
91509
827747
150514
471556
228853
663295
817918
28638
427113
862700
112132
494262
938460
262306
685768
779641
850044
719806
700099
344312
296734
604513
783296
49179
725719
41388
999343
667586
75173
341727
141499
304023
287910
145964
288609
709441
191513
573986
425961
269463
665454
916429
201538
7820
908615
815937
163189
209382
483059
429578
633529
444393
373657
80218
342113
35985
920198
855821
940914
205290
309615
610187
749154
763007
931271
76848
161205
922712
295174
211633
333573
868928
160462
87008
374215
353794
728678
979935
70265
963578
961953
950577
226748
804957
579514
711243
228968
374686
670900
271332
276616
889793
253663
649163
931437
939255
931526
541461
17169
380796
293176
65805
578798
970969
851078
178384
209478
512431
161789
754257
748730
620260
474321
233733
475511
271865
774012
265800
918475
231448
930670
477304
554310
97762
366740
770368
271145
590040
623216
998216
1802
857198
485468
759633
993303
773040
962769
88350
39581
494231
723340
808445
596896
766564
483409
738537
793017
105729
594731
295262
970391
392115
802639
227160
412404
130836
463138
535843
366952
506401
121795
888639
978726
854800
759649
225992
914343
247800
57077
329011
780344
580463
263624
232377
311833
988257
384613
472999
99850
124333
773053
721111
873523
28106
845105
765015
268546
813659
236301
700884
563127
86149
596022
33201
58876
554447
681234
209392
41547
389507
230371
790992
738073
876515
278801
729598
262501
557966
130049
324755
683713
668166
977492
501503
848302
990905
92330
383887
946134
285953
759854
165376
634744
209
470781
846162
50540
962847
411003
733840
991341
426337
103365
63019
272707
50943
284130
26457
599582
287724
292407
454061
521280
642284
417411
578413
769597
181612
89604
366949
745643
375880
725159
435956
409413
53531
766394
932871
507074
979836
609190
296923
816460
366504
809102
931820
302219
537069
137875
474657
372009
478116
645818
330921
114894
872067
616359
729233
103169
706495
543144
375143
316463
430183
541714
912296
781636
415083
301023
546960
135691
474260
535434
656693
898376
116931
510357
81601
902341
952712
610668
148654
503290
297248
785284
442516
671840
632782
939049
592785
222433
445337
694589
43579
395333
848156
88529
970193
986647
137766
320748
768641
475990
505463
720620
986722
991000
841716
695163
105333
118551
845741
983355
439334
599467
708947
262202
711048
986120
22520
425979
481229
148467
872046
456782
576359
440270
718140
554546
114157
947383
738203
586860
967703
403116
373137
973020
890141
803167
497667
809045
192397
387557
308696
235828
402338
613868
246948
276774
752740
451579
596117
346705
199813
927449
301584
733924
452194
948170
663409
229123
879116
229377
9719
929155
590954
240549
358735
985570
203551
137554
546030
443744
242099
959720
293113
749164
603332
528340
210836
8364
679074
1138
16637
20932
836149
397051
862372
824883
860492
688310
210077
653234
417426
330346
444349
118008
519353
88617
181175
995485
962703
331212
360453
724646
223699
888793
99244
401843
243042
855509
456871
687082
397525
843719
704120
801425
412885
86763
257466
866243
153455
192987
775056
492863
879596
79859
469908
386215
874696
661972
885092
414959
684194
380863
378151
3695
93525
648143
594545
437266
628522
744364
318372
53806
414409
596635
801973
330062
190469
864605
101046
535401
481713
761672
536204
522671
663977
172573
688217
356638
627611
412912
426297
426368
214021
356648
901794
554629
200457
621777
881769
825995
621086
307843
873975
35924
610498
557216
901074
589520
938725
576536
180926
815161
730246
379934
282273
714973
492760
447049
731541
309768
239092
335876
625031
684940
203705
991848
392607
734388
656584
967883
877117
972088
687714
976894
258783
376318
311020
149228
679732
705674
346355
981440
765860
886814
166107
301867
526619
314175
969832
164196
543996
802476
223739
65680
132408
510916
711117
771637
956945
812527
637024
288934
826318
686293
662752
684793
498123
842276
894034
773086
859328
199009
674359
762128
533118
842731
286590
660727
640276
983294
240295
554848
540240
898261
485000
868999
572047
950706
352799
908220
227624
561361
582342
772730
449071
156016
387159
98948
634536
511192
960184
612607
625238
243566
157424
399353
275032
277610
850804
751501
497687
334069
898279
816874
931657
646240
937421
750199
10037
779041
226378
282236
886782
86009
225871
792118
786210
959315
865553
30684
218786
723333
327874
19010
452897
514300
318814
977330
578397
611205
422402
133777
57417
552022
301376
836747
972285
409187
226981
476662
16303
947786
248643
843054
660349
893104
667198
229733
586836
794691
896357
623107
375439
6291
458110
821551
94059
166766
918705
435975
205879
776854
755736
84522
216830
957172
829246
422760
290124
253958
534549
487814
641604
86720
167534
583614
304148
845117
387376
789588
120139
561754
137935
586809
112721
104758
602203
646490
910346
100305
304103
345411
802539
137832
397631
686190
410662
846579
373663
29992
653073
495757
674056
525097
756706
61336
719943
503052
550211
347551
256849
21970
195724
969352
185573
482936
721564
195832
329732
523055
632962
984773
384464
883959
976919
405091
841786
570548
639607
651846
378823
219786
828851
832927
145740
474417
952998
978171
937834
673386
67403
654927
659339
488057
919101
138248
455909
23283
768508
594283
85693
141255
488230
600369
980405
374808
384847
447122
846700
702408
807884
723443
191639
283430
466611
156730
593556
756274
330130
93970
252867
212839
798959
543525
18517
689256
628213
85404
869267
12002
357597
853393
339634
270196
436070
635269
645540
77543
539792
576490
100731
479830
894197
405836
950464
341599
537399
568903
194238
924629
753726
709272
169567
587421
63022
936439
121153
603602
415835
207714
422023
871261
421459
977173
763146
231707
141832
99980
261772
112895
746847
685987
223283
289638
41504
373166
532542
268428
823644
674208
45093
47058
431838
236935
438284
115129
734879
248507
472437
120463
387876
321871
130500
490243
327401
704957
944282
201152
210869
251397
772048
847314
442072
664440
848935
656577
95241
494601
808085
667373
578111
104760
605886
224291
712057
11873
533912
123853
2725
657083
657418
929350
525627
685723
881333
857309
438429
669688
734888
79880
786809
231915
260446
914767
690608
622076
501090
168659
892615
104758
950814
328746
400278
545344
29771
857628
843502
317899
944387
173979
141861
468442
432256
303429
857797
517628
491279
139852
647149
985171
913193
714909
605814
305767
127593
138228
634606
661915
256126
312361
109748
514710
155474
742375
593979
919901
166095
177239
685440
624175
927827
828008
755036
361579
384737
710352
441124
650912
993069
645035
614303
261889
899494
368332
188872
940728
441134
708193
807714
25808
301517
646917
215752
89718
826532
958903
925896
209641
624016
999268
122096
520917
678332
609226
627594
744162
881629
18331
758177
96588
583499
676793
423991
517576
818294
948103
33035
106872
388466
393097
901506
799798
201287
364480
358786
914580
586278
389567
845254
717526
548072
514710
942350
245162
544820
204905
182685
634556
160291
753495
449105
952529
668224
677048
134874
870643
984684
559203
999390
7654
440769
797216
504392
440871
1987
81433
152189
144734
129552
710110
486663
309563
843087
68342
700129
188811
307880
809715
42123
334384
613910
503071
900119
603500
149993
623878
427603
376554
200594
817648
938270
907517
446548
343673
507629
953922
591186
713800
915831
98497
791764
179785
996230
357282
35469
1650
347041
934772
613212
891539
593030
357699
130103
394700
156442
816669
923534
404193
108238
651096
45521
481560
610182
397658
308367
730360
193457
949592
722157
734069
426993
248994
312787
957697
91331
682429
540882
697905
699977
7076
519217
177369
595718
403604
444831
52740
405610
730782
721475
194704
745890
987303
159169
392343
542243
532546
286843
58844
189890
912739
70348
663838
295808
565057
187014
482125
833624
965758
508570
211979
694855
871240
289763
500270
571466
57222
818905
305556
277003
677620
98528
813460
629405
77787
435991
182934
523275
79873
952103
140266
697630
242546
503370
621069
316259
371402
183311
803079
786571
705435
126297
796777
993141
469428
105160
937646
626463
444774
581502
537317
591528
210250
269521
294962
793880
198267
729127
211772
467652
495870
258210
716477
333857
369551
746224
689852
594430
635697
303696
834878
775535
560303
637485
807467
12890
883860
571456
357598
353863
875189
632151
864826
632835
72981
552714
701477
639577
267949
557265
812317
49203
976093
431078
838215
13094
11915
453840
139578
827673
917732
950981
934626
486719
357516
149494
699214
58519
567898
789417
10062
207844
771428
890528
320688
974898
751844
477622
84057
400636
156871
391514
891414
206726
441615
549523
688559
954566
216136
808969
957937
485778
727758
241618
986595
650867
354480
799944
945690
552201
91850
718614
525321
739857
970216
12330
482510
773479
143934
606535
526998
501031
970016
808480
62801
472813
373825
199154
330042
952451
935430
836737
863778
923463
289326
991373
676385
984744
377994
677840
535949
498156
167358
393523
365314
51661
535367
539976
421535
352111
682554
700099
941857
739754
878716
135777
767874
461783
852437
150754
899818
802662
563229
29972
125732
239939
826638
760089
867061
684322
538104
487677
678543
908144
102653
397658
496768
773272
868967
897394
669331
935627
975379
965133
607044
993673
536025
66216
487657
785857
242830
263507
350060
928195
706622
219168
693359
239491
117902
808236
119420
50685
234965
837802
363076
543598
663082
428865
2939
882946
141326
285059
160993
684108
118944
926567
639815
145781
6400
269331
693331
761611
420490
666869
477394
69165
998564
358505
230429
544880
260286
532723
626276
584610
355382
100453
427679
558087
144482
788133
899959
203170
649953
918692
715357
277780
839319
365824
591090
56806
612745
12850
610610
967722
262631
228736
177291
118067
777009
471025
897186
277876
215583
158209
114320
261517
116577
582332
301286
533514
766362
780144
947421
1283
722425
866587
195667
325679
10000
866355
419590
877217
603179
711155
423197
891514
390621
80925
598717
543292
896794
469467
556826
98067
167383
893072
733035
457444
780390
702398
426016
264737
483642
603961
335687
918970
826245
566453
198627
461699
617410
760046
705637
293469
857469
344068
20851
639231
922998
634792
638901
925128
915464
975604
674883
351519
171261
991871
176454
334268
342451
781554
36492
961557
208965
952762
493204
252224
17306
199089
449489
457174
781456
625204
476296
352469
307464
760553
296205
759911
781688
852008
872555
491106
302687
220912
188119
369487
217864
759467
856640
25022
138149
417825
228252
632036
553810
915441
636676
678968
851724
413399
802227
352398
355324
410118
377827
501443
688821
713901
660982
843091
541884
229970
23472
142830
756449
880348
194443
411305
87291
692834
494253
774667
111296
463701
516090
747384
488087
195917
773978
81873
932959
23042
171975
209014
565658
793237
75319
52450
830130
15877
111656
214172
451765
68488
409845
955273
975651
798646
672887
722160
508386
780778
106537
422632
171742
379394
301589
816658
900341
548897
975032
450752
22423
722521
569405
401284
385982
752012
997801
374025
56019
861049
895763
798088
585367
310251
15720
352267
482183
295355
653305
380905
455502
97558
698507
95888
739902
434106
14525
546990
696737
269512
572140
18919
828498
462926
798954
798359
19645
702311
249997
343419
907214
631415
802631
159989
336627
585181
502419
615775
288817
956547
596269
344148
708458
852962
112156
727657
274174
886207
412176
88256
355264
216331
235530
905411
362415
622555
492985
452523
29267
122321
992752
926444
253309
753274
205333
105829
173647
442362
69846
801345
263079
577424
674114
832278
322688
16159
198309
425894
154113
560513
14422
117561
521159
822684
128762
677840
449027
515194
298700
656380
7182
387624
280804
975800
664371
535046
65445
969437
749865
203169
813630
378823
241033
742487
426694
710088
748466
63204
393352
660681
393512
654911
461285
477948
3214
935001
440718
698365
754754
598577
714191
656889
699496
602478
1497
191004
465950
588489
428794
456674
928461
41504
943223
75715
201076
300061
125556
780647
169810
302924
283325
147967
983360
996385
911953
977128
400678
234597
540347
391633
793446
612641
402360
494574
76033
829587
352596
816316
600434
236428
519057
176843
31533
54393
525626
457578
689460
283763
935815
131984
490483
442761
986511
128477
30037
473194
687664
442950
881197
932789
495865
624734
647837
735187
528270
665894
733732
591827
610981
696815
871646
502505
74291
409077
469904
803807
479880
937157
927170
161371
992456
700126
972039
90753
685998
887060
88982
322024
251583
683414
663413
671692
671833
568689
148541
244995
339934
940481
306712
765292
143526
832595
299324
114796
240554
567864
641474
607615
448491
851722
539704
834447
242652
942496
356994
791235
458714
287078
263009
659326
197996
142351
776032
16952
996318
452833
955678
461319
274658
575330
965227
567445
387389
87927
798787
547799
629598
788328
509639
799137
342853
929797
713951
866514
860304
59312
147470
42581
88646
219313
567076
273798
791806
158079
972842
852975
176186
763966
590233
505718
837521
929728
702818
321694
774223
846057
868818
849531
478369
777068
777821
104594
385055
688999
640740
35398
660151
487877
181809
831713
105387
123413
887089
363214
237337
291992
312287
651691
420406
432055
311755
553524
284621
471581
51317
106322
355217
20570
616683
482670
466242
18217
395104
931348
431185
329275
245254
390223
256251
806108
769059
586301
659475
261802
559077
682741
364695
757332
527411
803177
19506
354718
727554
133949
560043
281403
508408
315303
36009
98326
497567
342670
185734
157413
655637
360708
802397
479856
340706
548971
954823
129065
408249
644156
392866
215280
837505
920670
682561
71800
675164
558143
378809
525362
764962
498887
630671
36272
291311
403458
184148
957758
838561
803610
35433
346200
820613
413034
730799
645201
791576
85783
944663
429298
173964
89609
798229
258502
849131
265536
68863
947518
184654
320846
412743
801118
445297
942425
61594
247727
963204
960684
394227
814944
691904
702952
193182
870277
32618
930558
894340
844203
121092
456435
174801
605011
548462
537377
88173
484182
536347
254714
201272
570591
355722
419694
446125
806887
940410
89066
880032
662202
95253
587746
826518
578532
483713
728685
867104
577782
215129
459901
118649
380970
140896
4910
792628
321219
492296
596748
701351
538689
474853
80516
757025
883649
182234
450927
702812
763007
900566
717599
783947
874793
909472
317779
203703
267089
210626
553936
828105
172832
868267
672187
953568
25419
685851
484666
157153
822750
434495
369579
629923
851046
175672
904462
226127
753331
739899
89863
1316
509262
703838
534435
424442
503245
356908
225689
114845
214302
493691
713563
332244
587371
50048
874947
952510
794659
837381
351553
880175
223967
527752
601028
518922
942685
437606
294559
610032
935171
325200
185444
191349
715841
408370
811701
727485
482686
315482
627517
627450
765647
246165
470328
979717
20325
179975
505603
669492
765760
135253
907590
987029
303036
256384
540622
57600
417029
827807
773748
231644
269625
302005
297869
229821
932378
159340
915719
789014
968093
75451
798627
664853
670596
582000
994804
16573
364746
175520
866666
37871
976484
286027
63010
814858
256482
806927
503101
808963
956398
841894
657061
982132
977410
200954
187790
13229
403423
958046
626403
695713
74611
560782
303680
452254
536573
102011
489794
110368
512698
31797
930373
949299
326225
746050
476313
50253
972487
553486
566593
688086
198654
909459
103961
136017
12405
896678
544103
46301
606127
634433
390949
570143
808783
398683
740854
627107
281020
942540
457856
964456
812222
816829
852835
250065
441302
209739
177680
275408
437632
524412
517348
664041
186563
982286
173485
538751
250323
786788
30023
782744
585483
543256
761952
753179
407505
71706
346648
671664
308915
163061
75287
309064
510901
420572
563478
629894
202794
521249
96906
508757
909996
148940
859529
37366
636554
726015
812723
181355
968303
573404
141179
733190
235026
853939
235519
46883
128871
776756
723754
128119
366785
152511
442662
670853
337205
571283
736937
761186
162051
526331
331986
921993
903045
153335
499475
389958
768403
46228
609405
509140
115994
254190
150826
859885
994639
661685
698568
946541
34857
383439
686130
875302
877911
826011
386870
784643
507586
584967
545740
293492
205726
192009
949167
749341
675170
639853
922614
589035
826011
318240
401544
584676
720372
407382
639377
111341
585326
58599
752047
101173
138521
94648
682364
340497
859637
151739
966363
730454
463218
288857
920590
215590
407417
571775
851282
395532
297197
821495
530141
546014
698731
477743
62707
42735
79916
877143
173831
190357
912911
448001
253518
596306
466687
706545
916054
214371
68557
115539
547050
156496
906928
310547
530611
366423
403644
877498
505054
649552
12559
424561
761197
663774
751770
653220
986380
984712
608174
164857
946113
879707
392267
715873
186367
502055
857619
655209
261476
741119
564948
855804
887743
226325
331520
613823
446327
631601
185444
250612
476392
765264
767173
333278
835093
357555
145050
664971
788460
246334
785576
84187
165433
332080
909448
21102
860374
700143
638897
165335
212485
789527
938664
701012
134578
177079
890839
237257
977980
187514
961128
251792
496236
414366
851930
980414
194834
817771
346546
429755
350188
115447
444382
428388
675200
542065
601679
518980
764057
782328
254563
175658
773237
165867
552176
40902
625615
789211
440934
458955
912833
33548
347319
317003
114062
417491
687397
65603
612098
947675
929770
81990
940749
554603
914416
258220
563726
627709
683387
619266
583189
483420
534955
274085
162675
773872
182533
113564
6010
82326
750939
259269
994254
91461
789099
488054
545855
806521
328139
237465
526567
109286
355300
178989
880186
90441
700037
291464
148270
891038
986126
885231
539417
922678
125111
697766
54911
786790
530340
678892
948428
301171
61148
656077
712765
386499
981761
494851
165461
986126
135969
744203
24964
712246
299234
350537
303568
560015
429321
844905
481975
455605
259940
875863
310065
457349
625769
334733
783878
340481
643419
336084
950172
519566
238184
217822
654337
264048
910937
578171
359453
35781
76043
953134
776705
725965
303505
292860
91097
959768
773751
997039
358962
652542
237276
708365
164874
896263
221863
328199
144883
945948
305267
4362
370247
119016
69809
231324
142605
272759
234377
300142
502267
250719
890556
913732
44827
854963
201574
868006
43857
905228
818611
205307
777129
590595
225956
84189
754022
969596
956240
523426
373739
714127
117601
944506
888302
364383
947060
684911
909007
318651
244945
28771
947344
401999
459550
475871
105784
374203
211524
735574
815602
818543
41448
317004
705253
92382
768508
64011
580605
580975
894540
282107
580552
922040
801283
49913
781941
523430
602389
276247
826689
673858
198192
245617
307185
987698
358039
390041
889543
565014
538338
223177
389111
575206
762513
125236
778688
531156
550454
750643
506657
864343
818847
869342
966962
175492
162762
632658
534558
761732
44408
381120
97590
91324
492984
375955
155240
47710
424916
769442
319661
142464
828598
318976
866411
70201
767367
559989
817591
656876
106952
293011
520124
863581
806338
366217
424582
742011
337358
271994
605265
235560
52345
124209
353890
709531
498800
633305
829859
811469
420313
667454
774053
646163
708777
533449
668852
245172
631694
356529
748688
849237
388009
564564
967930
918748
143822
500098
154103
416073
946945
357626
500436
206878
82351
210034
957071
392574
44633
889821
150434
943968
925401
622057
587539
762329
60625
715812
292894
471577
421682
747601
903490
812973
578896
202165
364133
867152
550283
384180
768205
229830
773086
605170
892970
544027
508655
952446
894995
420903
879007
808708
134190
188415
903263
183317
511079
509014
134785
158421
468004
367594
146301
342980
845775
640622
302241
554904
110864
581018
267146
61936
589477
507485
173987
644048
306020
139298
460311
678689
663632
720785
410530
627818
575250
329809
639190
52954
765042
914944
579099
84668
675746
914406
342641
468231
643180
520446
408773
206571
667340
388054
3356
443502
880083
367508
864931
775133
970618
918685
268653
309649
365630
565761
639820
569004
804404
28945
438421
560107
654413
161194
881213
873992
657746
980995
467628
292552
828175
48326
466146
770922
98417
215616
599467
963680
512335
208742
799021
142918
625557
58346
621730
410891
750652
46473
353079
112668
929327
346284
816011
180807
471226
478472
801800
462755
863810
176731
350154
701870
589937
839627
114512
103698
650666
463207
64789
349785
752949
446066
5948
594797
676081
649917
614003
647657
287868
320039
730812
83150
889928
92909
81001
619218
133813
457894
289097
54270
861802
521820
684707
708341
123605
396368
466808
853438
925904
925767
475576
906486
72487
836139
