17995
298014
448358
770307
859577
910716
457705
746099
638636
1615
572831
690392
409491
126474
26781
971406
271770
700786
482210
714433
855338
54956
924494
727407
522573
62704
759152
390753
463853
103052
151523
736173
128699
138843
279388
729978
523723
300903
429259
332122
610734
970919
509909
934732
154348
740286
471605
643546
397071
200449
879760
471963
547700
68608
917843
725045
740905
955431
791464
439446
339746
53016
66660
546871
182048
834
484414
108394
155932
636445
938768
2405
241841
511737
277414
848428
202029
852520
550691
450368
947115
437996
541471
816109
173279
515824
53427
910830
175217
365564
420941
570076
207420
725449
558549
687290
69047
530271
388088
207253
207793
175962
326033
734037
225553
530326
986160
919552
194733
64199
845587
297271
443110
833416
337921
939881
466990
922199
311840
420340
221346
466488
753253
343629
905034
629092
782994
350890
475737
998334
896812
232415
538333
102382
657921
311857
61776
110953
357681
153183
69281
592538
40205
469625
193204
839585
222083
259208
508459
660147
601348
983138
621618
805488
946333
429044
970259
217796
540
249240
676049
221041
841145
963021
316419
589943
388001
89639
496121
739670
897807
663643
664626
875952
837322
440438
241754
459271
144579
95743
359453
498384
243201
397077
114827
47715
267991
524074
664312
818698
225448
889129
266632
51401
826399
489573
900710
280999
12833
90500
145274
436719
763060
659690
424770
816189
24459
767092
16614
429195
751165
228122
67689
672810
450202
241376
482992
116297
119366
592347
541179
742202
47186
729768
875090
740423
105511
102968
15348
194936
774397
771139
567838
640158
61714
854174
732063
571650
258820
235193
866594
489965
51422
426238
121179
630865
322232
630206
751143
158345
317359
110704
12664
529339
930826
780481
737965
988510
734034
945693
110815
765782
386309
310344
135125
894844
75830
332404
902981
471049
738975
790182
65740
758858
560411
127341
456341
927091
474952
969349
546596
830358
782656
303731
152291
450099
981873
629904
587722
909096
982572
121282
73608
174794
979565
709405
187654
681285
92754
429367
105293
385758
42057
258796
844314
884768
460139
186666
267787
3905
184273
527589
732884
241887
691360
709570
749222
645377
297159
814514
999163
270558
892253
138897
617866
232204
266769
843280
265536
686492
2631
215018
547179
188240
59652
115931
878655
202152
237125
539423
643691
823298
184101
178737
497912
659361
444769
479572
804264
777970
274822
523384
138397
390416
855549
613382
996363
336450
155602
982861
569958
662082
182897
592402
731832
200566
537095
52863
842079
75907
95713
381314
131158
877648
452228
316982
171794
271189
696914
315155
351988
166922
174557
578146
617276
259243
973827
386828
166204
620157
798242
232574
684846
990420
219388
552487
556493
863614
668040
418747
630399
722967
757163
488149
334736
598437
433769
906074
45410
387895
822029
367859
128967
542459
753929
763447
998902
875378
293564
270014
782008
870587
198125
249783
624919
257121
111646
36922
463040
903253
853381
900033
715031
99710
176191
619357
871777
989539
351784
301695
952948
37334
205567
882724
537830
385444
409943
252456
765720
153230
294696
431493
975434
377111
219551
982394
24859
862623
55089
25157
475745
787209
83970
968102
265924
130185
947275
303182
360044
39569
177432
385853
163121
727820
356688
493734
42105
139093
305871
677387
117254
531265
428240
199290
365656
110535
566643
522890
331067
880950
872599
781221
558404
887366
235592
966202
14777
236754
96094
700219
49669
745304
650460
563808
158761
732108
134795
418020
131041
878247
652270
841580
124276
287925
860818
706103
527095
861914
95154
404863
634153
147224
48193
655313
248990
906385
192698
996145
801676
367969
370561
222399
408460
301788
101720
25594
652815
704079
818255
780401
570600
272713
549041
471182
816743
704489
921174
587184
110207
769631
343276
517252
840114
612064
379477
638255
703699
184540
909890
243313
113749
566723
489609
134544
819967
272901
887293
681649
656397
151714
714868
260042
602373
753131
610851
581971
495864
802240
423576
651439
838811
337093
721925
749462
174955
196337
396486
629997
324571
727364
228107
546609
123992
234523
565057
692188
996125
851783
901970
141472
451720
990594
11272
799671
502332
49701
542619
121100
823445
15643
845258
723473
209658
586431
772210
256560
54601
322103
281942
889069
218685
211256
857941
923276
567584
76291
342562
494882
63446
192155
792754
665804
624613
198732
405100
667075
517710
889286
379884
195024
548071
438579
377234
639893
743691
616438
797373
850141
712437
166681
610804
235038
823704
226846
834573
876333
916572
604710
805297
482550
717292
364153
578799
528483
54281
652794
129520
733741
21138
899559
965859
596877
79243
375357
156021
198285
290951
648570
423869
702349
462550
948678
215533
641457
274987
227068
717338
746633
816354
436105
558732
468225
85329
927637
579094
251245
614792
39019
864945
249416
368890
967899
23203
604350
422293
732338
870491
738718
422296
584860
9383
682202
85036
802830
582396
3909
674729
608786
229945
189019
246165
463947
918332
648374
391299
939207
207253
764451
590312
728691
632566
40893
754235
250389
763186
333236
493730
942228
169029
390718
525571
729591
495131
696295
702350
464214
259885
249915
421263
768265
420257
844405
498298
188656
684464
150778
99092
108463
911797
377362
243796
886739
767653
939051
856051
741044
575175
362555
54503
943516
577853
457887
278193
344578
544129
102808
360637
596173
813378
977061
615239
749649
583722
970094
320598
122547
122352
160037
484751
645942
826427
488956
302141
892270
196654
64679
467641
3944
15055
729861
446064
503706
716742
845432
626493
344838
84752
861191
783034
755872
305909
781533
310489
994235
183868
48989
976068
834238
754721
162840
327261
166998
50975
514962
48125
14596
490603
883069
488607
547563
575359
524174
295745
361483
72641
421669
518882
222891
84276
547051
75526
981782
297733
700257
642882
769055
585277
976477
300904
880896
865903
312589
904569
143999
984207
699590
132788
858965
287193
839017
859045
149325
61647
454079
149480
211222
111577
450024
961507
93048
943339
269544
205446
881463
690192
385649
560635
714213
289585
315783
201746
361751
993639
120628
892684
901934
853983
416340
489210
706215
314509
882735
761110
653517
3153
49660
630233
951656
718755
266728
219159
942407
867703
732910
238500
256729
820511
834206
772574
306216
224198
302393
987818
779299
874079
706225
353257
848460
468217
465799
24030
24408
717021
77078
542236
44137
299877
587614
489795
529431
509611
672152
7838
914688
629325
264942
265109
164396
400641
107071
452826
118802
100987
980396
31857
121550
754960
18229
106025
337443
852798
130690
154483
255598
266098
107615
384989
532654
856778
127291
608721
384515
847852
215140
561505
592309
208576
440398
118776
536362
250549
176222
594277
467784
701383
135396
331379
300772
965479
297491
718196
73792
222609
802484
935731
928952
922275
583160
374326
947537
646559
881012
928491
333327
554786
651410
397109
109390
819301
309801
230644
339669
602696
672810
766552
50316
469347
385800
886757
502084
21608
741038
950681
374842
194158
724872
276986
192866
378672
97237
870791
152515
849397
12043
144893
133377
903338
353198
889421
740646
972277
48232
923873
573664
772379
634535
357560
946576
200995
49594
282533
953257
869513
18012
58999
572897
588384
117821
774408
411154
901611
635126
471461
932074
696051
615574
293106
967859
144718
763728
965652
68090
25324
599190
813138
212590
381267
148401
669819
59458
395501
782473
115319
390506
89579
85659
630173
798910
324580
465679
961189
937954
323778
769725
275191
654987
732516
257522
962778
516742
815665
319340
681852
763902
94423
510726
188420
204373
922973
83305
879710
81664
788954
688379
839785
792183
600857
53682
745906
919095
622573
995423
727149
237670
409390
447164
164618
15672
340332
433900
158269
213402
154767
66189
170995
752007
210003
577681
352463
96129
763001
981999
444716
913212
688757
337449
552084
121845
7146
330005
564959
254670
480744
180096
227895
114785
948848
233996
82388
345896
716038
337496
233759
68687
457743
615220
889369
791845
97848
267921
861274
773489
672938
820015
54803
903447
679574
81677
597274
694775
657645
847202
969753
517199
92284
451391
137034
320427
352886
274580
625879
427618
160532
777408
501541
718804
443591
559891
524331
348705
519747
445859
929992
815767
697041
471991
614967
252103
370088
751419
101819
491680
622788
329323
69877
617497
841339
267996
383186
186549
606693
699616
468187
17198
159994
773815
868587
880636
916141
599673
12211
189504
623202
246655
412644
871448
340548
26634
645297
345275
276242
62384
439960
968484
462930
676539
575375
580187
88115
624983
207269
62940
345612
153050
65487
872423
645801
845440
893019
614908
991575
737290
693091
223316
331930
649170
917556
483565
756423
280584
112377
246681
819860
194729
218847
543492
351453
892412
173071
730131
426851
998145
869826
408085
936335
664519
55534
525356
196054
923229
784345
122048
643461
359187
880278
674418
673440
542743
12944
72342
535028
773242
815806
797859
553533
25958
590276
283852
328950
593771
110819
772947
922107
269164
872883
3702
821758
35000
933104
611426
773717
992814
697191
476638
800326
118200
879075
657726
443148
487851
770463
940534
622383
938674
589300
359346
402394
845432
776196
393425
870060
978747
817982
447958
159351
621641
890748
903566
946713
183584
816799
715637
869084
907720
741841
159866
773728
285059
279047
909843
299110
642982
615361
996734
948132
575385
55962
418111
431493
386701
893871
933041
659016
933754
826571
848120
164916
140556
893485
307772
613846
460100
569173
84499
631369
390130
647373
24668
413447
960851
291414
310088
12782
870268
739975
898484
461622
800349
866525
244591
923740
845996
98018
333050
802089
459967
456914
569685
23320
38932
110269
360650
580860
234911
204718
619032
786964
306092
505318
782905
3166
233535
666598
846809
677546
965479
281796
997081
149049
704230
422944
226871
577191
813742
261860
840901
199436
489917
346968
913768
123615
297919
761760
866992
772960
884595
458596
835691
635501
183137
824872
552852
690735
838659
167829
387264
450979
876294
657515
474490
54527
449489
386656
282780
993888
738839
870917
568213
44862
241182
622982
750305
328738
813527
728163
80760
615328
305358
718634
832031
226502
89833
819489
714919
966888
866265
525243
498609
126616
644017
786396
736710
180358
795992
264436
425622
491778
857440
240036
662804
465088
612615
486333
416380
476215
385415
301283
3590
79755
596879
532015
284683
68901
834520
29140
906684
334237
244076
438000
597457
770417
523766
726594
192767
788927
425132
783422
372487
825764
241036
649874
339893
873904
447317
978953
474939
305740
170287
561807
213161
15941
6197
854012
932638
587258
351048
952834
687453
482965
554710
529634
812713
909386
337424
399484
620913
883217
68667
409308
343609
109945
961280
169500
59123
671083
821046
868037
553615
186620
205816
207499
726122
250937
651207
572592
695889
91154
164710
77878
636542
241712
867525
52239
733598
482983
654480
123120
209080
275954
109290
494559
14878
449787
623989
180988
829748
632803
142116
117952
378370
115111
268686
314089
606198
229320
610650
851572
621981
634495
279926
480921
225586
584679
243843
249072
670564
417496
73050
432170
186938
877160
166381
618773
201193
850963
343817
976135
388284
695445
876294
437114
552603
736835
952903
552283
109774
954273
426622
139562
649296
400704
649934
199293
393003
547800
815366
788790
241584
207760
987868
268206
293064
172519
124279
562844
928421
831528
471567
574064
890622
469237
260944
868213
51843
691859
668790
183870
597522
323456
649842
342012
548905
929151
774962
927953
504995
759931
300794
787001
270766
461467
586765
505075
712267
982883
693926
816055
989110
969733
18971
112877
198482
709223
658959
749817
150383
681634
292851
124949
957567
876995
707714
202315
410247
98808
345879
504266
410393
329871
489075
293896
3365
807182
561872
366212
460139
681190
613009
727743
674204
869817
333901
52934
382529
377602
66568
461733
848953
964640
191074
907170
980209
581967
845319
752953
853410
268281
594751
1251
998442
940610
67695
306675
271429
422821
780815
319231
940352
414735
83271
985979
293233
912614
97956
594802
40612
208497
355152
207670
259030
473218
890430
566832
565346
701776
391646
181286
672952
824716
615803
751493
18095
643596
330695
156311
976420
168448
883901
600602
119427
49947
971120
83894
681945
492997
476921
195031
850451
405626
56132
942487
921693
264469
63075
49538
349905
290547
377741
569050
145970
442455
680821
320273
894494
969084
169593
353435
585423
84140
789755
249915
154965
910726
702897
846772
773192
338259
62817
202507
28463
601047
286604
499567
139201
519481
130965
459371
615355
520820
336557
333824
194361
567753
157200
870330
524861
769202
282426
496159
641070
630461
934481
924829
185014
50404
543937
967018
513340
754832
178447
929019
310980
201868
309236
449213
10756
474481
385679
244517
490342
647018
842140
850493
782871
344049
477705
896434
151535
486061
17448
133698
499478
156664
205344
818769
242826
29015
310279
161573
813382
205144
401425
991754
514344
292099
656942
582447
770024
811732
959961
480954
422870
944554
313434
425994
739061
803124
914986
963576
159025
405012
730406
648496
939938
452471
129998
796199
887598
825944
391575
356626
716065
1590
162369
729275
151186
218899
245211
85883
673307
423549
914979
387038
356358
641960
215274
988078
46841
25091
866828
328312
222955
797169
49021
450065
567381
215025
446414
505155
957602
759409
786790
251292
193649
660857
745684
913606
58606
597120
780824
121184
193005
236628
853533
531826
621785
116755
505150
593799
693389
549375
951664
839377
147010
491848
80028
808494
758563
688291
451175
525077
915169
331726
199559
248983
160094
657072
191939
863634
122224
917496
362247
756422
550744
142377
582138
568198
810927
907041
102958
67910
268952
408966
618560
466939
40655
811771
303985
838656
582660
690024
956174
989470
868245
945441
769575
868897
331809
248192
574008
741917
369868
519040
489576
681437
385679
858143
711728
419634
743171
763683
190338
590267
886519
738229
340846
19498
951063
465308
678325
291132
75310
545074
735005
993256
134021
739452
146967
50385
573336
496605
273881
439347
371948
889119
418030
559763
910835
567809
339778
55319
562826
372253
889254
911370
967334
643360
256596
40378
757977
902485
737519
809024
999515
658787
442868
927195
162249
655149
708691
114069
76374
240733
358884
416602
24003
401057
150392
788945
255292
600052
909905
713906
986581
824615
607967
551689
45099
999952
635304
770315
65775
759393
935890
598461
444490
1894
370519
961407
166906
837751
458343
62256
371151
155428
959375
409545
301206
24130
919914
782258
600220
496328
28542
589245
764470
743572
66578
247268
844989
100154
228711
204386
254037
73468
771592
751487
972472
958807
221727
822081
933079
753061
471934
840115
492870
157653
275631
14796
100515
917704
857742
657913
418598
189025
249099
452810
154113
578817
229258
612183
302032
743893
122501
549295
309205
19289
922419
338065
421383
214546
489162
768741
548339
624581
274737
958444
410017
936475
854023
921336
711072
463185
571488
111561
687804
337261
601240
13432
68338
708933
86646
222339
362074
530795
663210
293466
87210
304534
520438
228087
446854
686889
231506
573088
10098
710592
318259
480419
86143
149619
655432
388338
58196
945707
453697
357582
529088
741604
7129
244020
736417
673367
694410
166358
820644
161716
50485
947087
549702
799265
335431
328645
471041
313152
535949
402310
333778
72008
399756
654126
430706
31319
969262
794478
817348
640713
938205
881201
834053
801603
235259
276807
488794
989314
9556
622271
488234
376315
251473
932824
81696
149228
973872
506062
885591
644643
639241
173769
322319
655196
467193
928642
453599
273160
127478
797091
750421
449361
40801
608482
628559
378921
202069
544306
842160
371999
867084
417962
78860
555814
220777
873999
603100
203573
744446
383919
76443
32734
796091
611379
105907
424062
383349
118195
992261
96569
542972
654449
4436
684319
338479
735245
790818
604337
766295
157537
664523
113785
292238
496144
1345
982635
670636
602346
834774
576915
207710
181866
471050
245932
764951
838954
806396
537389
57264
121749
411144
91186
89290
262602
48022
334616
264538
873471
242299
694694
415940
322264
761354
724792
179619
77315
339918
375167
356331
429653
786104
113627
604824
728616
242350
546972
580625
70871
802746
667285
266876
929056
613848
791954
22151
814698
678837
819149
614820
509149
648185
461243
486300
530520
842952
485632
959136
357077
848593
395838
345965
421272
323898
271742
779787
973390
119728
667455
20521
265109
778922
965261
753454
775550
707911
648200
903925
267320
981769
868138
355384
437499
309706
305069
412335
432567
822157
202370
840750
335493
415630
983148
458314
588922
453882
59389
898836
228480
22717
823500
484007
758190
267130
256692
512388
482689
140098
737740
732796
718241
118010
911005
232699
378475
54782
817069
523626
140542
569730
894719
681728
8320
593245
995206
83253
247358
698376
717608
683933
676787
523905
375192
107429
83300
169243
540015
884847
600821
861569
780947
376628
412196
692178
372703
330376
865274
699048
345675
397007
976879
175465
838140
271625
250087
765535
375885
374401
959065
788242
47612
758468
107280
876112
320251
268839
548283
403928
551908
510427
174575
692580
435979
548434
683464
894812
544700
86712
369649
989812
516393
219092
318641
293099
556180
907958
263613
221518
282777
125933
375591
783750
267814
637874
725353
192650
130038
762703
171513
874480
465457
351623
970941
117216
968470
555525
225836
766637
112274
628657
660853
476198
128976
687701
561526
913894
111996
176963
361012
80727
438249
802139
132755
420414
998053
82982
770479
709294
260617
122712
425582
424750
137134
788964
689634
441292
559292
783810
977705
730182
568405
128487
366028
710219
480072
761676
297005
549532
623859
52415
729043
844098
216278
667340
26078
946399
25487
429286
778769
12908
423415
163932
523463
346446
529611
440241
989038
508023
825825
901337
611348
984711
120745
489733
677387
678457
632361
260202
397722
987659
784224
631737
15223
854483
832213
332445
148207
428543
875071
932973
717200
779205
497852
297785
655042
435900
139534
695242
670910
812709
475876
565820
288155
661555
875082
868162
379252
327315
60671
844012
101084
266841
627470
9585
308182
362625
409700
81323
988171
912620
109758
264113
527063
457960
100627
158287
102440
893083
833111
367355
2273
311309
749212
54837
983339
968728
45123
392791
685497
821817
668574
938646
125092
49210
955766
485711
371905
326394
227816
687659
786485
866347
658446
119441
100378
93403
499971
921525
453379
40376
15661
402887
466921
536850
534585
238615
875973
650407
222718
921009
328065
831906
808625
913188
407071
602370
354913
948611
637844
659002
875785
800029
878010
470188
111946
648228
422496
515910
564195
822459
415269
339039
540530
249964
324771
51328
183260
230535
910106
385708
669974
787800
612607
414022
883955
806972
844766
210721
280043
34182
66527
113803
518540
778584
96427
922607
678439
71914
462134
926832
752310
745432
167004
210394
246936
135964
801950
711240
994289
115824
897790
578174
272822
875850
431834
30069
307316
850995
67848
22264
26708
741516
984114
539962
815313
581152
29505
579588
584988
391762
355488
179503
499420
298135
713603
149879
307417
48433
47696
547958
350504
520608
178642
757859
629877
604393
164330
379604
982569
693916
918273
58040
577782
321245
87536
41301
548191
281679
649464
367155
703975
199599
469643
16581
732124
543865
196528
334508
157639
781399
333608
581610
778355
398225
26372
807747
194797
395039
416271
398363
193555
591248
5881
765177
140510
148022
706067
60125
482418
532201
464746
914207
678967
13548
463488
783838
94490
718061
956092
697047
887386
104735
107600
817575
955429
98086
937283
138209
631721
223763
732303
62639
225591
87457
27175
686298
541441
578608
131720
815765
374390
795845
980032
204569
544312
306244
778009
11036
318898
80800
131332
253900
732977
310050
716530
889508
471684
745887
316861
450029
450289
821736
596797
841583
992721
584761
710816
427526
167716
303380
917734
581792
976371
632893
640247
226762
442893
400416
210424
936095
998734
370860
12849
191278
592980
277451
241792
818467
528869
412586
405073
775179
160953
944040
91396
781481
997684
820554
255077
742519
770245
943069
642252
62984
716681
659900
540
1754
20489
922508
730452
400743
820823
992640
654052
897278
39414
144602
929784
67519
797582
813550
466311
372300
399252
556379
774675
115286
142098
282545
999729
995626
497464
846062
808431
495850
696785
979332
962692
308940
467628
986311
955505
914773
982378
30302
196322
758003
980040
995586
528438
316932
113992
841093
617510
600036
838051
756564
155505
908371
397742
367596
155610
101958
972977
197859
564034
206026
512033
261191
696825
685405
903524
781147
56173
170022
346128
29124
641109
824936
863396
326436
580521
725676
307853
366944
865673
483091
714878
468398
500150
393687
92195
124132
499426
621131
174425
637229
122118
713537
664138
553133
36725
985867
730536
312790
5089
550467
584568
592393
504251
207334
939669
745125
64568
309012
977296
444593
505018
702525
23334
323778
370013
721710
560373
845268
501043
145034
945014
130468
407283
196974
871651
824089
496598
508061
27583
436687
968716
657854
176259
868204
138403
410086
289223
877524
837144
501016
590037
11380
275280
272064
898161
766151
189258
427569
568467
507901
569459
699320
259380
662276
391783
785205
510670
652530
38434
49092
521239
113552
815299
763194
791939
165813
654266
410072
839868
999750
337495
890961
884875
693840
196766
697863
641099
665243
647192
967662
692738
26304
43914
299315
231708
176866
6428
29169
613612
745654
203216
431094
400596
629672
127053
587376
999949
856697
760102
51318
707429
99860
932141
276080
604229
924516
967655
486413
651077
199034
262547
778988
300223
657045
686485
851891
983136
470955
646503
489915
154751
356625
374668
486300
894279
248407
527509
584248
606226
470383
659901
238005
822951
671677
138596
31115
122809
737359
550829
859277
739189
898110
783037
351459
593957
215245
620372
2508
513819
556801
877810
640875
895158
317955
51788
740167
941676
132561
854413
840952
471616
336554
188923
795681
468024
401180
265080
515037
479543
254879
514792
622949
941143
341969
973258
644365
182265
856106
132111
589869
223110
993394
789378
66925
300828
391820
525177
493311
652189
710124
265098
983579
26034
673373
370601
670165
470036
592759
545065
11913
818164
922177
318529
201431
971144
485550
775209
956390
353221
819415
879734
581160
54671
425200
699084
644390
371039
875671
905661
681361
8425
651184
649310
665661
809998
802820
687969
266418
137835
504705
711528
1260
898711
464801
836166
975305
755831
81575
154319
266705
629686
220546
344298
179839
25325
407618
702600
449210
626240
413489
989694
689501
275794
897304
119866
577434
675763
771563
206376
866573
52799
643144
824819
935186
254089
402997
441224
251050
972274
27473
486805
684033
560938
877957
16547
659760
755450
386733
276200
903906
25401
901496
182270
441749
596056
180795
219986
190562
440480
401758
295156
882193
748742
564026
883546
376848
268526
715341
569857
431833
365230
496738
764378
613083
330448
865181
688335
795400
144885
815249
550677
67915
363517
637859
881754
184655
817168
931286
277020
945147
225154
478957
823422
865183
530911
274445
154014
89208
652880
471254
545559
329013
996439
681558
595212
545874
673317
275952
316656
230600
336529
61837
230270
454508
582530
372686
455160
563197
739391
191797
787237
581291
341645
262575
215491
464878
924073
480635
128736
45239
435516
974247
692912
916621
795720
319098
405412
491355
29780
600581
280211
869665
568113
101895
688545
572295
390379
940480
728853
796789
352505
733371
985881
974044
217524
770383
739215
748580
772357
252632
764717
427012
9873
493941
318855
919749
836957
817329
913008
25992
384433
34143
865509
865659
288180
803227
543080
374456
974869
928669
781026
588466
868571
702486
393719
772728
272063
748295
779426
221779
329557
361493
664262
800257
253358
267250
108915
878179
410300
95411
27185
30325
881436
488121
507216
659522
105350
399282
680122
310908
307973
441061
321050
559158
683855
210656
987121
865396
104465
337866
356332
716582
23311
292655
370032
438161
712905
734659
235655
943642
881442
599417
83169
612562
992291
221583
814556
421470
84401
6467
779085
55730
902125
491428
323842
590973
74406
608075
477678
922054
649561
853289
420023
784636
561891
541317
830659
812122
366019
96445
243418
137364
767654
972549
832823
652729
483546
46010
739419
498098
730913
645755
938697
520570
391779
578362
21841
346833
61283
773552
245240
693172
860874
708767
187940
34405
936028
19070
86108
599967
738317
694161
196915
982206
724448
878391
45604
1801
422176
197498
534778
408980
304019
268922
796143
192008
381501
161308
286623
350036
286037
170695
220993
424114
557718
581562
992271
567307
543722
132319
511724
415209
1978
732353
492786
858796
629600
610329
854614
518789
897179
455633
415740
828743
467210
586334
430627
833295
440950
848017
684721
591497
493940
825224
871060
798838
300366
438029
749578
706097
266854
622858
256184
763191
94848
716188
534408
117105
111266
890999
202622
930234
754615
203152
293815
510680
996451
28236
164370
461246
298188
413265
964138
816262
866689
74893
275268
305946
645739
265331
945183
534837
144891
347049
776950
520351
366698
476882
596234
662358
527716
39398
816897
901857
162045
41444
963498
594227
544019
608465
785360
186199
465929
992842
157151
185300
697582
569356
713132
99888
808221
903316
725654
838515
457672
689140
511409
524596
399275
613185
544812
714514
727231
168001
847555
800620
90964
598193
447147
902840
864533
594764
43514
239303
132128
486999
166306
675909
355395
915965
21768
463850
330459
544884
677144
938704
544721
540216
296322
978009
484738
389050
488670
715402
529064
288800
80482
32947
155871
185987
148720
116215
441045
378158
413982
66922
31585
128560
250757
67934
556174
285114
23189
946360
833926
282997
681748
323808
772051
961181
202244
819962
987591
23712
741921
898196
403467
878586
747169
662779
553001
420243
788734
633199
861488
473943
847910
526848
783783
825696
263096
482559
554199
603863
852866
903691
393521
578454
851588
664313
583886
353882
726094
944269
354278
179206
776504
571254
311599
224832
95887
325922
194486
918007
691837
516231
790055
220254
453039
320929
149406
622167
131555
839351
443767
233613
431862
734037
631408
115830
523975
770425
554079
614209
386353
481617
483844
143834
817172
808938
876755
363327
996338
726545
618267
75649
372926
933006
667088
534846
685652
356023
542764
965082
157730
904499
594776
279647
646412
688519
359520
964881
348542
900823
712982
238290
952982
968698
534345
680840
423646
412516
130526
340121
420546
298850
206440
886933
570393
86656
38652
509346
10797
503776
566006
294031
762548
252353
14319
458336
828398
564422
986996
609912
776341
643471
968298
75653
42070
484715
938593
837791
885531
413443
732417
815690
476421
49160
988197
439278
340504
646694
996627
576488
833450
269068
245292
453512
880898
915111
781865
305211
378256
418563
903184
848776
696443
79959
9930
467076
693879
739886
836905
790564
478348
705888
1421
316804
926685
905264
231881
770032
552235
523482
117997
170643
290364
105187
183997
126828
260256
546333
383079
514584
667150
810712
995514
84428
15183
894419
481594
634944
641387
966637
611287
748739
903082
971965
888105
966309
567480
663842
438662
180357
963045
140921
829669
414513
619047
223959
343161
534764
812979
135644
681524
426098
873266
515432
513342
687722
972468
77689
949307
344940
344363
473277
941373
996705
375952
551980
874202
741564
353133
456357
71374
765682
972647
331623
130066
938659
489496
156880
765222
73551
521461
894423
947909
949092
56103
274692
959009
923448
729654
519949
271766
783789
512558
443752
223470
494352
241980
296474
529121
504510
706137
323700
755621
663965
24469
951359
414792
56438
113208
542304
697855
211088
129834
306491
990739
66348
516262
991411
264282
122428
802737
232817
860630
34254
647380
19491
356438
955347
995984
2827
814030
446087
951224
699882
947400
288396
466680
395429
459535
830512
20119
115588
304346
599323
334784
769007
511431
153698
921924
946571
475599
245371
775349
455220
152919
430249
959835
657113
422841
644456
168778
11719
4611
209242
933571
142498
70517
149708
185803
319675
551245
426615
645620
109885
414586
354240
635101
76413
504177
189744
897956
972592
79778
502792
663648
839179
161777
974795
538984
507521
813556
5340
721612
784362
63878
104643
326208
45017
959758
299608
484258
523234
164091
298063
296603
3635
828988
497897
918013
225823
122222
615635
319944
424693
306274
412292
778046
886682
116608
915089
707515
102366
582459
720068
618363
661080
337633
921886
641037
675617
523594
345300
104221
477934
534079
489927
945437
171279
953318
53396
877393
111576
331517
737508
418130
5035
293056
347128
99580
241061
763383
338068
709921
558276
605141
12503
726891
553095
923529
980600
245153
29550
624471
957314
638989
693799
404687
641340
920995
766186
726725
926094
611053
955471
509415
873061
966484
588911
663377
866050
428172
526574
847926
896857
713698
678642
539946
468978
659553
713791
107127
55303
693987
388105
577950
50208
562647
573957
706511
633427
655869
853010
957425
446243
176243
65346
364009
986448
881388
643218
165571
274480
535506
863262
419641
225935
676750
935263
580439
965948
287538
330873
186688
806062
724521
899012
475609
898462
876548
640607
731396
166240
628237
558676
241601
913247
906332
137512
359463
353262
588821
559089
56690
512740
382995
611843
143060
196575
59469
433852
464986
605562
760145
808318
359424
389041
567703
834230
531341
33617
622102
509411
643056
513272
928701
279248
409453
988423
528237
282835
922377
396331
685972
839828
266638
570608
494523
733043
918183
272302
537759
137782
742233
39082
634274
492149
313755
428099
853130
96879
251854
401856
394210
674925
760320
436697
623732
310541
332629
690579
375818
318315
834506
69835
784385
565028
565072
172017
579610
804349
270896
667498
287418
932167
976874
94365
510683
347223
804766
556692
991076
384345
10998
673366
889163
233831
181869
741330
846169
658067
38583
162893
352763
366980
551814
239327
997232
133985
901761
191700
203225
546128
206258
192028
469142
395045
967424
333215
773269
991200
419210
925021
861063
903861
598881
979851
781310
918809
822344
715872
448944
532887
433918
585055
497472
161732
363924
181238
275302
821712
411666
334955
779899
343536
300266
286611
336968
812865
204115
802708
104175
549753
203045
788704
838388
833922
380047
5498
367673
909677
724805
688377
556726
355140
263913
407681
14076
526221
582210
577834
791098
481061
486475
539962
170559
379239
697483
733737
34940
547951
863927
97392
106094
929602
604127
498253
688379
688020
337800
239982
704411
767223
77890
129921
232137
547875
820192
907195
958243
671568
502297
261384
195712
655095
935545
985533
129617
735009
750715
268709
176347
39836
553626
427131
785683
383747
963194
635155
793644
486840
419027
558337
115808
929319
565529
102048
752815
405672
641014
9783
808398
899157
96530
126632
290573
182158
265866
459115
114953
586990
893665
69726
702959
302592
920559
498034
465930
533758
845720
72399
808591
53845
455257
46728
928580
302451
567477
165981
299162
597578
31324
89585
118799
614986
812942
83033
112555
844121
636379
744098
396730
552890
642064
551861
144881
815139
205761
263896
427764
741331
382775
314160
205092
364801
807379
378500
746057
103497
146000
91596
330286
791161
666360
881137
113894
932585
656547
669695
888096
712157
536349
316333
261924
888189
32443
195524
328498
535261
547117
631946
199732
52718
947906
832224
525545
453931
507690
363018
341008
830943
996917
833764
991070
230849
302361
516699
86012
463678
921231
655288
281714
396202
411379
839877
540898
411994
415215
750652
790332
833392
872304
772422
903218
486755
692456
378119
225340
820331
508959
815196
382574
290686
710247
146012
516858
185980
742387
115544
328580
838189
607036
210808
553671
502288
11796
721151
789569
840129
78610
727828
667912
386770
738897
446680
323362
727036
749617
754812
169511
237328
20708
568737
165442
448603
473927
665483
165120
646124
312782
918249
447033
404469
418840
156991
400701
738689
363799
430774
35173
630890
381424
553372
663940
959465
981911
450110
119614
218733
151571
742852
395628
11400
289911
975834
822815
689587
176406
943212
465400
91851
303608
65651
39070
549911
116150
995093
52588
218469
835974
162492
560990
244654
267409
801892
68187
544757
735771
186440
602319
17368
15946
266145
582321
600857
802012
567117
797417
533844
832687
391312
932208
414202
385518
248846
209465
135079
860750
924256
900676
208139
621850
658040
945540
472243
804601
691508
266587
558446
635781
784472
582927
775629
245142
449877
611473
24194
863698
559072
780988
873712
370933
835637
569987
882656
748293
337629
432172
160645
141420
948022
35859
857710
158607
813983
240121
285677
488809
267869
853518
805938
8319
608958
780626
847727
325010
915544
407836
951499
491105
66271
166329
767216
539743
853657
843253
821702
2836
96900
37439
219505
18649
353547
251678
471134
571552
728450
322015
529427
254123
913462
137570
187394
451138
491129
674356
370405
97091
677368
579035
240328
720779
792433
85562
634182
878396
896684
948954
453671
537406
563893
199232
971680
359498
488441
174128
140873
636321
581668
781866
439
600589
411254
150702
116324
680560
7574
513471
957559
530368
874355
707522
839725
758791
897924
42194
2769
295484
90639
741127
109451
972277
687798
19829
252359
867135
754381
140806
21629
819756
355831
856295
38529
237227
655007
729708
628487
840245
261046
681816
381550
67670
402133
975386
906037
217518
375882
21038
647255
642633
177251
890928
478109
990292
143799
168637
732351
899325
581965
544034
94993
891476
10371
195488
946758
833626
38146
37656
639661
531706
459689
791987
683936
253820
315506
617797
680470
756812
184280
430408
490267
722932
963729
695079
888270
515468
32936
578131
280835
53877
990830
366039
235972
846619
947403
479656
819744
323730
519136
310021
480920
720114
856709
565289
562630
707939
960374
130215
8822
70388
950342
211213
734843
249405
242057
960174
257378
673209
723923
251321
909762
649728
769260
433199
489693
729045
569721
886105
269375
119983
744778
944391
927094
819836
750346
701858
214545
132497
92022
341870
669403
80831
279335
624844
400684
70706
855245
149839
885590
277881
945907
997615
783765
416160
930093
990054
348356
790430
510121
149645
719054
995525
92346
954399
977771
507375
397346
611446
199649
902629
165514
324605
253845
15266
980202
395013
342906
70565
344848
914136
714919
234878
74169
644876
748264
862767
405823
961850
603180
769505
583281
182769
328835
144408
225975
344220
578436
106006
831558
709192
81281
417983
252997
894810
215805
550612
3225
150515
874292
990015
272978
529861
500002
385188
828850
903697
75393
51860
224945
930280
901921
122008
527582
616343
186338
343373
608560
196194
781193
68352
781498
509033
960643
782630
667751
361841
405646
576830
676671
414131
276599
447336
773238
45442
190334
235821
921287
385898
311400
130995
55058
889451
373847
102347
326553
776757
857375
964034
470659
32577
448405
667535
92027
502679
44029
60629
225586
410672
467470
23571
431220
816547
119601
955424
338043
472351
708040
226838
307401
771397
221606
764766
113636
536890
319674
233719
250354
784883
648178
710912
110018
561542
511755
719271
174267
243367
426405
686415
608906
54544
541435
584360
302976
915534
822229
726645
509300
924980
552501
953893
519055
362838
875086
176904
62200
541894
675264
406256
914013
502114
501464
919560
163283
45835
962495
876139
473080
813732
751421
394900
628617
750454
672064
474747
887375
846692
308818
205365
109594
542726
607781
471268
266988
797352
13254
549043
935048
434652
469278
119276
342785
163679
383675
966973
650470
985007
399818
233290
765261
619581
304879
81533
292007
944287
284363
574097
972510
807263
955570
690808
245397
18704
484401
147578
65668
141544
47888
8484
50123
566228
902656
680092
489264
58909
693199
166508
472786
94580
703688
833241
89502
46215
389499
338924
140912
524149
230652
432812
5026
930962
625436
660406
131139
890133
490123
99307
742117
194259
2494
348576
425961
197647
25836
400975
282935
222361
959444
401052
177729
570008
567800
750693
920453
69545
866736
387329
13424
625709
33239
870081
288657
718716
567759
117025
845782
344369
554876
339332
486311
494071
106318
526816
834919
514545
302996
839797
555720
69546
983330
263703
223183
639621
473465
40832
130857
443361
680715
746412
480674
385484
965378
317301
516811
262865
263536
25041
177788
999151
386142
472288
284580
511410
92725
183217
511145
371176
147852
144976
408978
542663
629007
522692
532834
465685
873121
60980
481920
679425
462165
576164
866380
712647
602629
596997
882794
806821
277350
861149
55251
303018
530002
878465
709545
682769
36414
354661
850256
767582
493558
909845
651903
676950
64141
238313
814242
748361
695340
99267
922630
27872
785468
331842
613466
586066
458271
714478
632860
722447
548967
900744
959068
440681
869084
803432
168617
497360
417071
823585
94488
424905
803573
53776
856594
44808
357224
938715
661368
988525
725414
572240
876893
940340
703252
507063
962535
403712
363234
571578
358649
537631
424751
989818
826978
323553
97857
192086
991078
295086
309056
747296
278606
673451
798198
10322
927557
305386
104633
57425
15073
287594
217602
64172
417183
118735
779269
271501
184761
268995
34503
991486
457315
533937
734775
139112
590536
915003
200854
353438
88388
865303
73886
906459
287361
712755
326117
450515
653725
853107
634797
720959
150428
288396
611143
2473
862917
290452
428061
889965
713941
980233
791996
843195
927750
737144
730746
948442
102294
427844
556539
373158
797283
205092
343137
474699
368650
357559
899490
777058
90063
444525
324295
854719
301521
160023
495353
735523
241262
989779
239026
348185
736077
712460
682423
119993
767907
615643
841592
441251
157787
592019
856046
50208
505337
352711
122222
158321
566984
749448
614569
421528
977372
896880
231616
596296
14843
887782
525910
777775
409390
265745
680230
657186
161660
151074
465950
498712
551901
265805
752916
219839
383486
918822
681088
783038
991635
115008
457073
741604
391990
978152
25647
460111
28263
431228
801054
377899
547805
101982
885076
576862
8231
186120
246915
540436
79993
33604
745578
729618
739149
317535
853260
111943
698196
805295
107524
876868
664891
586425
972257
415731
997025
362159
213867
97636
103919
798062
730990
20844
654124
528894
935295
125477
330137
229805
61901
915233
267840
318822
597034
874439
336350
85991
783529
499454
303873
345002
497548
605273
233187
331417
690668
414007
198533
126183
398447
637341
911047
496373
584593
194622
566744
203014
55177
364635
909302
309368
541678
850293
374050
295500
307920
20310
596048
763984
449542
493678
180911
605749
881219
735033
541114
391356
770477
723285
200324
442696
993921
766444
820801
679916
387596
567188
856414
599988
556789
170889
386530
384989
693790
199406
378039
155363
616281
615676
941544
757991
15260
222719
933726
738920
907704
979796
439805
411434
373263
543096
615007
410188
706347
196314
890047
227979
519011
107654
509551
327590
13188
685042
361618
138605
783060
265391
936237
683452
347444
256741
566084
641790
323637
620904
69663
382465
306547
811265
959844
295697
171796
37166
231232
219300
463200
706048
726294
11085
260547
132712
960423
992738
281359
772309
371301
855482
710041
764356
772178
217470
655773
681305
655649
599238
957092
31206
813405
130670
624027
793161
381590
651824
246276
619823
681919
669788
587791
258345
368222
652830
953318
204901
80696
613069
229592
750429
617670
349831
227970
665490
146971
608779
291737
883311
539401
747153
182137
431134
266321
110379
957594
834842
374809
525093
396331
818619
656703
945795
935224
603344
584783
681723
873748
162905
917296
280525
525378
77494
347011
587487
591076
475524
779633
858411
775226
968608
148482
301812
814733
937423
622982
34986
57663
558568
312145
445631
757905
359765
737150
230553
914996
903558
266503
786943
142355
756876
428506
834791
558456
692286
910749
234048
789834
755749
560254
77392
298624
152261
972053
365198
285403
406232
664946
654091
221343
321890
167777
728525
639095
558850
263391
112984
275007
251066
884270
151938
567514
115727
888442
594170
346485
393854
361490
229146
674461
772031
32736
370439
782867
685964
204705
794931
294184
462987
271991
576423
446435
758201
324564
30059
416776
547264
931811
74202
762098
913172
238555
516693
777295
131465
898553
12386
15744
498046
346972
322853
892237
624083
737190
596005
47131
922558
33096
749858
402838
7198
387951
418784
783052
843880
867888
245050
836343
871302
51742
825420
313524
985022
577964
481900
167056
561312
371178
659020
22662
339950
783893
424905
387945
298115
667361
561129
773728
747062
530193
717526
195321
975097
355648
343221
771472
148671
126473
277065
442612
882573
277202
909556
14771
906006
599500
127843
304621
131599
654550
432437
541009
207654
277645
356019
501668
84413
968166
196149
738214
131964
796106
23599
548859
931004
45597
919148
693142
733640
177086
380049
878967
414247
257859
325216
898015
278371
579390
512785
429763
946950
521702
261081
7821
366078
956326
14483
937225
338630
8113
917520
85822
848752
158640
217365
133277
298480
300037
142896
322373
798820
515645
799876
727755
504993
905232
870
432524
78749
913955
632619
989080
838739
452327
40406
174737
735795
612497
993354
485560
23955
926087
463622
230612
325609
239601
655362
408570
330160
875967
162606
445335
122471
581893
465028
985166
666632
658421
157567
249350
965074
509667
196683
955060
875113
728615
346160
883554
391748
920403
878861
421607
190951
832422
164755
457431
719455
887093
265849
576372
389427
642028
744347
928850
218929
37837
457410
521185
434846
741975
886901
528215
829842
652165
509335
511105
749433
551898
368562
750367
661228
513583
445248
319609
12419
119395
119622
516834
135848
852280
291669
512313
176973
541843
137900
756953
983812
793051
915751
113237
175410
512732
471051
52740
765715
149356
250087
870270
322889
391934
815168
79385
902563
600482
45203
169850
253858
232318
952178
681917
936344
151299
657900
627290
977872
87885
289229
200512
794685
277952
576710
435499
319408
59469
606968
242870
772874
561903
781030
116254
471347
140148
134955
825129
554246
225434
876669
961342
482360
507876
380596
590136
238678
108295
771695
324003
461201
323528
513083
280454
294264
523117
764083
514434
182245
877314
693390
21582
799045
796625
910832
831339
71529
314839
304006
623224
808750
294034
240222
881955
300651
400710
129195
341958
697523
172489
757609
681118
721332
178994
508756
619446
578543
696435
416001
151265
814766
722769
508122
380746
688486
407775
205939
336699
476697
67754
350740
270850
132915
498523
807189
671762
65872
327358
607263
455690
663596
731727
529083
505607
844754
947672
16260
401359
466957
22440
867366
222606
520217
386583
866944
738108
960625
532834
888839
735089
491090
871537
402184
353471
294092
327848
249533
974884
473691
186298
527047
259238
338314
491723
116304
253840
161621
923300
118794
55303
433225
570759
951078
823318
713549
483103
284584
935957
442865
611255
722151
457673
456510
244190
848851
646033
202635
123324
236495
127293
569040
44303
248424
828756
686062
788168
868851
587840
324595
998083
900394
416349
35459
520556
480329
978028
110975
666575
500688
139230
172399
338139
749498
711009
597178
961541
44214
390720
560633
207954
917282
148931
338548
105143
97083
362803
868851
826579
518215
593177
184192
514075
136197
563450
144886
480327
420532
117217
315876
614307
606725
808321
785590
662909
61423
279076
608271
72117
581306
282189
201064
549145
996034
850186
938492
859767
896029
649168
612902
653749
482435
863423
763925
286895
677339
959889
838858
323692
714767
895091
330764
65254
623800
424750
781275
979929
145287
385088
779863
205939
561073
511971
868236
675363
436437
326882
688121
414257
172784
345003
320710
597125
822763
374122
530719
536469
422412
180556
306851
951315
785415
29391
843676
242405
752798
288739
571707
77828
285937
262891
559786
549702
683978
23747
510984
837339
646976
725245
287463
38885
65869
21705
628799
948606
644122
513424
515474
967834
672445
67595
299868
775652
405114
784793
272264
651407
157232
174600
177133
649322
156008
199948
145624
231077
798734
641108
321754
692413
280881
233360
128414
58406
816913
755573
320978
336293
261616
156085
758333
995196
274899
239164
805446
79619
384563
692503
934248
564098
723517
383146
280030
49443
96308
462165
883842
26768
723295
718048
828270
91104
55169
577356
489494
145000
906318
294542
179850
183336
658949
863625
397307
286218
829254
72764
973688
558617
426727
365701
912252
224967
500552
521268
349699
814255
87482
325170
842839
486171
563894
938719
951628
453283
47723
83901
477062
645383
72929
853330
33545
523498
285443
481012
405894
640629
198766
621180
509828
462050
606146
917864
199368
969269
955931
636012
992493
930288
288751
702323
419530
681363
871134
524339
682476
855673
157724
659760
453521
201114
417237
882191
735429
808712
525113
92870
747734
172485
911076
956197
880653
337191
260463
892131
947737
384390
409186
498230
500815
409894
499914
578366
202136
187199
725512
282149
974782
515337
296505
810949
108362
392792
60069
69475
934773
600728
810978
209728
984272
369736
629928
948456
789290
388916
205915
263557
791485
7984
618628
270241
628680
828690
273014
274921
753442
203027
677265
566977
323530
464325
327666
409779
853746
839513
190740
490731
84971
629540
426103
696130
169816
692307
976752
418254
13132
984168
971093
133121
586966
321822
712912
134342
376325
315021
686694
445630
684812
163660
719902
372788
866245
861967
485320
150784
2932
23969
409883
65869
81907
757717
78466
492964
752199
929216
65465
107723
283017
194719
600172
363295
483712
11771
802284
543614
842398
370307
176450
885671
381356
287193
244147
804062
422462
48834
398601
147218
53194
566169
308584
56413
824034
89369
96106
263481
451998
279443
515341
993936
585784
539354
943781
150344
583301
463269
597550
266325
512845
172135
882197
483264
530659
207327
58289
870741
914082
613083
493021
105176
471100
566364
8313
881135
847801
563134
483231
465989
924457
156466
653754
243754
922243
259459
210113
298112
426374
869323
475289
977985
298122
183524
174772
595063
717230
37935
207805
232960
160991
447764
913389
946931
198804
631207
812665
825486
855837
837102
167929
864745
293652
239743
555491
643541
648221
264444
207555
60343
241091
174950
44840
980066
237855
399282
121965
165482
407817
846291
769400
228564
127153
598779
13823
244116
588010
993744
712706
893754
754424
211515
976237
646407
85055
432826
187650
411932
122581
578136
967562
501712
508685
714344
416254
4826
889170
593692
969287
826129
599712
355744
917260
711790
502207
595649
583710
261634
410625
301277
848935
627388
517243
30042
905437
796112
486586
442149
408220
814968
644330
357560
993911
861891
526241
47524
838241
377434
854311
248601
563432
856975
318920
567471
641996
991568
647910
846633
94521
590772
781446
889310
349060
261856
685604
635778
760619
579215
945153
776109
668953
917040
839339
360657
731186
431303
949160
312230
303769
195822
967251
721108
251633
454065
33799
832709
818135
237764
459113
805754
483532
743990
59799
887962
746306
767738
226560
540229
260006
381326
24781
366972
196263
114689
131242
555516
61503
443715
730386
20206
509901
42500
617483
721385
610835
401249
95956
81483
308483
530457
703231
496561
140243
913507
428037
431084
321821
832933
704760
551219
775741
16409
695165
886040
574723
460724
306713
765608
581155
116041
563203
859720
17614
179912
622634
877923
660010
793640
552364
845507
349499
850929
952706
195202
991383
87299
355224
155536
538727
112101
491476
219865
39513
810197
272365
407818
850681
525954
57026
738177
213824
855438
855777
803284
39234
381246
753342
418554
158673
168290
803322
872213
993733
113519
611831
876127
993810
758151
483361
720628
950940
760698
815044
361305
134100
949677
740025
836946
271364
471134
49078
105507
757853
984819
389504
274331
218970
630832
32589
843911
500724
433895
89855
811261
807561
953276
547942
898509
793903
427828
149453
680135
150342
582315
766131
97680
67529
488387
759291
523507
120777
33107
271629
9327
602243
871566
131198
287516
455226
128543
69174
269373
867129
843418
379797
983771
448281
367558
12108
91694
534204
250312
726236
196178
356255
307955
140656
481487
961772
182424
697021
911795
393760
642520
568462
429471
493981
950947
965039
818752
318778
239071
970512
358000
805951
492775
409561
839291
278499
74952
396327
617262
104421
609476
426902
59015
770797
453501
526801
878843
53719
982864
224719
109612
833352
249128
70054
376416
611566
893532
881867
978041
748915
379111
733259
80083
298217
423381
266762
910797
302988
593559
451649
97020
21101
434627
658370
86955
582870
561840
365360
451887
509415
585897
838989
851138
40625
927800
680488
379486
720024
146285
136718
579010
737028
670748
809300
833669
448432
961789
116041
849732
890737
779494
371559
249795
814065
520805
952148
831136
829736
7848
763066
419809
546501
566440
902657
701451
332953
906793
891212
619527
703881
1367
4738
643075
260028
301392
745249
830310
899592
456616
494184
889456
802904
288700
812292
59256
270943
406492
505601
54900
953072
583944
946352
981416
391959
864166
375080
180317
263126
381051
930484
701135
717901
655790
95242
705878
33230
765691
765693
121881
897046
715736
737165
716134
746630
341157
37626
350288
117950
118365
46771
182119
269869
410733
436008
233145
263234
196185
180018
903552
149619
311430
416903
163033
271020
211512
316798
105883
578556
950983
932124
219101
27485
376189
718570
827461
217440
947664
543789
939167
892830
999970
586301
924921
500208
165662
34058
661719
329281
297504
325385
93745
486262
631803
366196
471181
307002
122285
576078
438631
308360
676090
646086
966027
876889
557000
137192
334885
987561
161304
144516
378503
379951
800622
797661
45416
634624
452551
582591
167731
123652
427057
343881
842119
41973
266232
509394
507571
592103
639649
578301
476287
26948
535414
593098
176827
624465
338557
995498
788776
953210
44998
492596
400069
568330
244797
183528
219079
180728
862507
656284
71655
572596
69546
514213
64916
32989
764378
786959
122671
916345
146997
798577
397073
424224
640457
78802
44004
584262
623087
706373
244199
936472
457949
737218
715546
34230
84591
828526
170412
945936
338296
963162
230327
566283
522336
740282
650491
195396
326039
415139
238363
716836
985119
340008
451322
612833
887135
404350
998585
534555
868677
640041
829581
399128
404467
628688
601997
621311
495695
432651
758043
395015
676654
239077
561038
822049
309789
843164
748288
996811
36171
432035
853256
231802
467419
890066
220566
676884
561854
12263
763417
229973
732663
411160
985624
66004
203889
131830
951759
468208
550599
196683
166427
649316
370619
495606
514362
21917
837634
535611
337163
940956
32004
665543
8768
676447
552820
61509
575883
527526
101115
288989
303522
937552
369066
304323
56845
435644
444542
42800
905331
918228
813161
886519
741542
973362
3038
969687
735159
304777
652613
674451
990600
957789
199902
859596
590841
708953
158696
711963
898984
559649
266660
337422
116557
581995
253820
831622
364570
664375
186839
835197
738772
62629
555860
442572
248917
999586
89115
487432
108225
244708
167074
265869
189477
280549
448691
907280
57386
612245
707170
899023
736850
221760
433069
580755
367699
661650
750085
524661
205398
119502
512649
928911
478895
952536
231755
559509
742635
453212
871157
388922
69355
507249
646556
838659
118058
561749
965175
503760
734803
24978
815265
675426
709593
753922
306512
758767
750897
624394
229922
969930
920224
716154
583703
498800
729785
907271
423791
645801
147712
701788
662823
780059
72960
955083
188273
839265
403419
299218
53632
709205
36817
425204
35470
921096
480744
375498
206684
178925
832454
658831
48410
172093
274750
394978
581253
396268
231223
714136
3178
893536
508130
405310
823210
428512
98322
961596
746424
646942
739207
998072
70806
814239
10603
466336
248019
293734
303937
954191
508464
69172
791664
579988
771317
253340
306590
148368
665590
996952
259904
512879
767477
917527
810302
291596
494529
30499
526052
613514
619136
576311
730408
233261
160906
141539
771688
456648
729157
607151
579019
695618
217037
691850
648878
601833
338125
834045
698533
30258
912512
774295
485890
573991
481672
761966
879546
584164
494318
698380
900163
268364
262334
775466
631210
952276
565218
656826
904273
675591
85222
428095
443439
126314
101356
973881
674882
606689
690192
301514
181925
438634
752121
214890
584103
195119
398277
248856
309644
999707
856743
407465
539987
237172
19108
899000
534078
224933
647864
489123
826181
881314
605603
686433
14121
859709
105125
484007
92560
928884
194238
480263
748771
254132
686470
517088
868477
928727
938147
154787
886254
135608
628642
442755
619867
462124
317497
381187
497761
366208
531883
71421
61197
438974
545189
779243
712379
521222
990830
979315
638212
473834
91579
548677
745478
753929
807970
14533
31521
975159
106918
866585
158995
49007
862083
217097
670679
708417
833454
229120
445574
734285
641115
920140
895430
269368
746823
488133
785362
779855
879526
727836
68699
993673
936519
275252
474353
723892
162629
908951
893560
305425
679924
614233
263171
636962
588224
362980
717802
696758
661154
705067
49098
770383
949358
664907
260752
466446
43656
78191
422383
325692
327790
137442
998751
816402
944261
994013
833889
192533
503408
963727
619988
747508
279095
656931
809615
70377
926284
977294
634519
658914
424107
523340
719351
414816
37746
422412
566875
364274
174841
974361
634715
436869
302141
489455
82452
985508
215971
468149
231754
519747
447620
355050
327794
775105
60595
133973
307845
33570
251880
883420
693774
484839
179569
959579
1805
461674
915104
22095
710983
615071
369846
150259
176494
872491
31159
827592
780584
996088
92191
736699
886079
819562
448147
948349
506834
1488
71127
198756
428084
703546
450633
922347
551059
351735
3756
520318
884316
389263
650475
372680
999978
595175
732149
690022
190956
805645
506075
122217
733048
650304
491766
763768
203027
165899
561707
373837
293744
165597
670499
715184
285534
674369
599088
627109
576399
325963
707514
141643
752197
400856
694902
450230
270735
367261
935018
950406
28736
470029
755358
947174
586043
913375
367734
3161
876329
72526
430958
497402
340903
884763
707901
928089
10117
665776
859717
300962
862678
633119
245971
474647
578365
403073
167502
120035
696729
563629
563044
538160
627751
623906
868771
335233
968832
324954
482937
671716
61840
904235
251312
516463
134269
513109
966186
801351
152035
100428
983596
856757
27668
674349
486224
550519
263045
631622
680563
30206
899252
609966
82793
593957
555964
887528
137631
511880
626323
931953
577762
502137
631821
410398
13779
770560
445004
881678
686181
137835
835930
966055
44693
441253
657320
609048
496739
140623
281278
322441
176937
947720
826359
8253
83689
809131
515429
525048
371144
410892
638
3172
427103
850886
377635
970458
372054
969426
56798
232090
736978
388395
972523
756000
997584
275435
253120
703155
292451
583419
838515
355248
492499
262808
579309
257509
901000
881364
995810
567319
267544
463035
134394
645072
721143
794721
206253
991709
336921
924583
619694
907132
418493
826671
806903
401350
364757
733107
754217
167422
37362
662958
465221
692765
542967
341169
280652
416205
681309
415561
852701
506423
671156
596093
872535
818904
663636
155122
148122
600505
282212
51194
413597
794656
482375
145763
767007
248739
532244
415918
471163
903943
630566
163395
177453
356713
437268
784113
49100
148249
101674
825306
712518
257054
341079
598383
567610
229824
508002
842632
828278
985785
452798
408091
234615
373313
356086
371262
203715
849154
24338
994253
377542
798841
784611
300691
583045
799797
106501
611229
968051
928651
446891
567687
584881
368010
156274
435559
6744
160302
987335
928403
781799
288712
764216
26929
359910
192203
854701
646540
88116
655123
975013
185709
406333
894086
522290
28915
851810
48811
301688
818196
432608
382517
910083
244027
278793
518901
643777
79942
993617
424978
328342
520817
64292
84348
784897
828859
454105
667953
499721
560271
221110
749580
179692
891448
312071
523798
443521
410729
613180
245624
106905
802769
404610
266125
955446
790952
430662
557383
637597
306037
339741
283581
294394
584778
797639
205759
968598
637766
86517
445706
36141
301673
858842
851012
467471
833823
348760
304749
116416
372839
200565
415307
408698
979415
514466
424746
452757
471317
233475
690742
976391
928933
27454
611204
108642
770671
265153
858162
847698
405133
60176
734299
610835
530679
818316
972954
601867
894260
632435
136217
780856
575781
900319
981969
149330
620429
191201
571650
534402
693685
714648
21663
933115
402582
277405
984963
96217
209924
680103
761615
162593
299937
451696
643691
705123
466284
707961
287984
828396
374677
120154
461603
172900
491718
561970
704315
120057
930576
364561
631290
419453
352907
299954
523497
237876
279606
434300
275762
645819
762256
26431
530375
445038
789768
225221
340112
654299
182921
285799
507810
715344
520285
59331
123796
874436
343962
831840
346038
281494
13816
891443
343492
558331
327554
333064
525063
693591
604311
727882
139650
197922
872323
279963
324957
729099
953922
700006
522573
801911
352502
921341
203983
763547
489828
184890
576207
359705
453861
800661
555763
717987
149528
681293
302885
377451
341732
890620
615916
439823
499067
281625
140004
34038
78978
83107
881225
612902
188007
763672
249117
200503
572884
569857
767987
821208
247927
837511
271325
49044
465681
322424
66047
245714
336356
719430
157373
913533
442310
807212
503098
701898
671396
840914
237084
497025
819099
588835
990948
277395
101808
868089
738400
877473
682651
529346
816967
481524
294999
73745
644825
934720
40000
344409
630458
780570
330950
9063
968476
234152
483903
716525
312228
40566
664341
595634
107305
113393
704845
155463
720808
889001
44680
208926
296394
7433
879474
678442
268761
141173
612772
108282
711634
279616
36863
774361
737076
3971
971521
220542
609033
936723
569802
326962
638683
464071
418682
896262
575087
801988
959829
317799
938887
540373
197813
703231
633780
759854
8592
184514
417014
309359
522627
746886
202096
711799
178403
439810
104257
900599
73240
123470
517622
770560
384700
430144
171099
439485
519758
529729
33216
865281
411322
953156
482408
992583
344995
690298
802933
689794
402049
22284
7069
217855
944898
537946
342694
503001
261079
84471
484120
890339
20086
422407
667168
575565
198678
253576
128258
477020
616688
463040
152941
367425
700589
486800
302707
86771
834859
596558
485691
37849
35038
136539
172801
830530
408556
232480
954854
859815
961615
466553
372764
312836
897477
548014
770061
5985
507378
5609
4956
85811
732847
45057
403618
755890
484242
78
996410
617882
130419
268217
859333
803820
621600
223589
808829
993764
180593
657930
830259
825851
713349
50162
427868
366686
819186
649849
197977
496807
339756
757250
876845
998502
768474
428066
412789
62805
291123
903510
972856
347419
607231
348957
914333
745166
350310
392847
29642
278236
265799
579951
164520
532254
28961
944040
794282
652337
485838
484129
998777
208018
930599
92786
21759
858925
487132
334927
624140
203477
840459
655829
288440
195907
452381
843402
676457
133067
221032
607661
710071
461571
321546
183375
358745
587007
328362
11069
808773
93659
863572
978353
373290
647507
303143
238029
208343
812866
854651
493810
130338
702916
694387
167637
29214
670552
72259
801074
155776
626543
608407
570044
308687
620417
699715
124413
80813
573599
641312
194282
956807
635825
576604
326617
277047
914995
323639
112534
324540
200687
276021
501793
477336
119992
66817
805740
907113
571350
287807
158438
409044
821001
806674
686055
393136
526094
763723
627505
370087
860759
670803
318745
227386
637243
983880
35833
389941
973363
488343
535143
581400
240022
4539
145631
964343
801092
786585
384588
675538
630997
5150
674360
713986
810845
96319
706175
640324
968537
608239
388351
348947
945824
42802
116850
13081
370288
76411
537861
98229
981364
665484
583160
527144
585772
751905
717927
15853
796005
374523
635717
2828
697744
645886
261838
131122
331042
879421
926841
618594
968267
984016
462117
38417
291610
289137
116263
244178
672884
157032
726029
969198
953483
984847
585906
675004
804396
934692
92000
541866
184653
875009
285750
422013
229493
896006
805605
815110
117899
652515
538271
322256
648485
347982
402378
800953
967348
577014
321598
712658
864834
761786
985257
931753
395286
241400
749886
3311
592048
306380
926039
744736
363617
248216
231549
377849
260166
30447
894183
469246
579911
869817
631261
389978
311778
58075
790983
424490
248570
415301
138665
456914
393094
170137
464715
31378
832979
209702
67869
451193
823528
336124
187184
750583
653817
475220
621076
16575
755341
524298
804015
787209
160366
569655
186687
761957
906249
137773
213701
12924
659273
208075
597206
947959
416303
920056
55101
305541
734756
234835
361028
269813
953452
673530
711927
543320
46466
883634
156535
71789
115130
432721
881560
35988
215027
845412
989456
192351
183335
510196
598550
118421
222265
668234
410747
919061
557044
822899
382980
852597
285749
132898
152826
600498
808804
362561
635336
66444
780004
22673
211969
544394
32251
360428
532308
668428
651782
639716
533925
219411
342822
400178
617966
267368
56388
897468
867321
312608
644032
160934
618182
245643
844561
913870
782073
723687
969833
579682
871317
451674
386664
579359
685412
666635
49512
633704
852405
826859
575031
521726
847578
36600
749002
326651
195877
932215
483188
351387
224770
822660
822994
905034
12624
754659
132829
676670
90652
490982
295285
732626
227953
52588
706828
367149
949676
915029
170488
961189
32550
395282
102935
196761
607959
522705
24265
996749
889448
999914
360238
480530
730191
687512
917612
668579
593851
118171
693616
286612
68406
465028
148460
287328
295151
473708
804853
443026
303513
494677
386077
179694
592380
648753
979757
700012
32293
360403
632961
580981
946927
375557
433598
418231
60663
519707
369349
491629
405765
719763
682727
457513
166475
30669
68694
447247
128488
176560
434295
817955
548235
57228
354176
160294
973748
789424
638666
66393
17699
91202
687703
553069
553601
423232
459691
916059
828996
548077
728403
10650
866168
419297
780427
125320
449804
461371
806690
313989
351205
613961
730548
431239
7805
41661
702209
821305
44600
252463
580685
1021
767233
852643
509128
668852
69344
506070
235508
34446
920787
138616
410754
691247
839236
833805
592907
447530
211292
384643
821900
589803
646177
787443
691361
808993
179212
251713
486943
832851
754074
741719
215933
120306
281450
873990
580078
732832
462755
774065
863035
464784
514585
317378
525674
361292
525033
380945
232209
651975
881947
599011
960671
230476
106343
299282
881636
198623
562349
4112
635912
617797
244665
539733
19399
917286
751621
833431
290999
103235
228891
601638
487605
522787
661776
991312
797546
956024
828089
611826
204672
893890
896374
76843
659118
715070
253569
600034
299594
143395
728722
173730
220059
575096
449542
80611
865037
500468
210563
773072
244804
22915
502729
167710
786938
947239
662576
641890
815755
211429
212242
638708
297962
963602
935365
149649
988034
804910
959423
677868
234704
754964
586892
655939
340772
633474
690692
117811
119722
890542
892136
262723
778877
501624
200003
789592
159906
602210
404181
353320
573413
355248
413983
692580
551392
936787
632911
399008
82223
304820
965713
25846
569278
844853
378130
406538
896308
299547
825154
408355
677521
349550
928054
968224
455555
36817
812805
895564
57370
128129
891808
139016
484131
3567
92835
581292
523610
397202
889172
721385
519618
154963
505522
307048
271393
530665
18942
753322
21837
187198
601563
670974
63333
21982
399577
602252
886296
457130
786723
324993
514321
609579
605456
409244
214883
542268
77290
11663
109469
388547
626260
918718
479795
116840
684083
904267
877449
384389
33538
415462
492135
567822
234117
484068
709856
87188
558041
482556
555332
323309
463117
307001
920218
90285
368263
666549
863368
484788
625146
197709
945109
275954
567377
120095
225985
473258
720231
116579
720256
502568
919071
690383
100661
410392
225917
503411
843094
684692
391866
267873
374717
571904
429459
403461
409233
249298
167212
683810
20971
277294
771153
395719
778687
239770
904273
597516
127121
705446
951252
50172
793398
854445
446046
765645
47417
911852
544429
440097
453369
920509
198731
778016
906918
704052
62777
617338
960715
540567
875704
902486
499475
946949
676295
580769
357415
949204
347965
161988
182254
145268
841148
870909
209955
131112
13631
34322
656565
83178
829067
991864
217176
827193
636209
524150
876488
233149
608375
720959
609062
902572
147061
882587
980762
321630
912307
764549
956175
161794
132905
111673
304006
526815
8392
954065
849221
621863
16410
587364
2003
85025
85217
584619
287780
169505
231173
362516
765956
952565
681949
151125
363233
10509
251128
829113
753629
457443
960814
90432
139680
366703
999316
779705
674
375047
482436
124197
578626
1540
11411
366421
840614
281160
732802
779792
60018
290601
3110
697081
821648
443518
649908
341348
476164
955627
235408
569373
275188
118853
565425
91452
715731
571556
645986
20594
776961
42881
654094
686668
436390
456609
823334
6736
703941
389238
452166
146823
556631
672925
16178
993696
954932
797901
577974
666372
267213
207658
604263
354194
979509
605193
34853
610113
438582
137446
765878
16377
416097
798151
923805
990739
968052
820178
64915
934768
960374
206484
387787
900734
265353
932134
715514
790452
184687
609462
141277
841342
933948
152285
71807
224529
869848
147719
334674
529157
187040
216244
621164
56525
461584
839527
853500
391710
59270
190117
488925
971684
321499
876365
244684
76059
548332
899813
654676
958253
785217
557897
582809
173261
714309
447789
154205
274747
378304
934737
713206
565596
698543
961847
28138
477591
491843
359534
318215
108528
949923
818723
141539
440050
865079
685572
386511
795032
200577
973090
621285
182778
109306
153194
985350
777353
737831
924390
739959
255158
567378
983169
129259
973930
539045
247217
744972
292049
627526
133365
526794
904850
204150
860434
8233
716843
278326
577505
567802
841059
571553
52666
566942
998612
101347
866838
294824
319221
26390
861138
365493
594373
338232
413053
215420
45925
847176
677249
199614
677284
661651
716724
198755
96834
790219
668747
641804
734941
711821
527222
591589
796973
773377
764055
797620
388682
166177
849524
14945
22698
964685
660641
921780
603648
16516
713600
411488
607708
575308
456644
218418
136091
224562
103545
885772
247097
847179
810117
944209
328859
129832
921497
64445
485795
893096
112272
622583
592247
26981
819300
621950
288158
679746
468651
560636
143880
966220
282410
71614
457259
791842
40229
903442
336622
994065
786261
209309
887913
647317
902148
506843
487081
727693
798229
301720
419403
475783
791491
957303
285954
344077
857789
438569
502570
451398
768740
59745
773229
725459
971092
255682
281840
841216
368574
167443
842917
275845
61011
113142
972580
149526
867289
761155
395524
747665
564903
66070
197827
197242
370243
144363
700455
498565
304658
948191
904200
139476
158209
498290
181731
32393
819334
591578
839723
68776
111526
40014
752062
91887
701235
683505
716974
852874
672708
907002
605314
355252
354920
974290
435805
536883
962850
973361
181460
658742
421400
874933
824302
120109
73277
34188
207282
23370
379717
381101
459083
536498
523874
702596
43090
529171
807768
407400
404380
370241
782649
438218
446652
506105
965382
143200
911418
640571
377443
358500
170904
889406
419312
984049
682917
589685
555063
237212
446548
980138
530720
703827
306430
486024
803783
820387
669627
283427
763361
909856
515185
935911
344760
214335
173610
61296
148820
793990
608476
582018
389238
352582
435193
785627
677293
455917
248091
857771
52311
791571
665362
714747
285013
627162
4029
738531
834339
35774
626676
528199
631339
705521
477597
304840
577523
999049
572796
115372
137711
663827
741322
594838
475801
635049
341427
938908
851069
72438
392818
708419
244448
814219
114503
52711
499980
442180
267266
604724
148056
750065
180044
622845
570202
767724
428712
348241
631732
277484
68896
972754
143909
321721
915383
610254
416412
507973
98076
568503
901115
299347
778835
126483
372008
114219
602994
946072
830315
615719
519535
609462
790693
116076
461406
424823
936406
642808
725343
270063
239140
134296
65969
881752
39157
925233
941944
712750
884987
86251
872820
141496
226959
292750
370821
657055
820013
535532
314614
866778
166075
657563
28398
75350
547424
337475
861345
664631
528283
332020
374988
99150
141290
733226
34838
38051
304256
977921
843995
384094
577208
270251
515781
524665
915706
757101
837760
249568
922051
360680
39070
454631
714218
877371
408362
100483
750179
794399
503444
555243
258751
605266
847565
251607
234979
478993
525025
686889
589564
591937
151546
873400
344359
535352
752560
169851
465387
715423
930921
616662
939766
621638
370491
949246
59619
881355
197117
251609
381802
576806
136575
687048
797655
967863
330283
950762
476307
579197
411260
896251
777741
446705
279596
60909
317532
357503
790866
31628
7207
887449
258910
607355
695092
539289
957560
379534
79547
345799
335195
522349
863572
123376
353439
256293
731071
578428
312052
770694
82635
863556
54060
218760
632045
118866
293161
520093
74648
936999
458815
108586
544673
413418
242966
442681
526544
589738
962563
912188
197542
312176
681655
442501
994834
462144
685563
601047
540817
659664
765259
696568
328873
780841
530890
456555
329249
753838
641756
277768
850771
13005
116704
250815
647223
765091
743055
929393
140984
865060
999479
547217
797966
850359
512729
195823
710701
171309
264259
888913
583525
234810
371478
445596
494800
709779
439815
514810
346037
660821
87818
796829
996047
589553
632803
709353
832025
488107
79181
816961
606117
414135
989753
501158
244991
628541
26594
333142
320019
654450
465291
596641
725172
397076
765457
55726
796733
548564
817999
20919
484007
384042
683802
474731
192585
123148
236729
429652
55794
674662
312082
793768
248277
946266
212068
220339
267500
429671
474946
471814
340664
819014
826450
749487
661902
805976
207126
100832
445537
390638
538395
436981
950686
769927
745614
775388
770031
702702
886644
61607
871720
423176
957259
839298
803996
514525
628799
192080
469161
850848
497123
855582
224956
190211
741239
444785
819199
946892
417390
262955
588378
856102
276661
828773
156902
485005
94377
999202
198381
574638
883773
456537
611746
13319
340105
769028
588169
918871
965508
428917
505544
723564
960758
999787
899801
345830
345463
968610
583964
197667
982659
185295
586229
987464
164113
218822
791736
615383
735723
701980
628691
416888
343334
530056
876317
865249
786376
771612
181184
536600
65019
334242
68760
160710
974436
539152
590113
16327
587161
151360
76066
333778
478619
452980
107316
634126
992176
524665
120684
119472
432182
511721
519231
99178
404099
783797
489264
355445
392621
983637
353882
416360
176897
373897
585663
542172
454664
328067
321564
350845
335532
777421
568062
358834
389538
471196
925697
66358
699772
435895
657813
907402
774403
815952
420207
323929
9362
370937
318185
935155
971632
721278
813004
686998
913474
902098
146754
692738
306110
845411
197892
341945
746225
170196
879032
31344
345377
724113
715542
94350
622755
486492
308115
233258
4435
542873
887396
160478
794877
921970
677032
54471
3396
315486
576739
378800
820439
87830
92648
180533
377776
470154
293652
566502
789618
533785
79370
212162
609700
669646
916486
520143
80576
299283
894945
44082
506989
808781
879431
58107
305740
846096
376989
30772
222584
801480
819853
246734
737841
735555
622329
573780
843975
302033
193547
123645
337924
429925
936508
400187
272468
258856
609966
970063
356784
689723
887369
67112
612432
63738
132625
139849
707363
989212
725674
165462
843878
477889
55142
122785
857269
501244
174054
375152
307465
651565
661690
428574
493981
393138
460237
129593
69112
749348
166702
847088
486158
540420
83169
943543
815947
799236
838483
453266
587448
458688
18133
305211
750678
450906
586650
612678
87613
648088
394942
350588
919591
615080
676328
914721
187484
532960
18538
637066
55269
27462
235845
865994
59454
513387
450472
990524
629345
776787
167406
542739
674710
599398
871241
48332
181649
85325
830382
973503
692432
164303
771245
577460
656608
276919
917178
874866
549978
920503
606228
65834
641633
157015
89830
653315
132409
140098
637492
498738
668558
945242
829982
583663
510365
749382
718114
274113
6749
529167
459251
372064
287440
333474
274737
55794
200141
494626
58593
410274
865969
466986
248576
487022
473263
191311
347089
96837
313875
774896
117209
609967
947715
875252
654893
412138
560754
265645
80044
139067
9283
911381
285308
28830
500782
459188
290949
250836
713983
340030
706037
733120
609852
330189
677032
777456
76935
58666
229126
50060
163258
924830
366643
807308
641653
51131
409464
628688
978715
763345
906298
963726
611776
890945
540004
468429
856900
858664
719797
266357
180270
763489
997871
112900
792916
397523
820319
950856
780548
924971
99759
979889
420762
968358
44600
319168
55439
815276
769094
49184
452874
774494
486915
309429
684125
682606
226308
115303
666996
597824
289102
403224
318386
628279
242309
830797
291979
541547
296242
853684
787045
483773
657604
742849
393615
983379
393419
30074
222758
333112
329155
74720
549231
512007
844532
301406
163483
681206
961880
30126
357348
611679
535800
192483
349284
330103
727034
101866
186009
416465
478666
905898
132750
137770
656992
622470
822905
878994
964343
942019
734940
533076
103874
999218
930541
477187
210748
415876
7585
664666
548236
321640
803929
113297
354550
967228
765307
622962
164840
104338
271122
465639
998218
430678
109982
999192
768743
469687
939297
158437
615906
525857
399027
812870
969973
88068
887302
571145
448263
955788
635716
224869
193421
817325
508125
338818
15722
402684
657594
537468
943009
116953
403825
758882
260287
278866
481828
688326
802404
820356
846458
85837
138809
56423
708049
697483
353405
533179
886370
764608
230481
391940
454303
956566
975601
707013
919726
658539
504070
311140
576269
580775
527428
109495
324038
324716
373130
555978
663855
217991
428423
846290
503513
120462
998961
771134
455906
777186
783309
948769
88531
701404
65903
555029
466938
246462
724937
201064
664900
964360
678879
394156
456624
505542
76679
887447
59449
162464
912230
308690
720861
315284
826677
940175
257536
711910
130541
372922
257184
170048
617935
350772
498708
367424
119282
609896
659160
875969
632014
262438
105379
198556
310976
220321
969278
924251
87210
714309
936259
420994
381540
529973
767734
402319
73640
91887
200005
294082
121358
338887
798506
683437
567547
555236
170734
314722
388984
53121
297311
207120
442247
725075
288085
415176
197345
368355
322194
21982
327548
867968
837121
23959
486644
181226
892381
390220
232348
409083
899895
848185
205819
848096
336560
634593
417821
996691
488738
246515
230914
202666
308157
108866
424432
972494
616335
550593
638759
589098
81542
686689
811951
924378
888989
966208
67736
660236
200684
268352
650456
843060
814155
286382
341867
885420
458146
561766
262094
820928
228009
718657
664736
376447
364547
518027
362495
709110
161016
847859
459070
769952
303890
72990
394278
448710
163415
115545
34341
172251
972431
313357
424210
635137
516985
31531
687546
163100
300673
45259
877268
392666
490796
567978
398417
115295
996702
315006
205715
109438
398795
683904
517771
584072
187891
980626
285716
969771
483377
791885
505669
875290
677734
733832
483235
281072
710200
149572
299830
911331
354567
332251
441360
611606
74668
519347
513151
783575
473954
656663
549164
667322
283438
896711
432036
126377
69569
753027
623259
345414
988634
264246
31161
481467
155973
366524
919910
527816
542885
824420
414285
372994
758158
349652
631451
372503
835463
461122
42158
484042
284732
439043
23320
440172
899796
612633
418449
983065
709119
870506
510434
593024
612917
15963
202938
424953
542728
535679
788606
960359
405365
696794
285289
704279
239715
803174
605943
640596
796204
684798
143510
857432
226452
488545
149135
429391
817762
638395
117133
878624
511814
611705
428147
321678
805334
355406
329536
876023
460428
390666
413044
100573
665278
263277
290257
725768
258041
949127
196284
979867
439245
557990
62723
444054
697933
803573
430393
40422
986805
257573
824932
9035
929330
976123
813722
714523
243131
87310
582598
908467
895207
82147
3015
425366
45423
927561
898019
743620
239505
136764
549223
89041
776817
691704
215886
378253
891536
871918
258495
832259
96900
627498
21690
47032
303266
924684
978154
611683
786186
36703
304108
28387
954894
212414
682380
483144
126892
620445
24164
584761
873242
43191
88377
219918
76975
126121
40779
892623
55026
642903
496349
459817
73425
562073
497993
986260
894075
376124
21824
769370
787879
182795
858510
541155
782140
441685
893312
80235
986345
610986
221791
525045
40779
811035
839365
662339
70918
698427
471276
166596
606883
221732
29633
443334
239429
451762
613738
882979
526535
844325
684478
896704
618839
709309
492797
364276
103938
546710
826493
794800
619468
543561
38933
578074
890570
494834
66180
245348
118707
285723
836543
832910
412179
142109
392970
615155
625977
345952
769868
107639
69791
526897
745772
205277
860517
555746
207977
532850
23214
450084
827169
467394
686012
459701
841430
919618
858123
866228
855435
582863
598951
407249
596753
247552
47717
101683
224127
675032
210047
544165
459291
541104
977091
819100
847080
889824
145461
221414
173198
333740
304591
739500
67267
779191
287195
494210
238302
887386
824249
520078
711958
530019
521064
568245
151112
510133
364705
712233
596492
245234
623129
69115
790010
829595
154934
683782
505697
443434
959766
202594
95580
319461
561607
566174
843337
950174
111717
818005
861380
470337
44321
765774
919887
922440
769647
808295
233974
637439
291377
411353
110855
102261
750973
146961
187258
630577
20658
178670
554597
991328
998144
284370
676137
755467
127186
92027
932955
106521
706491
458947
821988
545174
77484
339856
719839
326441
836625
575301
458445
249384
235541
32540
206455
655342
891551
669070
428095
741537
419816
80611
721576
758130
678461
86779
143624
674792
625068
856805
318069
724578
121978
703209
548472
343423
503454
338507
369455
871393
177275
5618
276341
790077
834733
850280
463835
901208
370299
257881
935569
612467
935877
136300
1970
968490
94364
636824
986569
733528
500321
939035
727197
700482
298592
154143
781832
893241
465990
172550
273420
919139
240489
576851
648253
782792
542646
977746
725837
449854
752367
119882
499980
556301
664526
588042
636581
934777
213602
90290
789801
547702
974165
885204
346546
439326
180097
720839
753769
742063
337206
655070
558643
867408
930394
379954
498298
801722
249072
822292
262263
995300
918054
304941
39823
32563
53531
354074
568268
300238
992355
777293
264205
815767
245960
359614
303179
960971
391564
997828
939236
471552
139934
817660
112555
244463
279385
290266
927504
158177
589435
640341
501793
868352
916909
902557
221005
138370
164941
620156
97628
644857
227098
432667
111137
312542
337280
89287
615284
628417
48830
648423
488142
124202
33867
540527
814057
131079
117133
336092
659836
669511
561947
888132
534757
624523
677023
775092
56962
865085
681828
642764
679966
337942
853211
535990
498862
951392
621462
190696
326633
544701
408082
270522
828743
352970
894224
624371
976470
233080
294552
173346
96744
664940
203705
664243
141751
987378
219193
886568
22670
96582
598039
654671
612084
555317
919216
90113
21143
566097
595136
972978
655389
880419
853167
590053
407765
904060
340402
950857
914133
807317
97534
108577
463555
980233
16531
68289
524596
474415
138299
484833
180136
44022
155578
443921
889687
353241
155653
557997
646000
658739
306128
719502
4687
331605
828339
26631
274434
74664
412366
549507
160499
448192
417672
884444
524316
229171
341546
71689
533326
909842
273683
301016
498978
711823
471976
525991
479105
127270
96226
685609
345115
240171
500839
913924
90823
471179
167765
63976
778887
337050
891807
430401
88934
202936
816784
357247
426005
903145
644839
613061
315004
987985
517182
443404
234878
864788
833503
750955
637412
290638
841891
511228
600395
844754
875694
855657
454806
542438
956025
639266
259995
20844
689769
377664
471712
981086
632633
364296
778522
591061
125231
298668
132755
681424
586827
575793
308760
380129
26034
691668
532077
142498
868366
575381
399656
963716
341031
42042
619527
804293
256585
315658
566283
779761
758231
529176
860793
81577
790395
10010
881524
710190
5609
477943
657044
184577
1955
449541
119525
548129
519776
282322
928899
56008
576316
664262
586689
714892
396712
175344
631146
501084
398773
609433
724592
629523
85948
716841
52908
196341
20019
156535
179148
152119
316996
790237
802139
110230
784593
348379
804256
660474
535349
786499
871243
817183
380698
805621
805694
624715
484395
205018
667961
594036
970341
301210
639076
670825
988171
991554
593689
926836
773020
729951
18924
95441
423763
95984
710093
115545
278506
313182
91454
739168
93108
137770
864630
863119
964264
123315
478030
664649
655961
206448
537225
737386
701319
526018
645743
171787
647136
91711
791754
242976
969471
349001
920828
692844
261508
917073
797679
581228
144900
881181
904837
721746
973811
155643
701040
465515
896213
415797
502004
73637
494655
964834
788482
238548
361975
470412
272038
3236
774884
876615
10468
504821
448067
55288
630069
278196
474012
554052
506058
684495
605821
141731
568565
164474
813300
250155
960421
807646
1499
628657
147043
537809
341481
999674
809592
982114
309411
511882
925299
341916
342580
566799
692307
200696
23109
96907
118838
798947
93496
749741
260273
396019
914868
200358
699926
460335
416284
531512
116977
996712
320976
150603
449424
695580
854793
439029
512659
568146
138310
603786
559754
868731
797921
163159
981962
462657
593724
444319
180120
199293
93747
499803
22193
845640
556755
246020
612431
801156
54697
347443
2082
920460
99829
824876
132915
738271
363808
971759
196053
961880
280422
734019
621911
192662
64287
795327
155070
188974
952886
699806
386732
662817
229583
211009
578459
6792
439196
368419
784177
5384
759240
281079
90238
898036
251268
29486
941755
162155
744110
81629
755917
186418
184009
701481
721209
403698
895311
870374
598177
129539
735703
442789
11871
272913
697134
334914
109844
282817
577111
685133
621273
229095
478555
347293
464157
838014
380703
322867
800384
320705
47932
34882
915838
878972
839513
684114
486280
289353
606883
15779
758100
831470
433591
261631
445459
617684
831262
151880
242650
81013
901083
177337
295543
342584
471404
694039
172213
724240
16113
981430
79463
633073
814602
455020
133915
667575
576236
385792
895602
610756
869257
391338
867681
890847
37723
445737
978592
941668
140972
702763
539192
999086
763109
315517
741697
738176
934662
112671
632432
685012
919543
125230
529099
126844
768679
471531
74547
759446
848832
847280
756038
896264
684220
854564
367457
336152
967078
976665
392496
203468
211270
836600
654184
492799
520078
664680
50931
479303
873906
135924
249136
730424
396183
798484
498485
321563
947130
778211
783961
222548
998702
374025
99943
233158
171188
967883
647419
879435
744203
246355
679931
875593
754036
205093
411990
66667
134476
311059
574248
370597
512280
390681
870992
899703
686855
646603
536734
450140
347198
635968
547300
253727
255109
127799
781456
1498
97372
662935
636014
908990
44877
424607
398000
946233
288119
512813
139383
910014
474986
242688
946991
384515
185205
241638
734456
569521
944970
167481
87826
294669
127826
695912
992583
156622
614113
879418
896731
288826
813602
347762
136695
161845
369541
153283
562630
797200
693254
718997
466110
600009
178715
36857
204636
868499
935198
202046
165725
420608
272052
387123
487593
106764
125273
192141
506286
848805
205717
996186
514542
428490
649787
678190
142993
837179
445771
769
918382
124936
981246
909321
677250
186596
301203
725979
653733
123109
70873
217188
225374
815321
704796
196368
616448
693634
423404
507032
399690
200758
323677
278382
897890
49611
206458
871598
696498
401465
365496
41804
901430
631551
864303
501334
283364
620501
646164
377702
411753
310258
401468
951092
766398
50282
902627
879425
373623
176911
42816
918846
709847
781186
563661
99782
968523
908324
645878
365429
110322
909689
361820
658918
78158
885011
395972
193966
842536
446616
122785
219666
109737
224528
635582
506647
793723
140025
6935
734340
616794
186755
942967
580429
586937
337650
27333
811720
666617
412818
313371
997122
129856
218439
493601
774959
190700
96554
781481
569449
643815
238349
452182
819980
112671
245718
856497
361409
759451
339536
388886
325562
974109
219839
91592
70666
976704
474491
367096
861270
902003
139508
940696
955385
451304
466953
770600
503847
737203
741330
103322
931622
54749
75218
294511
397103
120682
968355
297235
440941
311496
716449
920235
397391
921244
923428
864745
463863
535272
564664
424432
133931
926851
994107
606586
368658
88986
455914
632989
148099
621251
207798
915227
929226
927999
241136
803831
530580
852643
626466
488149
870827
969740
513600
116645
794985
901859
239843
816670
851931
397286
373051
302671
289449
41156
425348
22272
773929
305819
469935
987185
398213
930758
683366
967088
278383
541233
242606
753977
839095
129281
851155
678016
837985
334185
596286
319248
224435
899420
691446
796716
921674
487379
188863
929930
147295
679942
861111
774595
661581
882472
866051
544658
510566
517246
204921
141711
316541
519225
470880
972986
132934
819748
16835
811971
653603
632055
183791
185994
117849
590585
564034
495181
923165
606357
347731
474780
406081
823550
497960
283905
403969
870073
103019
858554
823200
339273
675993
329942
790770
351054
554151
737507
895066
511547
832014
286455
608666
535275
170234
973854
989885
525503
583373
138265
974737
494536
759938
472469
788098
894877
356728
283251
719468
656657
653906
642001
479018
775141
211547
92797
537208
699597
97209
224979
426718
210016
264988
883198
216111
319420
785170
690448
282220
194042
449626
290987
54673
543461
916394
271544
712755
234292
586706
350472
363856
203730
722289
800414
17321
176671
583765
449166
468215
450288
519907
827315
825560
438765
731414
580927
84929
469347
174704
996918
388846
271307
568422
841017
802493
160844
134767
389434
117498
40978
270943
677148
786726
270573
672751
920789
705477
907800
718340
331537
206646
224032
326886
682635
719010
171593
457637
661031
507397
63804
654221
213499
855575
69927
645068
584815
558658
121153
155734
432806
211556
729554
125119
650698
97876
584593
205927
401398
352688
658364
51569
667380
252821
531667
728556
584329
643596
300035
98634
488760
87026
614576
50969
836473
67694
71200
75023
296430
669006
549077
901366
75448
638505
899826
981301
398473
661451
842080
459532
93298
906409
358523
586947
300486
869853
223289
766696
26053
734309
976928
138250
981977
372159
73021
716385
492436
104735
683396
528081
80224
402604
232508
494879
146383
50438
519205
499460
752512
924159
390207
468523
324079
242110
933117
882179
372360
428458
659578
269030
901577
626706
916253
844114
620047
626658
95633
266253
689109
768802
180885
47098
143034
882740
137217
552022
770723
385200
468525
398080
318446
572205
216081
564965
651235
899399
437434
217025
166009
51074
209093
173869
323678
183762
835358
372406
599933
473447
276499
457754
735384
773001
790209
110685
344491
794371
465985
202458
442622
595647
760877
103575
961037
505268
319848
3413
623005
124301
358713
801122
667790
719526
370513
864919
159967
13460
123156
747677
129336
835515
261059
808871
582955
36863
119454
967729
211609
49467
165345
487613
930938
960632
156476
823420
485994
319512
329689
821002
971065
507552
988823
972389
577530
643237
615712
139062
586782
868700
234180
890542
98494
103019
490212
760228
90507
885069
512718
262239
699737
737443
796306
679627
321144
336236
455641
227117
588705
108976
526743
205368
549527
136350
856110
223913
19126
865130
279279
128342
113491
636585
667294
204077
136216
392405
841093
678453
161807
632157
423446
290029
646520
793979
450413
463620
989510
151722
24635
271941
661735
894051
192676
798492
779329
47029
993256
278399
301094
182000
909208
283706
475517
121063
829303
139255
746120
832242
547971
912792
212382
480605
871161
578061
564711
835168
642808
725887
355926
825837
256438
861594
115038
479068
756664
633804
556601
843057
289253
140075
295476
214752
328598
546029
770119
399160
673455
357475
702655
122260
585309
266120
509614
173725
654378
943132
261081
903723
941659
952195
931214
69546
100203
283754
481876
661344
839611
457954
188955
633053
755419
273080
15780
646037
118766
405123
293584
940284
199421
519846
477329
385706
911774
241155
830120
147900
8177
394669
836587
726783
557219
752346
597791
585274
151262
590585
299576
986115
343431
971671
480159
543856
34256
122926
356209
791371
238252
389386
287472
635286
389315
221234
337055
884692
969943
628951
637514
805268
636553
23411
280509
81283
469773
934728
670881
335984
938470
854365
442059
908403
778693
57554
941737
11089
475270
197369
215344
112062
601048
718841
335041
594695
278953
841854
471636
731800
103440
353577
144923
423348
406571
253340
635930
400364
808920
463787
351252
215836
169083
700058
737163
530098
675465
596561
28935
585792
94186
32727
245957
298122
535039
708833
714508
945991
703828
421028
644007
472337
425209
448066
813755
850917
877023
949358
616498
770067
774620
924864
681219
600120
189807
544307
519088
830450
405553
554617
377402
241076
950182
982292
638677
304589
838805
153838
461372
502140
502923
127512
473311
163778
663393
341828
621590
525005
443452
70072
4439
455220
105295
701842
533933
86293
527286
64556
849435
598081
790145
862597
375576
501833
154104
420352
750766
542095
858593
549564
131531
829660
730821
99001
68588
754006
145247
546736
539402
398531
420322
954911
971461
175190
706927
493263
990181
218645
450979
692391
900285
165062
964478
207856
771806
582469
257167
942068
936511
497364
976577
196214
694667
351028
681607
928459
20447
77030
569685
652969
284510
179432
762477
280733
788895
533644
495516
998124
889860
737833
210275
665480
332288
581910
734746
726417
983402
752556
426521
660855
81872
989709
498609
697998
171538
621037
692782
29955
348268
121179
990198
339273
156352
808605
335424
446131
241285
744641
479187
815936
893786
917631
649052
630082
99076
410896
324763
134847
91672
76720
562366
366601
336061
49584
577974
595446
422830
592904
272081
573770
679196
519214
278098
205123
301715
82673
5150
916663
95292
114199
578742
974805
179074
843374
476792
56545
164551
853947
870313
917556
212682
118216
334045
538468
574809
218733
876036
779647
400706
218963
425634
583818
434912
852522
469069
827295
41661
255212
834631
557287
466993
473235
589343
637892
191921
617254
711094
106138
215301
182876
309607
822895
419874
65626
835371
5230
218692
512930
566027
117295
563023
298129
195692
323123
487755
990097
929839
534566
422815
274938
774940
668446
368545
174374
439839
417109
750211
266412
137241
29916
46240
731734
576386
799451
820490
531403
556321
553849
406951
91747
435121
943112
935214
693380
2488
672538
684649
689241
498777
238781
260136
294482
770766
26741
999294
9964
273646
293895
438099
687678
85940
2747
601171
565207
668224
125266
668303
968595
771983
283315
539853
313133
225963
521225
98118
80842
408953
491065
205724
701391
746352
769332
825793
580626
451639
668787
182416
188622
841568
691786
175149
7387
703698
763101
625886
492941
402544
465727
219121
630765
581003
531946
574132
883985
306243
670219
180840
235360
192388
627709
402128
532857
803023
475403
949204
732263
620640
764662
730701
657921
175780
963884
808533
297917
227171
803207
651850
607092
259174
276559
934678
82875
854827
196503
482235
504293
420536
239530
838590
937901
459211
568708
233543
736170
423470
864601
393274
211178
64513
66473
236791
790223
69601
105723
471453
714196
485011
997345
656833
909696
24373
911492
316907
456121
700108
43478
830137
388988
24370
852660
932642
108465
974826
892265
807393
213032
396156
394006
583305
715755
167574
444143
73836
658033
915082
272976
26159
899298
864291
863134
315064
872475
788941
252808
672561
223357
994651
114978
648755
381667
431013
966976
4253
144897
908371
246930
480134
503324
534114
413643
964807
267442
236877
810712
778121
47670
499647
818423
637834
395565
300216
27915
619679
34729
887428
241672
578082
975879
350126
232779
261252
451849
917352
732817
102821
382774
461573
692037
30188
285419
332136
211550
615437
566359
206860
273169
89369
419019
405714
217154
811429
76139
129942
635434
727175
809540
357621
107608
199369
820158
42418
326334
866411
433482
549019
481200
88755
959333
698611
230289
322129
901754
84693
296708
70427
36725
460607
476891
819133
735027
670547
850943
191406
773914
1584
981280
247712
249007
593009
250217
412735
780867
336763
584383
296298
539130
447616
981692
507968
944713
86990
562151
114472
925556
562168
551730
715653
169763
442917
993951
677848
701646
33464
235061
831107
133024
602228
28293
597338
399179
581380
172990
288131
352923
603414
33183
954260
431139
843539
558590
988608
745319
887337
554845
468455
902131
665618
828500
317164
346921
59115
211698
274678
197928
118792
469615
686556
305798
437119
272361
677829
196853
488676
954192
941119
56714
881767
638735
48950
765489
457377
560546
451677
354721
200890
948020
616376
909328
427963
942263
339930
128545
235248
517353
822781
961919
982435
825339
754246
620260
399657
172074
103060
705629
323321
467925
369305
941377
812925
168945
577769
846619
426084
368425
822994
665965
897747
813083
680633
665171
597854
673429
887911
132794
218977
506152
254925
8021
980748
48249
947876
344412
259190
975861
457767
901487
786193
734295
937036
319781
478986
650460
6448
40632
641247
38584
498023
787757
10148
887160
99175
622070
149855
317882
278792
950780
704555
106265
400772
208801
89421
7618
158842
669382
123288
598169
88205
578128
599144
825701
69454
296715
470080
708655
353431
743448
859267
284902
568627
504619
902750
210918
186544
737448
951310
773696
923338
886131
864049
471890
784645
347043
783746
288933
240052
400325
374088
156353
280732
552453
180767
616477
597038
844194
83006
930376
250849
845022
565592
166805
200104
200406
381171
425524
241036
643322
909520
565831
718976
100788
228768
9956
572078
530668
28493
839222
12721
84757
456594
338185
97243
838079
439478
854200
556663
414591
298064
527807
930989
964936
554349
975369
859061
981911
69205
953575
814948
990172
824541
868996
546293
215855
487560
380648
4346
571318
439376
814673
807863
10842
810749
250684
784340
65775
287007
215812
954373
491217
222930
922091
860714
156810
658713
134495
894719
23039
928044
903095
824828
271915
820665
166292
803643
710818
882957
521080
539690
451681
955788
279256
204921
781350
64114
349860
127975
708065
439309
295579
819692
982402
90754
451997
417291
361055
718966
646404
672651
373678
317365
736544
818051
69640
194062
645834
614965
965999
320525
987941
993529
804854
277272
607376
692974
397612
250952
775555
824211
788997
17640
708660
908667
689273
148245
639515
243819
107575
7475
274454
367000
491244
813864
259931
892933
66356
699616
294042
336599
243227
88144
920624
435553
795178
85502
995754
422548
482146
935810
361984
481522
119405
377110
416816
197806
841854
647133
544405
677996
477097
358884
411111
561312
99832
54760
545762
427107
193381
129300
613216
865439
477336
328066
603761
223369
818417
432619
812884
489598
225023
383885
784730
54313
219591
228270
675428
189823
561111
581776
211324
760577
599728
262486
545617
963276
516063
623764
529550
848130
384251
283043
911259
316721
524989
311931
401803
774351
639019
856046
459449
776950
80752
831410
483155
108909
919900
985075
788161
756592
499961
39531
614236
212765
710522
378400
339826
194332
499078
133241
730683
721634
935980
468992
727890
743229
120401
472298
272232
614588
740179
640650
233732
204375
922242
454038
827053
851178
756961
513022
184445
876963
226711
767430
800183
11170
751679
246624
618479
730627
95877
351363
531637
17410
749130
250356
498149
941807
627677
908604
399334
278999
879877
410333
996919
452174
496835
660464
119178
403459
230150
905119
977976
29562
416274
216514
738075
761523
817361
524458
428694
32599
379500
187542
30036
633494
272151
346161
681560
60474
334589
381249
891855
912682
710623
107466
134467
222778
869817
300344
970091
634290
978533
200823
145304
167481
285749
502184
657983
305630
471334
426632
9396
278395
277810
760605
59650
791371
260218
728812
576548
789159
664187
763453
203218
533300
783321
767610
478019
112632
515109
752817
663298
776997
96529
465076
377106
174508
712366
385015
946287
447195
784465
966934
522509
943579
230767
497561
928592
738480
723484
88641
399295
556314
843070
224923
705760
155580
610856
434066
723640
683455
633531
328488
753387
944343
856613
786039
151618
556274
516950
272946
989549
577581
94739
662136
731753
265179
687727
878385
596165
955709
133860
167382
153931
931457
191740
776284
233389
565142
88614
868597
216773
415823
940290
232308
738171
275390
592762
217691
32399
616460
437782
222717
425505
328950
499017
134247
135784
414878
166446
393088
795166
623058
326102
793254
122147
825735
229961
836445
410657
87425
171105
331383
930125
710869
293507
28913
383623
357835
846227
700888
994301
279341
486488
42903
65589
48339
846357
989708
900570
869147
12341
54040
255520
281405
906450
423058
838906
789313
670759
817956
519893
629532
328616
511007
415816
838358
317798
987818
833597
930942
343650
272199
200103
329561
344703
9148
977846
775092
58180
644988
474168
717257
68020
947847
802822
729506
686404
491638
130220
755801
955926
161510
759111
215711
459482
336237
256184
762696
428726
555712
774921
10187
670035
469274
932039
876990
625018
382366
176454
323096
756259
2441
490051
905516
356274
814719
636381
481625
378977
579161
388763
349851
263913
902685
78404
169209
734203
678277
867766
511554
628514
131816
448868
743236
689645
492625
542130
815955
410958
816702
725189
147035
833210
654795
894506
119194
184552
755898
56322
650368
82499
624535
868275
255284
656469
479298
834261
631894
803759
970935
131150
960294
559727
450875
472039
605116
257632
169069
258317
375551
253580
147527
771441
144441
324564
514601
318937
444819
718659
559246
796087
552547
18353
660517
963861
647192
271383
145625
132434
695464
232755
974567
984035
483759
312728
771916
834741
809561
74310
233798
216050
477575
984388
770797
993108
613728
95279
998581
186382
74110
313100
618223
125876
722135
41596
89540
723931
395020
727291
675588
767534
802412
420174
536717
257522
839430
907280
56267
673180
206258
637982
66143
961135
280498
450767
889888
225199
9759
598116
398532
647591
627340
654356
52587
678629
755267
594265
813263
593730
226985
34732
202512
157757
930992
428071
310996
108817
423868
561521
618943
643363
320019
592015
615607
107103
409823
139258
110635
599323
865138
790992
445786
904093
817584
484195
73295
299143
765848
992041
546384
287706
26666
148329
361242
595668
676654
304784
153005
372343
370295
995600
92035
1162
812097
504280
372552
372537
974698
733229
242079
922060
522310
674206
669634
141679
160815
893838
163178
650449
612327
901568
194445
615496
97125
460908
474311
993712
9504
529379
892533
473616
412664
74598
104241
788138
876256
29061
542165
305898
421301
170871
111599
324946
264160
308247
548298
249007
988892
962833
735070
969677
760832
485897
790512
317789
957453
343136
245957
978572
468664
263954
691481
932075
935686
759420
916364
285162
754835
389501
166442
439605
434592
730941
496335
985990
551005
789214
843738
850701
608671
113812
727525
324665
515842
21795
466488
704421
901279
683679
421208
910888
627348
686344
635642
518661
618383
166993
953564
570446
138397
878131
267913
424122
252086
2295
934261
152327
720002
991816
779056
857155
825014
438689
602759
712213
364444
773353
523125
542755
568865
241154
130427
303352
575508
668159
149879
877611
219161
107442
797012
321618
288151
881364
180261
813835
585579
195505
576698
338277
610738
608938
98703
17709
156283
6135
254638
19555
595339
147297
403000
326115
36363
827939
40503
793790
383210
741738
9728
892129
50963
392517
544877
951173
714864
359873
312396
554958
17913
670348
853856
286148
937625
30531
502639
666225
596188
575896
206658
475922
249313
606792
149215
690430
324043
204964
362139
406949
95280
900024
475041
400739
680594
432385
820015
224571
406166
92499
818933
651151
350473
919397
858260
293549
998806
473633
746985
721076
612073
215389
744667
284209
155497
331360
362078
856376
775678
135391
458088
11459
695087
569896
862525
916259
942445
954173
378500
129801
326064
87058
374697
85829
503604
704190
323360
433019
824393
432340
995457
42934
287526
388698
243399
763584
588181
722437
578212
866089
394692
158880
271531
