804007
794382
537610
495856
143525
723855
211715
748467
466945
89817
333179
557922
600925
95464
294141
720102
918631
371519
791390
427214
725033
748167
3275
47698
448963
924224
110644
677636
564937
173565
597277
185078
625280
465182
985847
894054
502026
992473
582019
178163
753908
900610
370693
902525
661226
555629
131392
578175
558133
750792
359911
592591
272130
915181
358769
981238
572003
532752
520809
911704
140726
590574
49587
793296
788138
911368
383832
768604
494864
176001
508832
335096
655494
436224
143882
46738
58658
127056
251782
724834
696411
247056
4094
325575
602551
578899
164259
4967
853745
908118
168684
187908
715780
112099
941866
232072
301536
354497
464535
597443
222775
529123
556292
588421
949156
379187
739302
728336
606674
240454
770505
24155
364887
588865
624635
838962
88716
850302
236731
307729
677633
987993
793532
426906
939952
68731
699799
233827
80856
352549
76094
163942
286350
51751
681701
396429
801885
148860
917880
892409
669637
662932
555545
988065
267245
873763
599996
429216
417606
141169
632714
835196
458313
929274
851582
219327
683949
754335
656228
563787
893293
73255
985452
732223
210409
74060
405666
155887
11319
6623
362417
551837
238830
535896
124882
368078
180579
596903
663970
618978
552096
781185
302341
398867
741651
930438
259614
31917
711737
891349
81632
873143
751638
573654
722508
192791
651824
13426
57010
854889
694586
331055
517435
463053
999939
226277
584968
605073
305161
939989
971388
707247
985115
38998
18298
704435
595110
624663
485206
915728
978932
529915
772867
851248
312864
577151
622311
885453
505016
871205
342888
499663
369720
364544
2570
918656
121550
913949
75024
266397
532452
406889
697212
441719
760044
879622
816903
389295
403507
305012
785647
37300
323072
310973
366288
214104
148683
612909
96938
861043
325236
736453
131602
125596
835265
882223
535027
831695
933323
612758
150752
67516
551297
547029
209864
625524
185401
330421
35133
922348
826609
353764
648704
362871
310618
89505
771477
558377
430629
752937
780444
27967
645702
51131
919809
536799
58075
504353
243079
996327
708906
870981
44952
125471
598975
700332
74085
778430
870360
344721
557420
2206
112855
852564
603546
457451
300009
411008
233447
322051
557705
342278
112534
178493
483449
51511
189416
230922
321725
816353
197438
862819
65325
265051
706257
714659
392569
746887
484871
787480
751730
906615
457851
369236
891665
858779
517089
773979
129425
943415
297251
526352
868910
561093
492589
748287
360555
250863
254127
338570
570914
357200
465102
790198
460523
137473
409132
594457
131052
544720
248617
362914
311504
159430
906066
201561
932051
344901
967370
934139
469338
55923
67831
240281
566460
640363
248006
975636
908904
206955
215273
601194
278674
801483
239544
130994
320059
663284
499752
491002
266451
796722
149698
263487
34301
485866
639997
572079
473964
87000
434565
470561
60902
652074
851798
122538
156071
399490
382569
588421
251944
113228
721068
886404
997306
837248
470674
246293
173903
85496
345298
99803
298001
469657
447287
956248
678512
311230
334736
578659
61266
258720
36230
129525
408008
535875
98254
463580
922817
88425
568578
523183
930659
478502
588282
536410
434496
894834
526028
996965
382454
914157
60324
2554
32024
610785
345718
216295
487766
198577
436787
612498
781831
889922
500331
245895
313859
907305
627197
466236
672342
81194
327879
946199
967485
591388
718031
999130
632786
174378
647521
477365
921858
832879
881352
987918
257860
610598
613742
967891
766950
968691
258950
252646
631424
504366
610215
930740
976672
693708
33039
784800
736634
975532
174931
284310
522268
203826
599571
536395
441451
717372
732368
231100
841380
725086
580430
400792
905182
508637
442598
977544
607164
641573
277266
774176
642823
2353
219054
201970
64958
352238
556766
360398
920381
159568
707477
151400
892867
361674
127723
240625
658153
644831
688522
668386
879189
686008
928604
975755
680456
121410
60662
216650
156322
167029
833721
853133
420155
18030
60942
587386
921054
703982
183288
363232
818211
655886
296729
885853
25763
873831
299819
696097
978908
29679
92088
502386
594404
446978
663036
746569
114081
639443
923729
12853
548197
398636
405440
80857
456065
292731
600248
646509
742936
487836
738937
505106
77670
110334
91127
835289
880938
571881
778226
91900
351006
453250
991214
635308
35325
239053
652310
619437
335166
532965
459501
29846
887883
263607
501208
952962
946481
815332
367568
735625
99654
962527
433197
124840
119147
44580
998070
865780
534569
479656
886953
105769
938763
234182
64889
651573
75417
841059
579923
973656
299067
875152
855516
572506
466108
972236
550747
633063
447629
69989
752761
43120
344086
368505
755372
408781
722631
862644
877759
650919
147362
934909
807683
635540
62453
216521
133071
744994
314919
413493
934620
600420
544817
451237
344176
60490
924898
953931
240521
933701
377555
77777
654366
165883
530528
870707
362308
972759
486800
737729
541883
687167
710318
552412
883560
88923
283946
442097
437512
746488
452543
131743
404685
577687
256223
728350
683467
629571
609171
346285
891633
67497
883851
548149
395722
206534
248319
650344
783020
57687
594011
660759
247419
526232
149805
343346
92269
780889
618891
513652
947813
498056
160760
820017
462479
697132
554418
250387
71647
204907
840782
933931
859734
569933
63387
14712
302284
500507
813898
404759
448824
143135
135334
369408
393645
890469
547219
111818
155433
452379
356843
628940
610977
178499
911965
41096
649540
406043
713594
600485
626872
156319
643749
491847
968133
3437
113515
195651
139085
886605
505518
140153
544791
447451
218338
173267
320793
911790
545838
401589
888104
870525
249572
384109
915551
924752
770900
822725
105083
991195
43576
150212
113425
379698
679098
619086
507580
920566
612333
419456
612163
636439
53122
74198
792836
852969
990383
899264
107261
784291
694902
252291
390181
96522
956497
82657
232415
648718
27350
530010
154655
951013
998605
998091
505838
601251
727279
477288
794697
511930
15871
796660
593116
305804
440552
179014
116426
81976
44123
462325
360158
35965
957269
342574
974572
908798
664514
477050
988927
329215
99897
318412
985627
850259
743442
252373
96600
69421
976205
692557
358583
935036
311004
759433
78400
659967
203583
972703
535350
104821
576252
333521
906546
140585
208058
390032
690942
438773
899943
611877
296323
396563
195756
791075
565330
833283
930835
160016
65640
276969
280525
336982
58426
159649
121779
895607
726123
153363
293417
167928
998762
706445
586554
324005
117877
206564
853493
973611
677704
673044
840058
312576
715428
878887
386510
155117
325454
804528
200669
954943
45309
671018
931828
163318
848485
933267
602026
586241
311036
336855
17172
430869
655487
168948
109423
486854
890639
129847
457900
332586
644526
326603
548260
463085
302786
353442
921023
138260
869038
800337
950703
123487
146909
855577
740404
731213
319006
414326
856729
571699
390033
573344
832950
876378
197840
173778
643832
600790
174164
552079
977301
140226
308667
431059
802101
905556
561979
570691
460464
535041
430348
306592
309555
160875
672793
82733
191943
897044
957391
872616
804414
194762
223995
14264
148462
538473
818523
503520
770612
44918
741624
418960
149427
769778
284172
497175
709594
349791
38855
431953
359376
595825
864148
514718
156599
185276
212938
123885
108912
228667
6153
51154
415074
167067
960364
592911
51774
330312
5843
270970
713927
635714
500110
543688
742945
802694
508000
941768
39963
728669
235478
649540
257673
69249
442980
430329
916048
230325
657059
248838
780152
905344
575740
210911
615905
818133
967284
826158
359617
156320
614067
999801
893058
84294
613161
866071
354525
881951
660268
726111
528005
847
921791
796626
188442
660403
450320
701823
273861
501887
116208
206584
539914
446159
781181
187184
361071
801118
403041
826251
389612
945533
255814
214891
587176
195065
636279
919294
763980
108804
921795
346856
356910
820707
111283
487762
274808
673906
740426
155631
844567
596910
121920
696744
350577
436529
979912
307447
450715
139935
856233
173851
401489
395907
844562
402788
43735
80857
961199
476750
235650
528574
830395
463907
165505
34027
372035
652361
476170
480731
12555
152438
731259
702073
144711
43457
197082
350886
253160
21971
658821
860515
517828
553795
462370
87664
500924
869278
682926
152031
64695
698514
62330
617470
797449
298028
359879
684947
710710
645183
8489
131984
900316
32260
654832
509032
345375
392112
798655
72501
838309
592372
244266
177783
828108
928365
352907
942988
307498
541003
506878
745098
654495
488237
636549
785277
477633
5913
307187
294385
929190
810349
959469
861640
153255
776275
636561
672362
499002
941756
137706
331837
439691
501910
79602
558463
931702
507088
591474
765457
729307
955532
986485
478183
396618
529021
222358
151823
375900
4746
723304
498704
762935
230834
701869
443345
617848
896162
804370
53757
938288
826313
760299
799212
712502
634037
550196
929638
241428
690839
863579
468875
7650
32921
810667
74921
840532
144040
438870
635365
514477
653201
159359
576893
748900
569354
391038
630197
779691
708348
577065
990279
303599
468597
760700
813742
989
531738
997690
602101
914844
276841
483476
987406
860252
243629
700124
914391
907132
208279
546308
928524
23230
356416
55444
238151
189575
859191
496441
427553
259463
844689
457697
141427
51623
339311
248722
553991
79962
746619
459788
821224
995520
684568
677032
241229
708873
684593
203520
395428
532997
763077
605096
464871
420166
994368
987420
799843
308328
149592
274135
690881
787355
123147
43904
171441
82755
640558
927777
735380
460243
470003
101337
874917
409804
639556
910313
980449
677515
109248
955941
150394
262053
416971
597877
40521
735
49594
571451
90069
546427
553044
376559
303433
341400
202245
348349
332928
416882
687892
929117
645860
478194
450600
869925
284362
84829
464646
716399
869555
355811
184281
428170
226212
536056
816720
654860
489294
362182
436249
165612
675809
568184
677328
925323
885726
445745
367056
803199
206019
675679
354235
4440
72842
349581
962375
316055
644932
992090
595963
206851
396029
159615
398402
262660
488618
108395
643933
58422
116736
567755
814578
877540
867266
51673
167967
989786
901742
109361
419311
905623
605455
577153
283235
553242
677515
93484
812649
865356
472279
394610
186246
202866
205112
82564
300024
470501
136173
399006
589737
812094
843178
613175
192161
886038
812663
22103
176015
60238
448083
783208
850677
620990
985489
419690
539993
68127
867824
296003
436203
440820
214078
112465
526775
475830
180669
213923
685338
692940
279333
208591
725389
253015
283129
135048
454872
33428
774180
641433
90797
877431
981998
671721
987351
415952
541323
294360
748069
647301
743819
946379
330907
19782
904706
121299
557350
415321
151784
938824
28651
299515
129828
385016
825321
595828
292879
822526
14667
771347
80684
848134
933835
409388
876322
115880
781458
412633
96664
796711
764482
919314
767952
992977
690085
59049
872714
990391
430373
445732
307911
351818
171898
570927
917115
932654
853052
237467
239582
176476
239064
19021
533585
833131
600207
617571
591536
529012
237049
351771
504018
557004
691266
385846
98966
934731
159119
212528
603529
728211
209419
830942
968403
549191
530086
862696
290365
222884
534031
24964
206564
731083
775641
539060
869141
649268
255929
554282
979587
93427
546990
23586
551821
120004
504684
701386
933586
739311
426859
970989
471902
885791
549776
428243
404687
266957
216336
810473
741390
563374
44926
24025
924198
911815
550549
821172
926626
681568
611136
934491
472402
978552
866640
427209
398445
340288
978408
783095
706571
848887
952493
99477
6534
277913
202764
175889
691527
562089
438663
243343
517737
350078
294798
141654
754858
495651
565812
56947
112704
390802
801285
878646
402676
871465
277339
154995
933872
145845
144966
496728
636425
216824
32782
783908
376943
701326
546255
502478
718357
674280
679581
393796
944292
409074
901067
16802
641128
300406
505506
709685
479049
686640
189837
349040
238756
116867
88836
54243
140065
62937
269105
805799
668856
350497
222809
939434
282419
355453
518462
474275
791154
916217
412094
746736
70858
162260
261347
851560
763349
876959
942084
188971
53908
123632
567763
898640
710216
192341
750257
468785
808451
387723
949865
428997
66423
991397
673166
519991
23429
316502
851695
349670
789730
108593
170849
344019
984444
440171
391604
229625
571320
973106
220001
656233
374916
123944
85481
715418
874425
727310
494170
892162
442708
530208
553711
145469
472573
987911
494198
658959
426662
130450
879729
970110
628097
254479
25072
223668
345336
639060
631764
525563
664413
999714
580053
210326
238691
432599
173413
567735
853395
851898
680511
196178
840427
823167
222781
675198
959913
684792
636082
475574
629610
900435
362747
61398
525479
375802
934990
223578
556066
302470
140077
65654
199803
122140
782773
781344
367889
877056
740331
802686
988102
145278
840699
754054
661292
882885
910396
58355
626157
509209
864700
97205
856127
639882
802097
666034
123822
964873
183838
799625
628167
614236
495430
117890
790770
180125
874666
530463
981319
185030
4633
4633
661039
947991
843231
516151
21641
203969
729709
350896
333930
123893
860926
244903
84102
428050
802543
60856
597583
406916
254375
914609
835439
988515
53091
824437
898326
793578
160591
418341
597582
752437
953467
742235
424852
982958
759468
517830
39530
826710
69533
922116
953507
6079
445737
899803
789571
999259
405759
98212
168709
353442
594558
496181
123666
430397
259555
77982
398710
868992
670930
163025
53119
157973
902828
405334
490762
897973
550639
646839
844526
867280
490722
579555
909698
344096
663776
570063
990519
295721
560715
13870
951287
69078
267066
903484
427850
647375
579436
621422
360939
830540
780133
97246
975328
199535
296945
559827
227190
469443
796762
61509
94011
57269
788521
728041
99175
432794
786039
886613
971147
557667
573469
317848
685529
786922
842257
670428
723191
972053
131567
715873
141907
999171
901816
803852
132814
378851
437173
250355
182246
472479
977738
420673
145463
283466
225736
125887
159829
640104
338632
787474
591248
439016
168454
410716
612471
782136
301969
908845
223485
557952
549766
258508
554220
669701
98777
175550
650670
351992
175342
616818
958970
758991
606905
960240
777279
893453
558675
822978
202686
848908
571117
959212
534421
836024
998498
795958
99053
14052
889907
982773
259554
31266
929471
581430
782267
222761
389620
631972
518703
924966
317973
169794
305271
97582
171513
919080
298779
896864
278850
928096
967311
645296
691027
793292
648577
919870
515518
827892
888320
765390
116957
119737
19965
627633
100998
543816
4419
584911
423557
159918
890183
840828
60643
556832
126341
468328
222993
426355
947363
300878
574955
417574
414644
547959
551225
444535
106983
593732
99717
863158
676745
405341
178209
942948
855965
919124
983697
837643
1329
430586
42021
820739
269854
919179
222279
603078
872270
10715
255533
819766
355236
237937
47578
246859
800581
925474
509172
500985
841988
810608
359941
395324
613471
101882
544782
398093
232009
750757
6816
207331
700556
291457
696097
259680
762322
6282
887100
965791
318440
739656
24591
530838
178955
460650
210945
623871
699403
48102
168993
610233
649742
984192
668351
282090
975746
742014
271145
918917
762516
191112
352527
566915
517196
493684
104062
793492
741211
596207
980385
146949
192609
420973
102036
330897
54080
945183
207168
542713
222290
917519
394601
963912
771838
981394
817418
318819
658240
839235
221363
213567
427424
817261
315087
663710
544568
310284
313272
308207
553711
199240
407883
682766
704986
44234
522429
668343
17217
612241
381385
602134
743773
538210
656528
905406
171721
533710
334419
323578
861950
190008
319083
100823
447061
672969
469830
69571
188861
452633
201703
773330
754100
260776
384205
828460
607067
360335
450183
11526
929681
958252
635170
891461
965511
232084
614832
857542
838157
7227
157552
472933
92692
960234
959915
781285
701869
967180
28174
577352
305701
902397
379258
164327
29661
875460
531911
450205
492080
788641
395894
10745
681986
431057
900410
17150
647328
665426
196892
998761
467480
599489
359240
244633
203546
57195
40822
539760
988488
930468
845463
928755
20001
284512
63537
969226
489072
21382
539089
365391
322420
739983
546191
629081
213023
284416
406249
82463
69945
7730
732629
297245
859838
97434
937712
411170
324188
56074
171706
975442
778334
832799
617235
985754
180184
221428
221630
849463
427196
404
358158
947907
998701
365121
27479
842929
55970
602558
120120
381247
822279
252877
500417
198208
317350
116619
269272
607247
987813
472099
777280
143164
296032
179567
487270
609948
179578
456980
772305
810849
916577
630883
506866
477219
793788
362546
941110
356389
373526
279122
690101
328356
535050
903944
352272
189485
16065
120271
532533
939290
848516
781320
883145
54927
617383
164072
483419
983111
159088
228135
665667
277934
200056
385306
768237
28555
189741
298796
836176
398520
224928
418231
218687
694964
546852
539739
706611
408775
842411
671610
173832
238085
31187
249733
960356
636307
677293
650547
908051
639537
860657
954453
900747
46549
668895
560176
300876
549680
174198
667066
308755
33212
757825
730699
190798
231675
841130
659877
193774
181893
934535
666001
116207
265232
892648
81539
916008
857904
164450
534533
778832
567433
382589
535044
177908
968778
783087
806562
357198
666598
937818
443545
262975
825881
985373
926307
226335
207256
794215
814611
140968
136587
971116
825741
297249
619997
69770
420313
322309
184414
875114
2694
367379
518871
528239
546684
75399
667680
816643
996239
821458
119989
463314
693559
972648
701526
660523
177664
955957
730802
119110
737569
685794
842620
448536
989237
659120
806296
726506
997451
491137
55517
674078
420642
355999
613718
163131
730493
786570
733702
793129
127805
812967
931241
806647
778879
81340
220271
318743
712970
697693
538076
732645
464914
314819
311669
266052
437957
849230
749066
646219
245287
392045
156468
728339
518133
550410
191995
657163
526074
433575
529821
933683
684716
808027
551014
250482
84653
561987
544
378767
334342
942562
555813
568927
929182
824330
673923
830924
435833
670601
896868
721888
933480
342529
751239
44997
34388
196687
86954
369132
904568
781822
967503
682854
397494
721794
218379
978022
704672
142401
973159
473855
272894
448360
272499
620871
167553
289259
529081
331037
31081
525637
900072
181229
182408
472707
515006
73021
744212
130936
33619
188020
92912
940588
402433
14291
751180
752349
314765
927700
329103
308034
984160
444178
465242
474472
900610
757515
522569
626438
935298
346701
33288
423938
158511
161919
776917
956384
547785
331885
351737
106502
202790
347291
940591
92919
45155
249818
776413
764600
996099
483002
373769
774996
495965
320561
560798
173852
925798
584418
490179
770168
890084
990661
931782
612438
926929
971908
293013
967157
443688
550183
940945
110193
702037
673681
460329
754014
140503
76423
212718
499846
246934
92833
667492
811343
561660
642250
273831
176194
353242
321434
467819
50540
406483
796435
514185
435550
499495
259249
493347
439662
343347
819602
692457
679291
978669
798797
85761
523142
142989
387548
913559
897634
775036
783697
764200
920713
88835
228838
899080
822184
878053
621612
747569
926976
758553
946177
581185
495742
990722
904817
930966
845040
505719
904872
726626
565892
339972
960881
347219
88427
405053
696278
752103
810276
131231
335981
677495
808209
669736
724847
989774
393636
781441
320514
40058
734725
661348
306265
552236
692539
584070
379451
499484
48338
444578
151347
824688
746484
930153
991843
330864
763643
133971
843480
265025
420465
985131
953427
17926
75299
174378
744758
934929
171581
472454
831928
767470
562497
490257
883615
318173
641404
820726
234191
555213
601086
355359
563622
174994
978196
338353
496209
7
689203
481480
613819
227926
979175
416624
613224
709708
41454
698738
865990
979828
445746
507325
479330
694583
36145
708237
311330
783491
864364
887335
418540
546768
649457
277132
216567
92423
515043
691580
460862
152127
664751
816265
368675
814395
168918
820148
194399
89326
651725
588886
313686
253182
419950
973549
193896
780774
580492
284130
994815
602676
650562
785525
601085
152889
854878
915787
846632
205584
819506
191409
780296
408590
689089
980795
271387
38783
665973
317056
190224
536820
374840
768009
16934
156354
281282
527142
441684
564969
617775
937509
71835
275725
503669
103676
148307
513640
334903
872265
171339
784454
686145
768402
526959
826868
342855
349259
335884
747068
466475
224196
923273
619312
673075
30919
430436
343585
69321
225277
377412
16888
599181
319573
573478
161420
33576
950991
947665
185014
267816
160503
954745
757512
678762
708904
417162
84304
52525
566301
383896
174591
542462
542642
678931
67860
821555
571951
531415
736918
161677
501849
816230
795273
610260
99805
834948
521096
251961
634900
433961
940651
13637
75352
893186
785950
40390
381837
25516
207840
295629
736244
70863
644169
323205
570139
353624
381152
50146
144105
434887
869894
840430
940127
206174
736134
43904
373505
659820
292140
188962
220041
466807
880650
979841
832049
672284
422299
833078
970890
897777
390051
920110
978628
582482
700403
366671
708672
677179
644017
493883
99488
764778
752178
589918
299591
486681
431157
47819
164811
341419
540594
951453
664974
356303
62673
709035
917989
848565
493455
776660
751109
135032
983152
442074
773169
790901
217922
925585
820225
735883
297842
395720
368373
849151
949486
949113
142512
365157
124926
202414
165020
334387
682539
65109
453496
104142
555240
564003
170383
763066
27132
653631
779066
247105
941325
356936
848077
456844
852372
8353
192349
734406
795864
948580
377260
668854
151870
386458
303119
951217
333599
134479
579075
702460
824156
767327
48409
734123
488799
300018
831928
610052
846285
999344
722113
547944
58645
2296
172568
703307
898587
991066
903210
870926
701615
527535
888096
339859
103737
24285
594087
582191
220388
176522
449957
611730
953392
572761
605149
991706
880414
21958
460706
566539
851755
89403
392789
733278
685516
257788
269380
862930
288784
928410
913124
293143
226730
795440
546075
72035
984986
320884
780944
993963
949196
676792
16775
621569
67175
370672
292762
667640
162727
705635
913353
910314
482330
222955
215292
974470
744586
585260
832921
334648
233528
459233
531299
554163
434858
969504
46299
395716
538973
634334
918996
520820
230753
424044
613956
929493
449794
753848
91840
78600
975609
367276
756143
807837
589604
941811
628242
401740
391226
387828
256380
605026
354670
314035
17200
22362
432725
554926
311015
813183
626628
541238
451261
39224
81301
775079
441850
213791
3526
784800
279558
945178
79930
355097
128002
33543
501605
986145
69609
169892
300850
750792
552287
427361
226495
121490
561176
439756
457607
293323
134645
868506
23110
584719
102525
124070
563933
106783
47094
879684
397649
973378
787497
587081
532745
490137
396923
150839
981743
949151
750550
941250
852364
608876
237814
368997
845023
814362
971018
6755
961833
152465
875468
505857
874889
641439
507888
869611
972466
588414
50754
56205
698365
277744
17376
719439
325217
116175
648264
630678
412800
792000
759630
269857
300062
205806
118239
924364
978538
506499
336853
151677
574726
70480
906652
209944
146352
372633
682058
827124
731974
362413
668347
847101
51776
564633
737381
627139
293106
713422
993878
337739
52980
243134
438719
655203
125251
711670
127413
86568
359640
562011
466249
826791
847150
952019
858502
9863
415901
332403
938942
783514
506279
726245
665913
980850
397275
888966
160836
633267
185637
977965
930796
519264
519100
28650
488788
134878
823908
872493
855621
752245
146432
296652
333265
788481
515586
781034
757881
680753
700475
412542
657936
975454
566563
187854
944235
999363
556826
538303
531156
462567
253059
292157
326813
92012
397482
858274
808310
894822
332057
258237
835373
217411
505630
143280
645655
938880
675194
975250
820129
647158
434076
124647
896160
760586
314726
735288
776250
953771
923442
121036
972083
259727
186332
789170
747400
258508
578468
109240
217445
526141
717053
563899
81880
398342
349121
702351
714849
401153
583494
252709
895700
232642
432144
110550
553718
186432
515619
416833
776826
561902
657728
478143
899909
933314
453247
820722
728927
973725
741137
270330
314015
525009
914536
930726
82148
594437
160725
339071
23244
614738
780922
978206
913864
233345
138767
764127
100433
802791
151334
764618
932148
40732
216897
827357
324130
980998
989988
914605
205099
123654
369674
473039
380413
302348
736264
143631
217642
356223
402318
797509
183471
73353
375666
406822
539177
312988
984876
574757
582473
905904
841668
38417
424300
774715
656682
891283
913414
895795
100010
78916
846511
979658
935161
882263
311752
303599
849235
513157
175073
109384
907666
190475
691716
414321
334026
252419
529564
457916
374049
35572
234371
102438
932896
571478
556118
37509
785918
747482
905876
134032
854434
393063
263883
306241
2297
444321
644526
760505
968400
543711
466536
267534
821986
339443
616195
356690
696941
438829
61673
138230
819235
526748
673046
466505
451395
457050
46592
132569
933996
876188
514804
823188
957558
286566
654458
319418
180890
895462
276079
464485
639893
327586
46756
937689
275064
200225
576209
395549
938499
442966
329036
648307
528630
824615
190100
8262
693246
463276
825691
884493
763567
791632
763471
67183
505976
17512
309242
411062
718598
53906
481417
677689
216509
275220
450740
256853
52359
392305
841315
24744
584989
968303
706879
701773
129134
600632
313908
582520
509096
753362
614459
973207
30379
25278
953766
499090
184773
503846
693159
761139
839652
32669
305035
115300
458367
973739
902637
623257
292344
237682
352002
187758
577320
551938
905116
447516
356771
33014
917882
864707
973031
73225
955409
882637
883116
733363
729660
708110
310871
130478
242753
349134
634487
130134
281260
155394
406133
878590
946890
593730
643428
12280
217489
64360
685200
985099
892641
848834
545277
456808
702924
140516
152322
581673
179822
819150
659478
901561
114009
691552
990915
238960
130148
430719
195594
934534
827666
210523
206828
428608
693476
239864
313651
299394
413776
601157
962358
216455
98947
741437
337568
874017
860527
621934
432696
613968
68132
278854
957084
477905
952767
118598
370593
558860
270301
991466
350808
89171
544892
811343
360255
705520
81193
697698
916612
396016
847663
640433
994665
372356
747093
80232
877235
610164
455214
930726
973649
731023
447274
252216
498847
602438
890050
90413
565391
586320
904082
308222
985525
279655
773293
38523
102832
772477
520173
669824
232823
293033
6495
401245
729570
739611
433004
212206
167902
952937
87632
399534
829882
481997
948528
846915
152137
436609
781360
44084
64470
281452
399207
974378
333612
383613
566129
438811
274066
63574
16125
710864
758455
698162
437645
436599
373813
28148
39414
707871
182742
466512
818708
685673
168623
832160
138512
98890
385735
748630
893582
262347
12444
591693
778087
619107
34100
813097
986690
10172
794787
213023
797997
336382
53305
305743
131653
216428
300926
283686
599237
615284
479383
727006
360677
120605
966197
69835
243706
806266
694859
989945
894335
403657
356778
509226
975660
411150
899304
274555
438124
493667
118990
474519
416794
359621
248251
215928
160642
912923
903290
614999
29520
633714
636649
964853
457110
436489
262209
296931
126590
820513
526956
41608
620905
530092
240992
579485
911554
169422
80358
64726
610784
372009
419615
41604
654276
75793
264868
303692
20756
753289
404844
229017
755826
780879
919458
565621
344971
880120
970844
689476
199492
294872
323585
565734
464620
319814
389352
388525
904986
773485
289517
181774
496715
17892
742660
101396
50787
920364
439136
885056
78395
146918
18413
328532
239431
151763
890032
885772
394875
371063
538286
473980
691079
376727
489271
589095
483928
837455
510517
2792
746150
875420
75527
733673
716585
134208
343248
4153
312492
900592
80547
323075
216904
926594
229123
411697
927046
947130
995556
851022
630962
412043
297205
524676
868396
654685
15925
746460
248630
196613
788696
877127
227409
675160
104566
682096
661296
345268
534327
85941
432324
410591
294149
477415
113865
103024
563290
401607
60617
953493
172542
248791
539442
162040
123193
708218
838934
633098
559445
276943
417031
904582
735280
118960
935107
565694
299021
89851
955314
777129
833526
616650
177035
115696
875892
123697
921365
668551
240228
91309
522240
764991
841806
14967
316705
923513
830776
800036
444160
8294
37868
726160
487825
223122
662150
111291
298053
898326
93807
177365
92586
277004
791956
632785
395472
231977
250466
939999
215822
15165
36672
730842
72964
593425
162766
222332
426901
693996
857258
301598
782231
484953
747768
874266
936224
355019
74680
189485
931825
899620
913884
252896
713070
377534
584415
188037
334107
519918
7374
445633
576639
257512
545208
823560
18064
624661
671702
426623
394165
414469
253580
476845
718993
224316
369260
116164
632647
961291
563365
390192
690903
316698
169311
944572
776347
479136
819283
857129
100897
466109
739679
655815
317507
140345
169227
497193
105210
716219
858843
815313
109107
500727
213376
308207
942504
20838
973838
81934
5526
647783
737394
402425
39017
602073
169891
279278
748867
487564
849815
571188
645799
409503
398293
853434
173533
749227
897408
713166
675099
842221
392211
640416
221671
97782
550909
60230
976091
696413
46574
390273
99560
109395
700250
184855
776857
686058
457459
676214
553805
7806
377787
644218
86305
58119
137711
16239
853059
889396
795454
380804
557534
416047
413371
751107
560023
593890
857541
882203
829066
753888
965436
461912
97158
111798
750823
868250
408474
736340
164940
901480
551784
783875
375938
289556
391145
948208
74463
908972
707557
952330
38108
162209
965875
536189
791414
77988
997490
9885
469684
302501
698740
525725
227955
186023
374300
489889
345586
766740
761810
781875
422007
933694
78886
729757
33487
95049
385003
12050
165612
200442
187582
54953
944681
456679
687536
402955
947859
864736
342932
766197
175592
345296
860039
807861
397801
425955
162841
84966
75607
832584
56776
975463
48405
470758
367411
544666
604547
253745
432961
390628
516488
406423
441736
909162
628245
830551
51554
506059
980203
581789
480435
91694
560748
952460
959911
20713
69896
376289
238256
655689
988643
847668
494144
543711
921149
931419
630911
73897
601606
289790
734069
560950
458396
325336
528789
528792
721879
647657
747041
916014
704842
125198
21897
280836
354038
853770
974308
593554
446871
850900
208484
66158
119594
764889
726176
321487
876552
644645
439774
917381
63541
443855
984272
203910
894815
525296
95349
323205
626873
357164
651415
878404
730270
161059
665244
156671
748802
916940
847826
155447
646642
305327
900774
285594
919258
125674
824351
885969
760747
820509
358521
283231
164891
548166
5705
956399
166989
599377
564351
718035
505175
275200
221395
231478
860235
775111
770363
852729
287991
396791
926249
791353
832506
194210
626911
18919
206613
679144
990993
219730
410911
190988
725763
576872
408656
765529
309329
736515
888623
756663
92355
804899
557106
164311
840535
741822
756671
910842
106590
229273
329664
352946
158065
505249
949566
727046
787059
124267
389869
207330
446068
28504
239543
359390
38080
212972
52962
370689
748001
788803
976865
54017
880375
512795
127261
41220
414455
688022
17823
27189
570332
881957
298960
722380
512554
708058
753295
671848
384407
811823
888106
202668
175601
35162
909228
639634
420014
898739
343431
975568
775044
777367
822701
162219
175561
68906
206793
406205
833927
804926
68662
528846
944812
73687
311617
922872
799430
543888
800935
933314
231392
65021
389666
638324
257585
360054
522100
223262
31024
615220
847824
34082
26112
251925
730140
571
201752
569317
537182
81560
206212
649854
396489
362631
834775
685144
797783
665478
300
233508
385760
133215
431435
337807
633671
928057
116385
593136
472884
803961
607447
812777
989854
265167
611277
303706
226550
378724
284438
610348
960138
643552
388443
72059
25601
603075
321527
150513
65638
807635
474229
812914
163868
397166
628961
445058
625647
388757
401852
507718
364934
865953
113518
691838
199946
973225
707952
530225
117497
5500
51387
36292
311775
810107
875971
19809
194958
813067
74934
841435
225970
358373
936815
965346
271708
139184
172738
70176
15025
888349
52450
195290
565392
739766
431802
436838
733922
97845
657044
333650
115231
629248
644170
141465
344579
743914
212830
990570
27733
612621
471630
63479
333408
508662
487839
323895
710386
404877
13449
128164
881344
827229
955972
484152
678510
535377
907511
616168
870491
919030
664660
174431
637662
117072
685783
748483
764422
729997
819957
982083
79919
972322
205293
953449
28220
194097
498514
686278
858876
221599
607999
327802
577072
556598
543249
193202
636716
894566
722384
448510
305628
773634
100053
428133
970515
67435
747177
140574
325696
754872
73771
165538
721807
33163
331981
947532
721980
426059
802094
326136
367797
840981
361293
905838
439414
305509
14282
504895
673392
309047
333823
443157
971541
13723
755950
382454
892594
823312
40252
296942
142431
16507
157676
683378
924442
172718
57791
396820
593036
68984
694943
37286
106233
793126
880816
515288
846102
178492
40619
829105
222922
603353
225604
396790
781544
58161
157237
973856
15469
13898
741407
657942
610731
745432
893213
503013
163835
621872
757881
401882
896180
839969
815712
76302
605426
808286
645481
633365
83155
486183
143602
899575
701414
740572
53376
95810
81601
347499
918572
859989
292097
311883
764685
47853
674019
963144
651569
412861
522447
661725
894788
27664
520877
580659
628795
100045
138502
742788
597315
848334
681289
536981
325973
419382
43339
36729
186697
976031
483617
657599
684917
954219
111333
339558
660295
988786
424994
382399
524986
14337
569909
191378
553853
658841
469502
795669
624281
680818
250797
726252
684593
25281
917812
552363
701591
57763
768145
586930
999990
943771
791297
997265
189582
736452
711226
156639
5505
132007
392918
51246
462701
436883
613492
486669
726459
537406
589377
953449
743969
480535
264579
389453
520366
740426
626706
109432
453856
205522
305330
277677
991204
907482
417351
860076
626596
761391
495880
560794
698488
668489
879240
42267
614124
250769
884607
695743
47889
2010
326205
405363
5011
390773
897177
861326
641079
190262
829816
153401
140638
7343
716010
864540
741227
165717
670491
370674
271772
136252
800209
976822
938437
688571
841166
565687
477426
48039
902806
942070
728653
63289
183035
252762
474531
317265
94263
780895
94333
670820
634212
75065
225650
840690
822528
155233
745984
747653
826199
906111
88909
542861
675457
862934
571405
167143
390826
470686
604582
723492
349995
848353
894502
532688
667531
135612
411422
606970
806300
569653
950142
618707
494039
221755
894933
462968
897479
169017
322974
857271
779874
50587
974127
473248
802995
536583
55094
786846
666800
591593
318547
454707
885944
785365
527290
680995
660873
202593
690632
678652
897397
279933
36679
345307
912329
897129
593698
360317
958588
849776
624338
549306
144197
455625
834345
638750
26893
794628
735674
38596
243969
388608
878889
314326
917584
258382
266280
231794
45568
606876
385456
625597
728350
519219
291407
607393
255427
75805
680779
453121
252596
42365
111352
550281
999995
290720
4574
144590
964843
452721
971339
275075
835469
754175
236445
564516
789267
768097
603308
998881
581154
912139
598334
812490
358380
141719
642731
724737
991578
350917
444764
120277
826328
507784
365101
147669
488554
774608
67566
185579
895789
220901
976359
906776
32871
802007
674809
6477
431778
874582
957513
400936
340006
582210
602501
598982
378013
13255
379665
513137
245448
730088
20531
641066
429900
571694
900975
34577
450916
976715
332604
629044
385359
666794
547430
631777
64499
28514
217980
811715
545093
993410
794010
63934
991870
702784
811718
721994
892007
590534
687647
238422
671020
23926
356355
430333
174113
551838
685866
426837
412973
373035
180157
124177
395596
600473
255365
363227
586299
419417
182269
191134
951967
980049
330643
571625
830086
64500
534148
635846
515280
567200
711553
845334
412678
798047
814523
351303
320087
139512
236739
662892
338312
189352
514176
885707
826360
803966
154771
556908
7943
658618
920686
210711
868670
79088
437628
412076
483054
518037
533813
626123
972504
821963
581013
317234
644265
712630
621926
144402
813449
166911
143310
732686
327948
364475
784135
449745
234740
811386
686715
371575
355835
921757
393518
395557
587108
550202
551660
405628
79002
863253
620904
876793
995757
283852
435200
377619
315968
745595
446016
985171
798545
834134
945950
436392
459906
507542
803498
724811
541787
47290
1160
383598
227838
92201
564877
669268
958677
615450
226914
711204
420124
15695
739864
68828
202768
62745
938904
575923
869570
880900
541045
823487
86235
70747
85177
412301
795224
444327
46717
792955
100461
970304
35432
872445
876250
14968
406243
437423
16709
906470
361234
908741
81848
180817
37069
520867
868088
893033
222767
948876
616393
180859
457030
221099
928102
398929
889387
873094
567187
942188
235837
330436
123767
134352
886066
537209
678608
219859
340445
190889
295322
973022
614317
372019
854170
387571
980779
325217
503161
500110
464508
761822
539975
498158
118089
549161
603348
789762
500960
468149
39517
285083
36112
984500
20520
402491
659000
192277
671077
744222
380973
888467
665729
273667
969154
215265
275769
625366
112738
647682
863593
77408
524821
803399
547905
49721
237851
400415
504143
855730
835996
913292
174601
849872
907537
963787
201933
884670
313187
715367
944634
138803
213432
690330
663854
11659
787456
520790
590375
633421
634610
771882
580338
604496
436971
393610
498163
301159
526845
975130
92254
52433
80573
877262
880912
39341
173430
741000
58378
832816
799053
334659
186811
921940
363201
289634
661912
857359
626474
597017
760179
639324
230173
209204
733320
589353
946959
724870
454211
715577
226280
290819
719333
322030
195966
528443
354845
822440
811640
175339
715682
628985
101143
956391
664669
238863
541874
627329
66894
908829
422424
263668
950118
199520
561817
198558
775344
875744
742946
869956
887625
223749
958559
488690
552048
444374
433123
782822
23
891392
515983
558699
31443
202800
15478
225407
69073
768886
487997
463999
982643
426058
737354
467727
827931
638205
362437
212200
995448
720117
43735
928720
418479
811951
925263
758384
800080
248874
767675
214647
939122
452638
538344
331141
88587
327028
483581
944120
593148
364808
796406
148733
425122
260361
743390
235713
291091
347324
769089
745977
416355
755576
968007
646798
404941
968270
123093
724191
555626
124842
379188
594714
637593
484644
788082
990852
972580
579885
560189
32448
407551
903521
917709
739230
918862
476626
441756
359224
870391
250884
181170
13019
925883
928175
110402
93562
45044
584
709533
315461
350524
540180
365547
483419
516799
257617
288290
208533
486883
449437
479934
264493
304486
922649
209938
271097
394716
417138
270449
517828
90779
212303
844735
81237
15734
80280
781070
276837
906583
477930
61486
706136
204450
421097
607909
218818
866858
804560
850494
549243
950392
801626
371589
558287
711770
592957
843050
999635
77580
558313
112261
605138
929481
474056
606040
740073
925470
367989
242755
637529
98559
832616
297501
413007
838958
165358
924959
456513
544599
161585
629349
58683
514396
379248
847776
979884
663358
337984
939567
21830
191006
461116
876119
772094
936543
680849
654773
892964
460612
754261
982888
166028
874422
863035
631942
4357
390301
210957
835925
669752
246522
703959
284418
791847
846971
438922
373161
911788
379883
966632
147745
866479
6311
612346
803534
695725
7441
770391
299444
236340
414808
330941
283558
994227
118979
23318
881281
147536
195610
500862
505935
803640
864104
728547
471033
93788
778300
15939
479025
536928
189205
546075
928220
563272
681282
333405
457237
562293
195652
893514
305816
667946
476266
294810
536029
860317
981376
538780
999118
952374
844433
765348
778934
91043
42388
555969
346621
883688
459363
942445
618944
499252
957963
779671
888980
581691
147779
946409
133782
538073
779963
51042
985469
54330
430412
963049
955009
777015
223900
309897
214838
851207
643791
206776
382875
77687
135077
49009
264701
516186
429058
216262
289454
399109
277854
605024
788247
980347
298576
659040
714581
359070
803755
86291
843014
15271
299390
925063
278405
331071
863807
177695
424042
653359
518102
71047
665211
621458
746855
800458
113619
157636
619546
257365
734978
353407
702956
177613
336859
636009
506100
993410
99864
204512
587094
668708
988442
863398
304573
343206
760183
215925
761748
16784
637399
370994
765200
44226
10772
149165
841109
500662
444617
35994
692229
86295
323394
363275
955936
188525
685191
677335
448929
656357
587114
338662
556804
983269
937017
37706
843642
2919
808977
629729
68178
243607
803087
584099
883867
800478
359736
246769
788043
337277
542624
880371
670088
897890
720276
915823
923832
932602
655604
398592
559284
979111
988182
566388
258890
22104
881074
311082
722770
813305
243530
281964
147045
936723
199041
40719
534756
165702
833073
245329
945499
903335
532039
347297
796836
866526
456868
364663
50242
594303
534513
541155
358323
32253
268974
747462
450160
454184
751161
743761
605136
567346
378433
521006
565435
937556
758285
565191
496179
346498
725744
5706
260642
672777
932223
718463
591570
186486
416919
535742
975530
331481
85801
660188
637148
471173
739968
933849
799734
568800
29290
662815
522083
540631
857783
738087
788658
203809
895994
126056
216247
125110
460545
260692
924794
577019
648963
419622
223788
768379
228201
34353
190951
87911
562843
463907
227465
124422
227722
622292
980487
75581
318553
365829
496060
945522
622370
793898
66322
445038
766803
595369
848109
345415
808248
424525
509374
670185
595766
52743
222104
557173
312944
545326
635298
193428
419021
67758
883977
905852
456065
1273
850676
61477
358339
221854
507752
488852
787659
624281
191301
669411
567996
424331
864517
768043
120577
353900
601685
968951
606100
961449
865640
211607
299589
94087
529518
48085
613931
903187
440143
489695
134600
448609
169477
333823
557981
313486
230436
844566
959746
104792
170306
215563
554689
512515
511769
700434
207171
73148
305710
791350
721728
521358
564509
607963
348680
977729
886240
117214
488607
951875
659565
425013
112981
693311
267661
193182
891604
409392
253338
175628
990938
431687
446424
374245
193179
708979
226625
365939
993200
757435
565586
455186
180337
519335
68250
164465
65098
415449
349387
360155
343895
845601
670744
710503
926392
554070
800930
812145
583471
149866
922707
878935
688764
840364
43973
906991
706235
283918
836202
654283
643255
972995
742607
329200
169088
346772
573499
753872
316145
363213
153006
28055
212561
164216
768030
952503
90535
439016
596115
731060
474284
369377
328302
780258
549081
752088
795849
338357
877909
688734
651063
342942
550187
320093
983396
206189
824862
564059
579007
423359
908929
1702
785167
466218
740662
187182
326906
338087
200771
954075
327092
554359
234014
296758
205223
794991
840187
275190
279331
909813
615769
454655
40875
335072
644115
534851
345260
649131
938481
463916
61461
341371
891289
131422
700689
712379
19439
671316
164993
544804
255133
950251
55979
578471
544420
505620
943410
218836
839910
347047
582175
862195
534461
984649
310157
995125
890252
578239
401781
748311
382221
157346
229196
15509
39012
604643
144505
526679
686526
919918
714505
466250
318496
30179
76559
989352
858915
652890
914912
88956
382479
508166
73719
63447
360989
493031
804466
691343
174360
581521
107520
577963
474232
324902
692623
254543
854609
203106
638332
597987
51064
29201
520721
838600
780260
454771
483127
777376
517761
457395
376490
962944
940498
682167
475327
327735
411144
840478
434919
155025
615740
55896
889918
312830
453596
72223
236693
671027
711356
749082
778137
12994
446316
983384
199147
647389
279222
752644
877282
984718
897094
479392
473607
891304
185417
902181
832825
92495
919637
153687
46604
594755
840739
893913
920523
867801
436993
275789
56649
121303
993011
696401
454381
640566
98108
808462
182431
172996
941866
304528
811641
951739
902876
812641
31
369612
563347
736176
396289
391683
238578
688058
585061
283241
665112
103401
247919
57850
158006
931573
851991
313566
666775
257414
165242
160634
102513
277666
432384
653792
179729
337282
831189
982631
177275
639466
227719
322980
119160
980773
851942
81853
519675
33177
508050
647364
497841
593496
590075
306106
553751
81339
712967
299862
523696
665023
213721
992824
663161
565428
665580
103202
791452
707896
647255
839227
149247
802229
566450
979984
719609
536231
266650
478299
584624
988400
807019
278103
499298
953364
595137
750526
485126
420662
606441
594732
416843
992758
998664
46287
453648
738913
513743
216089
881065
107854
918330
734340
573896
598980
6098
961086
620664
701123
946362
34791
508890
250743
739547
518668
621030
843674
537708
378361
952115
714475
928747
621099
191598
859666
224474
394078
144972
457823
100337
803635
648643
396558
522682
662128
279641
304555
268666
119004
190435
50083
327008
461196
775080
856666
465232
600930
785284
568515
960205
866662
808631
484438
300909
920873
62958
83301
924277
740970
113264
190340
583152
318596
459255
593470
185036
84396
47124
733142
46958
547895
681600
607379
227414
179300
936020
895606
440361
984961
888599
663086
522728
11335
79399
652293
262190
652472
734597
542596
716607
63692
248787
682136
308485
404313
156237
622504
889886
399868
137174
94406
217505
148518
727867
878620
97534
292695
584402
160051
157444
506094
900471
178751
564943
965087
66030
120959
375968
71027
788205
354503
137672
810249
150142
314350
634811
802360
163455
316446
549231
195643
307453
135850
425813
159023
308649
72273
43391
173842
703017
435803
528033
806071
824128
677907
893857
637829
309376
63884
744445
391138
318257
185089
887488
335314
535092
330477
60551
286025
206936
272065
900859
410100
866401
487119
881970
575449
82433
779765
617927
76915
983749
545674
772950
143233
152583
988880
810911
518485
458152
858547
366134
344992
269275
75448
402462
478039
548883
457893
92643
416512
266348
686170
136787
150191
332557
211703
239984
729912
494180
889177
750734
589543
12635
444336
776667
191814
567057
815381
756941
417633
1953
120931
226427
200308
405010
478890
380354
891342
138285
800558
630209
788030
537399
705961
802962
859033
511049
83405
554292
505559
464508
606278
578711
567796
558899
286247
508378
970697
430445
865179
534597
533803
853880
485160
940785
10756
776307
391273
818616
262281
372913
700929
704012
379521
240974
985843
543065
666487
934161
777012
448950
191675
359279
493363
266067
515605
794419
938481
558278
90096
886825
717196
43504
711838
860048
342510
233201
588748
877213
834894
215101
371974
622790
807403
691826
45488
959336
74323
537233
118791
688989
870262
290926
281415
285638
152060
135382
391498
217739
753765
168135
817747
485575
469450
751087
918329
911180
59404
257925
726634
66685
715656
309032
949135
347613
453663
878639
177365
116084
577424
420634
259715
924984
558772
368208
309590
811109
309341
610055
690823
525524
213353
95207
50438
189699
442909
230207
165193
450459
856420
186969
304548
692420
142553
790123
746133
842102
157635
282997
787786
27222
323180
657812
387993
651521
640402
561338
77586
613675
419509
658391
453292
72843
461083
753888
897095
247388
409144
952741
578163
837872
939489
937415
719661
268151
114676
747321
561278
389658
442794
276770
785996
356114
317008
25783
311775
2603
722823
79125
879409
968581
274992
795454
128589
477513
840860
697499
487185
377840
146087
882026
207121
60093
721914
92754
603036
851338
546994
834995
564537
640674
799463
425723
33818
720516
619726
466305
37022
366178
518889
789557
774360
281556
816921
133877
396017
967033
471616
252006
686949
244988
36507
723518
784045
918733
738856
978491
66747
982211
841469
596550
758572
937348
624069
41853
491989
289512
19716
394208
517687
498766
481238
116814
250246
818231
431007
337019
147485
141424
17892
766884
746594
803556
162904
96903
49183
595462
534458
74949
426913
26084
364304
127629
658094
293965
500897
962677
897827
695360
4592
350216
253578
284614
425980
120977
493750
106467
193582
476020
256259
708184
309044
146659
433798
188277
289410
587851
164464
341371
993129
476245
827038
867712
171264
222757
488142
859023
929172
8585
218263
962714
990093
228546
396382
581349
2778
234023
792622
771295
817593
613851
673223
959940
233963
55110
67028
244299
388162
177963
97487
483595
749638
778290
698128
916794
938888
145148
858968
75249
683019
296948
311574
649039
268262
737726
347455
520119
631129
918409
749122
545136
628063
438135
581342
834138
14426
422438
379819
282934
235655
316502
222351
155062
531509
720247
919964
365849
936706
53243
965886
720798
462305
3161
337024
614716
833528
718553
160587
385209
635210
917431
124008
675407
924493
329604
314956
937169
390719
852854
441829
79579
956538
263796
447550
123324
614546
4579
51714
901791
174405
484891
199527
413552
135463
498139
560581
68069
999251
672583
233373
498655
363995
413906
641802
311733
10930
110167
664351
789120
599034
34022
647223
369377
809709
330071
252953
736397
208389
863026
510366
52348
731005
128577
740404
380925
548158
602528
738694
529801
930218
69274
839403
403999
692009
364166
663744
519432
690976
394998
696338
86776
995324
385367
925681
893038
745222
125546
251393
306851
815246
535403
723155
854513
614390
667452
588951
340158
272072
656393
660410
455849
931256
611649
539002
445536
527116
884684
73741
914016
267473
323732
960436
880319
931241
206193
741187
995813
342324
429061
254070
137696
20790
789614
184667
996759
665896
325925
416161
631191
797321
313831
836606
390793
9076
176584
285495
175860
356884
35228
893523
584025
107251
824500
714015
802015
234775
99856
572437
979831
717155
844342
510074
774196
583656
887972
882043
879322
867719
235360
141559
937746
788595
817461
97783
663320
977010
508129
303477
678962
55937
370904
329565
84341
203510
633016
600588
822217
682413
56329
999207
439759
834684
441362
124105
743092
720854
843791
745966
929013
988589
158194
929599
275674
591774
481361
246543
468910
327922
624835
707570
155304
331191
749416
161588
771207
398400
154064
64148
243968
781345
769017
253547
244542
558902
958675
726998
46610
169891
9007
442602
80238
982939
82792
336382
318306
761321
420642
88904
561209
871300
596434
192794
687822
381795
163925
26556
507706
15137
115289
801740
502341
111792
543849
922911
780785
251521
945388
991718
186534
772784
116855
737155
799358
147142
855577
309503
190934
74467
875446
664991
965513
125377
779776
210721
658894
663329
110063
822064
855439
184263
302821
859512
414898
940737
32629
159046
685181
888805
212856
173092
683442
446225
87182
556878
657729
191277
648621
856463
230055
476224
586207
692712
961178
68247
604974
183935
936664
751239
305677
750513
869413
847326
329715
721891
562376
781330
593987
385318
31719
379962
869379
624197
128370
834383
444427
639288
293103
744219
909870
774245
766721
473990
588289
837547
839858
580533
600189
273611
498253
186401
446947
884953
259242
658746
98425
113597
897457
842077
108269
612752
921864
282844
315040
898939
975896
939220
153806
11848
795021
723133
585903
973681
888815
423563
526446
276604
707021
808082
96101
93591
399036
617826
111885
539751
364089
259112
44188
559262
59335
382477
260896
588030
381975
531904
379955
991676
333444
236019
189079
27236
24591
572994
843535
309351
298372
1671
752670
892596
544583
392078
800691
494369
701541
322026
254769
232644
109654
27452
752378
39277
669179
128735
640774
695157
450100
942569
347688
372417
619549
770906
695698
390966
725662
551083
751218
680267
370942
633815
572612
657353
421634
505298
550910
325423
518117
10219
927691
329260
486495
782102
315536
547032
262179
378960
799212
354716
853909
295877
263840
11514
79445
369460
255438
774771
329555
426992
645619
837539
356442
366530
258125
55488
824413
419102
193199
269459
235884
49685
61477
684517
63292
238987
644732
521355
293869
366556
553447
686635
45228
303905
982293
223808
73065
817048
907362
363246
582529
129394
740626
133579
515495
848241
758717
475491
312893
16939
268474
802848
895421
257080
23346
420494
342725
336966
312525
696993
273653
710629
125009
491553
446151
420652
9791
847455
852339
810407
270084
921933
874311
218779
828182
966579
625950
296638
286651
47409
709470
796569
946451
98851
301098
995199
719931
49226
19951
561186
144445
96060
885930
188005
950518
34107
588771
296080
656879
274629
409702
34459
10602
579942
861256
766058
505775
570773
731816
339489
451927
617416
81716
423002
548771
212320
723883
970079
165000
846302
210100
223784
805228
738872
562690
687314
330148
579548
309264
828565
185165
206074
108596
171810
461827
970067
654498
846066
624852
303591
708223
790103
387373
468828
882314
667013
704400
608283
532992
104600
12626
102648
39244
756102
433752
516806
496358
803591
931438
824377
31502
677228
300300
805628
873751
470421
869233
54556
644131
519221
245665
580470
413829
992916
927694
564390
640906
569691
506883
312711
887743
507900
968329
444084
930814
695290
657999
309649
61813
726897
24976
666045
743439
637108
51571
994316
354919
120024
224474
593751
707284
328197
817851
454266
769523
191626
826724
9112
74982
35367
706320
304883
938247
101785
898749
846785
194077
202632
718956
112342
310394
64153
9171
770545
729172
830086
641910
266273
139701
111959
725726
411139
617927
8767
535162
555081
938331
371302
11964
213522
626600
55078
91644
203734
230092
789281
853076
536245
695242
926942
333579
746451
1743
172141
598605
12090
993411
254975
270048
760727
611054
815117
7513
454262
292517
286623
846568
91734
352169
316830
563134
298312
115621
100390
577892
691182
788708
158907
327729
320466
334890
103749
235211
370610
211984
717288
298150
932248
156172
397929
602883
878040
753379
767195
483527
703355
382946
375501
274017
495891
796037
704230
394241
884388
728014
35969
210523
979682
620236
762898
225183
115114
439518
467524
83167
400131
544664
108870
463929
959067
552564
892729
436421
870932
521119
400965
356768
481063
46139
728331
343506
801580
721185
321752
175759
995016
840281
549269
796414
261204
456043
702570
647850
238407
630120
939718
317808
990245
451533
205303
27966
505962
305470
429749
473277
528025
358039
974376
816949
203142
23143
517237
366011
55777
276050
381359
422371
135644
289796
954656
111232
771137
99926
919960
741067
483511
304880
129646
451136
207392
998685
370329
363013
311855
680747
888309
962292
995734
329618
745300
85758
571783
93577
682646
966431
428815
787345
458915
357223
656986
930899
556317
467348
951862
264378
301757
333824
182602
234884
419177
789823
645427
668701
762569
748451
545479
994764
679440
717538
309959
562941
750550
862128
417846
930019
215707
237055
188389
7106
543431
470268
632546
730281
893474
572341
20680
469062
901474
224895
580085
667915
310639
312264
556510
560067
423639
920168
814642
302246
139440
464083
471640
174042
497690
857289
32533
983433
840586
882724
842967
69921
39538
765305
821475
417497
119715
563001
544817
108525
65866
723068
40291
255450
571897
740835
449179
860949
940053
408012
464545
795282
65092
584123
136274
680566
22577
740558
670650
925021
387754
546575
185695
761127
546207
181405
190467
547874
631021
97637
142857
909231
915639
750000
811639
217886
516648
373987
429641
603432
239179
870609
38884
168456
522860
729641
770281
186788
919798
807875
621449
127145
139259
388566
560999
203142
344795
342140
855817
548660
417969
671218
302813
846848
46920
559096
799115
383515
697569
459660
625114
36234
286178
377288
648169
538140
865824
251874
593433
115235
828394
220065
876326
569529
222886
292860
964712
24830
130297
388866
280932
738849
37099
811775
781049
268252
363980
532626
232435
244826
588284
538872
475743
500667
873291
116047
414373
446645
128700
591707
188623
940766
656221
934871
149744
432670
395324
223307
102322
181044
863625
570021
92930
394153
153877
134961
690082
933438
255922
971301
537104
231554
479887
679359
616885
406858
514323
172866
873774
461271
657363
20713
61735
33016
808573
690115
200404
627664
878665
134228
133846
360939
697915
533326
860867
58827
199101
37899
239711
724740
116200
238174
144476
794985
923112
259361
987434
665850
42294
949196
304314
664244
902663
637066
718955
562346
691656
130077
666487
95086
879021
970462
347905
183056
382150
32101
984887
695178
610754
789079
52618
845111
263389
237853
255286
828719
498886
872416
278459
469754
509727
771169
776746
352385
216769
363336
89904
414304
701498
344155
441635
305648
361255
842724
226844
307751
637272
319596
635344
590413
466069
153173
366324
35159
903695
464854
610328
984140
765735
584029
910691
812503
578560
257892
365092
444081
245322
220669
571320
809339
892568
569941
67837
483453
960245
383307
1559
97358
217637
268528
357016
696838
987733
259886
382852
937471
304805
430315
564846
551394
93377
614424
715627
493693
111548
790277
598936
440957
306947
804930
660295
7256
527847
620599
921936
276708
808204
638889
357290
476936
854394
812148
385594
93847
257975
96856
878651
719808
610728
854741
76570
843245
327710
662931
91517
795049
214479
421143
669054
966807
459933
445536
85642
553757
539892
533362
46491
19346
973022
367313
567038
774212
953238
204044
526468
152409
983334
238905
529107
948821
660276
679707
161199
342711
891491
792000
245845
960152
562704
974020
509687
328707
19332
927715
772490
741920
293282
268342
917162
675627
128633
83392
105817
183353
704737
411531
907772
372697
184679
959678
550545
917494
706422
48158
758311
337730
510559
536097
457884
189965
972702
811310
231668
648704
832502
463600
17736
457000
366498
163556
761326
718570
899463
261985
403328
485461
223774
368452
980258
436003
872655
194260
789638
147371
442757
313246
442701
362476
245319
326489
260377
405808
493587
642580
360778
405334
227684
98261
850601
462070
590181
101479
852004
794927
395877
420759
687357
469330
101161
479524
467396
943670
104832
155220
104681
321206
366304
578673
15960
101446
236004
472503
347870
587986
63222
851226
952499
276392
284867
521621
831743
654866
695173
836475
922738
286344
691594
798168
184725
359476
282875
286702
749447
494213
234025
154925
58279
581164
682740
638275
698578
652135
784792
940993
766932
681150
545093
186505
316546
266369
197875
459679
293648
494489
331316
767697
293181
528517
322801
929470
37265
383457
935801
391870
38876
380695
427709
348430
958970
662596
388548
222912
937938
716768
599247
244609
254324
176202
697468
375893
858612
771200
849283
97224
972942
636143
372927
424843
390081
834929
160336
703440
65120
859884
11432
503281
664248
475826
350051
391475
283540
746369
517971
942721
476317
611586
824209
874214
77218
677479
442131
44988
738135
828076
945830
628968
535392
394718
337020
502229
271089
525479
883945
441581
60998
72821
985202
19611
619831
650598
138129
743944
634278
696572
394045
202374
218858
563357
374220
453846
735663
901726
388348
165889
155459
191998
246069
511315
628873
221809
107098
935678
881186
384953
285638
785575
983215
618742
533371
167209
557734
971496
622490
749476
488563
393560
135586
470733
534380
435877
55857
15546
280459
546171
613279
192846
535479
849815
135533
320603
723334
297349
648218
616646
134
3526
450630
539924
377422
142805
291816
276385
554558
99047
748967
259223
625416
371075
735233
644413
322142
974003
135865
281473
702901
139682
415403
727566
232243
527888
898268
421547
300392
372973
476335
750375
29602
32448
139993
684903
344086
390217
230142
740094
757764
966929
539618
996813
711541
151694
461273
393445
929710
386503
735848
148793
616840
661286
799068
36153
226162
883145
772357
709558
982861
185096
967979
821604
730141
199695
275534
219317
810583
439283
341460
660759
123307
515399
63581
529214
102806
987066
557355
642708
675859
866261
438931
470828
18350
185147
809793
872666
117735
230842
302642
377158
429331
474948
244011
788677
922631
790571
567965
41988
398364
138369
282367
291967
861465
832877
318520
504926
840154
63355
684493
760811
181945
874624
38616
281981
327253
549269
77517
335311
288070
579028
976863
687091
640260
134817
833543
493996
900539
137275
77883
125841
421683
758356
445991
799713
22190
125316
488957
614263
416492
53471
53789
266899
444245
415626
714821
476351
808721
301488
852973
194767
804582
146661
932151
21122
42707
9181
401525
66857
644488
483938
935984
459548
47938
650399
74309
160763
531967
452230
451707
228176
47341
593142
605499
292805
975635
334864
394656
501603
6440
726420
764110
922830
228154
749800
9042
826718
570226
702720
830787
624382
191710
164465
605830
334890
132516
155879
96365
167363
213231
702112
926053
954931
842049
730139
962149
455405
387054
523112
117389
386434
604008
557545
904906
98334
910873
159693
811353
555361
978668
640310
574553
933237
762097
722472
465897
112929
959762
552697
367039
874987
64577
521543
63509
646815
319175
247176
882010
562464
732612
192707
982562
200397
905517
515483
270575
548297
502913
904468
482765
9380
351239
358268
7059
731203
978644
98516
34587
861680
18196
770290
511938
201456
78490
288455
564599
603638
389320
60480
398058
949154
878815
836939
713598
880915
670251
393186
855172
778404
65207
114417
235055
371843
712827
499057
884043
634135
760434
469066
523859
879956
730079
37943
746003
944776
10156
155849
873138
377330
613261
721411
857993
947683
823511
615820
312982
21787
313386
245225
343130
297164
364051
402780
111707
898836
441335
430217
727265
84386
177886
748742
433190
424968
987683
994487
320784
975225
695877
652237
461452
282181
35599
758546
438542
640029
246700
349418
813342
306007
682959
402652
974409
988352
875861
603147
983396
883761
472043
678954
123724
913507
663485
513762
982357
607109
164081
368761
166799
499433
126303
787225
278072
260642
866391
76731
855238
554140
838049
756553
4928
654240
700848
563683
713585
146136
858025
820720
605272
465640
65177
937156
330725
904098
201327
680524
700450
376265
595844
749565
569277
981476
204288
599004
356845
840769
867630
877318
832326
900845
166211
150038
973454
703527
153351
636811
425320
945364
892401
472149
248213
7731
215306
302180
919884
224030
56188
776153
838796
458915
165941
877017
626820
338375
462011
576741
87221
366387
180440
819313
519127
674267
81456
806703
502424
611290
122688
820239
681258
291381
454182
597350
220666
708580
509288
958210
210657
290166
794027
30958
657420
461149
47653
963573
675488
701800
590092
989319
433564
379901
369377
738156
589144
357793
411014
862767
665826
592491
154079
435160
16590
806899
361414
875575
209491
271805
966611
84463
273155
199352
5333
696838
938449
732780
944262
499279
462639
19135
686056
444178
468693
734213
427344
386023
760073
867480
797894
847972
467565
368627
656806
327121
453074
739668
523458
848421
292225
325919
355354
733359
818376
308696
644491
944298
374530
596564
145818
963236
909929
810057
901257
282952
962672
330993
870658
833094
888224
977304
324907
318323
589005
298629
204369
567605
312378
10671
177881
292173
192934
115928
396023
874945
983206
652861
423292
995136
30336
934152
640442
98807
781926
196910
460172
336446
969101
538289
218761
806875
11010
763040
304444
27137
301555
875012
800661
215518
733232
571764
87137
498056
66942
842737
357470
916844
981211
232644
451126
340208
926753
381297
874317
878128
422497
841183
159484
126254
796045
709859
310957
574871
454338
257674
204258
223843
366680
367568
493873
246642
318321
413768
44217
153900
951899
66135
848112
59357
781351
412392
249073
617588
841933
932368
196613
8912
88547
78740
385129
42262
907595
784828
25926
116437
687503
154634
421660
678350
513362
486521
140493
378543
737447
12635
550869
216769
942190
181777
902877
506224
39013
453069
745064
875822
887871
810030
500143
699344
315534
582460
727547
223573
698699
239317
765562
835838
832648
77546
760672
284203
119630
621074
829163
126172
214814
585106
314666
229331
386869
549766
329612
999640
11734
780994
860358
670490
969279
337485
457439
436706
523321
666739
266136
855422
396329
999867
975080
544674
830681
57414
861983
584046
684446
960087
622630
155833
772693
669388
796461
16637
646394
831894
421899
484079
658510
243216
549070
418332
854571
18829
668785
362177
474277
484240
217437
808620
824648
395733
922420
248639
576411
330361
90728
167420
176014
383290
997355
210911
994841
534752
894886
966206
830395
244752
475209
483146
396601
198829
475537
433754
538028
210346
111577
946679
265538
171609
913415
784615
380159
583695
369793
775861
982798
835307
54992
294214
48695
138141
837512
802260
230535
455213
836528
457895
749798
351101
135998
608384
909226
51257
982976
881250
433883
106745
945686
556745
979423
903750
295081
880727
527227
855845
417551
306293
945467
575393
144181
301858
81783
46136
647732
90494
330888
599249
400574
780761
525388
249459
637471
391157
661877
990339
899123
460443
430780
784237
28766
291397
453946
32982
765484
239112
585926
178552
654928
370851
109526
507660
50381
949386
412788
696357
118880
974896
437136
603414
860208
266369
940414
213952
76181
232764
132910
495185
898201
168089
210350
120831
795801
494198
221067
582886
932578
601669
24500
107734
507898
796539
955081
787085
148808
121276
378581
53024
918874
786260
985770
176338
919607
220122
385616
725787
791724
904052
804284
835608
158763
803741
366557
910734
840838
380337
977817
143825
111381
929890
446660
553833
178637
340772
243173
408581
724278
438153
94383
931201
301365
389790
646888
797871
787501
284932
345196
323239
842287
312035
677664
509288
695683
573265
915906
482310
588454
343821
15934
278130
995104
678152
606406
287349
594674
131788
18462
869425
469556
320261
360496
821495
279713
788025
425580
634928
584042
221177
471129
5208
103397
352075
567571
505029
198368
807980
507945
938240
15636
704991
856093
874364
6924
655999
296417
75944
95996
656638
665345
193284
201675
579002
932446
265250
698931
260375
147683
331129
36157
918137
399204
17743
866176
237156
195605
907755
555232
267245
326419
50694
450726
735540
814139
750996
140437
81526
894894
465625
964621
830299
920215
551909
6440
877051
572949
390604
162798
835172
250450
476373
924509
577317
454615
301656
840661
330447
459479
408329
610011
807267
253471
396145
967352
29334
511423
240560
48744
284310
364975
25722
862264
458313
965568
440049
793369
133828
773730
932476
993256
998405
742521
668279
449464
663390
355559
783423
300416
785277
162853
482899
619121
91787
478353
826834
717904
722670
444917
897103
6784
136618
183962
905315
316830
767010
507093
833309
203084
343766
760594
468329
20619
527517
549440
120615
659262
46062
695759
225436
922030
586976
647229
705642
336540
81044
17189
149631
45957
43308
308305
474219
518025
218383
698522
379742
656509
614450
652025
808621
190973
418393
744256
342871
448944
7360
598706
943623
540194
42950
181534
294691
689118
590097
698737
686666
954482
996623
632217
139506
527138
467970
592260
569482
528328
228848
691685
906115
159818
196000
588076
289097
65524
754361
224781
359240
495942
343613
406738
128778
236221
72545
277272
649660
608433
353155
916784
75574
560349
213154
468283
752350
816493
629714
396549
194555
75272
608153
333069
627119
682743
501848
538388
217696
495768
252164
771716
851160
628815
403385
207408
432275
277981
684907
898676
746801
40884
946517
724053
902593
626758
471468
353955
140999
39176
797092
375798
778437
11835
971781
901566
715059
684920
411964
26103
257892
756634
493961
284189
87463
288194
723797
572409
934065
922567
613348
314206
34977
303282
412194
698754
461623
669020
998758
584153
79375
692331
134475
809345
575653
539831
921054
293132
741443
79887
153469
559234
88565
455466
318477
669848
746758
285169
573826
740069
807752
80087
398199
563765
942114
931927
389810
38775
484873
910308
682046
646831
985969
78215
996376
276862
728162
279708
107841
439206
614457
379703
781370
428015
149810
784623
124164
195420
311980
472180
46607
472971
141913
475815
791113
887292
788468
765188
921632
683497
223397
467024
614404
755648
900152
154272
849076
162297
840142
540296
100886
217019
528190
216660
949968
882525
710580
665117
351217
65651
207748
52525
250158
505081
702852
864024
115586
315885
252749
418087
372776
878909
566175
194948
998439
518140
105201
645717
900932
750809
951899
15891
345299
101242
303814
540594
31467
104473
882202
913335
445678
242001
589978
514461
302193
941825
271518
354617
110512
145021
505000
186880
448119
488654
408919
658251
433515
318911
281266
527774
722902
627435
402407
449613
295368
242792
901806
570682
415829
150313
867434
69940
328407
728869
918044
58527
826929
351258
326056
253422
732745
745476
918316
208048
194412
351368
812578
920958
624005
837626
978456
85615
726650
377171
373889
598157
634114
898084
48808
448337
965323
614043
765829
839269
492172
531152
888104
145015
6440
669983
475697
872962
198369
498892
706680
240812
776458
33964
108200
280947
914598
997456
139618
803460
907405
440557
988323
915412
457757
24944
348978
224766
623960
970878
380804
158994
964045
522964
199816
421434
415074
403626
364591
787414
816921
356184
471414
297247
155193
20794
601938
38863
65760
706255
72380
598973
69668
128558
485023
257794
780201
830666
328710
602271
620267
376537
136157
426315
398803
501560
211422
666543
385642
547021
312243
755765
759210
41771
610286
503540
80348
411251
660142
745781
73131
277529
955598
4618
597687
401100
2446
485563
61732
703799
150659
125060
26728
225116
614174
68146
801738
61242
175176
472593
175550
473347
840985
547901
432423
362274
844182
173790
934598
843588
216431
31884
991640
357948
775686
948447
792180
461902
222398
278186
306611
312689
110372
403919
330490
659876
279361
577612
943282
104492
858713
970568
530366
47014
340915
520543
702094
468923
996390
149711
851188
604417
818560
647989
612686
157180
905734
237595
326309
235178
650643
883879
581466
863960
113577
226685
604276
107671
807273
894716
795094
522268
445325
308187
607372
296770
296816
296552
461396
376042
155471
334187
331054
276119
619555
542857
127979
845356
835115
20169
264732
445266
731298
742954
620709
534325
221555
853213
588849
333138
320120
504659
970157
764796
388365
687065
234642
279346
277230
403736
419854
944941
321697
237529
405379
733278
776538
458365
768462
30618
245463
551005
602061
450001
601436
66423
10036
649142
318089
561093
480915
147244
919151
890382
164956
772227
693232
880431
463844
256857
641768
838577
248520
518669
809674
490477
772774
514613
923979
152527
642193
894457
241656
958571
16465
51175
940151
427221
76856
315778
679247
860749
385003
938330
51767
211559
739558
28514
23143
212830
660926
973008
942340
831839
87862
774577
454908
835143
107395
106907
856588
447868
128429
845808
107797
947177
431376
300124
826154
912119
672390
86841
637382
778331
280409
35225
468779
113803
212416
700550
908763
384943
776700
686174
73206
866343
234448
350559
341128
494840
352906
441290
817892
383459
176151
285663
520820
392287
723630
450581
87842
347082
600000
100525
61484
283774
296571
105739
287121
165568
543985
707858
272214
204743
131425
530796
24474
889316
317210
71605
354909
678614
733543
835396
275355
589402
355388
412590
772309
22497
394811
442713
633234
341068
281649
697929
544757
140119
459015
285611
201265
682913
883513
211874
561844
780332
926643
648984
280360
154232
539510
957199
346119
555947
437718
632869
128147
210387
598231
800330
992316
150036
66895
354999
750795
449370
954847
225788
313620
829249
391728
142409
857420
750879
830924
798558
394163
665066
364110
276750
310577
664897
971773
639438
890405
601726
726429
482577
538438
151763
164116
609815
517146
818625
851899
703903
147930
549632
567431
676489
805667
953529
406790
622643
820482
396790
978802
384755
662042
487678
331665
884633
524032
123872
133377
954353
432293
383862
951528
52513
148676
362230
65098
76990
884335
316066
299635
751083
481003
325098
486070
793018
825622
227371
840919
44542
700152
329753
984036
787745
187934
407038
437348
965659
192878
411407
954123
505000
281800
743079
187869
450347
333807
897062
154543
285638
25971
700775
82252
252562
452230
319872
325987
607963
299732
770544
885057
906387
428432
840103
460966
529439
124433
903484
819650
523258
533181
35039
974195
192149
69868
590011
902429
469267
624450
890750
311009
577664
856080
349702
683262
145276
29363
790821
528103
996578
585270
230437
416755
717428
109403
192838
643356
31881
572306
272252
208776
20863
506029
382849
796578
167471
357468
123387
774480
328813
282530
481446
643421
762329
103533
734875
666679
876897
113146
285921
235060
179008
129839
308754
166593
955704
72746
617837
299335
294255
216895
26316
1539
686174
634793
401628
230142
739823
845140
148130
487183
712140
700811
866634
628266
246797
935199
303489
817740
304214
654844
765096
253057
995067
850659
177975
949881
33084
678873
53328
797815
627002
858734
42613
181682
510439
198323
570725
42331
394903
98480
490900
582835
856617
658656
372417
422136
53898
273649
245021
63290
928604
316064
764841
616313
41837
347869
684377
981673
41706
6511
299370
9506
818440
746064
658772
287871
121144
594442
509738
853060
814572
711757
450855
378244
183261
834471
324983
335331
94341
278459
174687
732499
145535
890961
670672
942129
747068
226212
560956
642948
205112
354771
81274
742276
417856
196028
266185
404268
294770
152144
818317
252899
92707
773853
178862
655922
136506
594581
507951
549378
231016
887100
460624
688072
633217
433589
991445
109942
147043
832218
613142
743684
306385
191728
795487
554262
380137
865298
691843
808079
817107
672510
911337
360119
646130
806971
866653
868811
238881
383447
840668
6326
65310
718551
830478
541904
225889
882674
745434
512013
21807
124298
111777
281503
613207
186834
327314
301151
750091
255496
128273
157769
464371
135696
907204
791318
720703
200114
537676
221088
388145
385313
262828
979871
19199
102305
700543
112815
878682
92516
616937
3579
275280
428766
825056
548466
963677
816969
302712
3503
119181
206494
175855
713142
394868
263397
266081
327406
279928
300449
677635
732612
739412
244512
483875
50032
343578
463836
233814
280084
607917
79737
461783
99772
157195
343530
352230
580739
554280
874242
398911
210828
268308
796474
186406
537093
588624
822067
999277
101199
312463
630089
121306
663178
168968
171929
924122
12708
357808
245387
372951
568000
134217
546789
773442
129586
134879
382811
847446
174326
338207
342017
143344
481757
702779
986683
110545
725673
501137
797839
162504
723678
822106
405043
785359
820540
725971
591226
753646
273223
576521
462897
411753
849310
373110
444516
449395
143925
810981
388945
217411
649142
811328
460067
380470
31063
824297
304546
946107
195127
420174
958951
62438
441709
480995
558220
203826
996908
668108
997734
559953
569645
783008
474797
586002
930241
108502
309518
757776
720677
293067
615
242249
132452
635140
339582
292121
903509
298312
971198
68977
889557
334331
939337
736716
257496
6540
159501
360898
76401
339646
753234
297269
179241
899878
393482
800794
521721
674739
621099
623365
443003
115969
80177
556063
31097
87315
214403
229898
348368
13146
254196
716809
846688
322557
377208
372821
949835
305529
791090
278489
199703
183056
699503
737112
648207
640117
159546
804037
461608
208383
303620
438761
502159
855133
745374
665213
116217
536703
634082
40856
286816
35617
354730
413802
147373
78559
227999
787229
166696
661736
434741
936425
244690
662300
895629
219090
924969
468835
634128
987481
958343
151095
520345
612223
918566
695674
842166
14408
196087
251887
90003
184913
618311
587076
569586
136937
783100
441006
731471
171650
174540
660763
796003
937969
842135
92490
269406
954946
733329
530132
196961
768107
46549
494353
318332
332659
703693
873988
129889
443615
450887
924411
800452
843737
333426
164681
512914
