516256
671496
274496
313472
560212
468052
753538
390994
593564
369026
644742
407043
213661
181772
725519
376269
229439
475495
273352
470472
828414
686528
315584
62386
302194
932443
173010
450375
365134
97860
336297
412875
201656
85294
715758
460160
573565
923292
868516
451935
175908
462071
780617
315697
838761
180215
904635
467462
333910
151463
223535
4041
247797
222435
890414
840446
542332
563541
549702
119045
842622
738022
477852
828179
920906
442246
175550
306345
733392
97592
478766
31611
327750
815020
66305
110377
23721
679349
250482
919325
870697
183720
929812
320825
454344
691041
385526
748756
612760
580775
550971
6856
653150
114177
355833
135129
909468
193576
803951
831206
644429
585802
927850
691396
671520
68886
950375
527291
950291
196639
50795
407441
833261
263705
504517
60723
636267
245331
246881
74215
555427
904075
475339
499993
426663
107267
701016
885264
458060
615108
961771
458347
939303
183340
689801
341291
589968
663612
651204
109092
348244
700646
402303
403618
459733
886259
811269
132638
547791
420301
396880
96382
301749
717547
288595
5212
530028
570844
313358
130461
42874
592303
778342
821913
547141
452992
53149
386048
610729
472651
786702
192525
412319
286207
683227
553337
75598
166561
10562
183756
483263
440932
889422
408502
769286
945159
444177
745411
593701
570176
761499
117306
689628
789900
173727
167827
742706
561732
665135
693715
778416
727877
995523
657291
743848
603725
99027
158414
582001
65538
811603
548349
959582
228826
560921
50411
608926
809660
607206
343762
230388
562325
248690
483054
988900
408465
96931
960100
334001
858014
192133
717265
16453
133760
368096
716409
585097
491498
642852
167447
702564
824926
872685
502338
539488
72420
324318
20397
938173
976390
89259
965715
320980
80050
155182
131753
964188
353256
476025
418266
954106
916968
86510
785416
522358
269722
401581
613955
830366
341477
490238
592719
580869
661652
326993
250115
524018
495954
285947
275645
40005
350191
552699
493228
384283
902370
800483
117784
329821
663126
842817
696731
364626
770417
408362
921608
195241
470382
661126
348531
249335
53213
194346
929801
445972
178335
417497
846099
553549
287536
297987
548952
294581
715059
606194
38060
881321
905372
768545
948875
5177
205172
393223
744032
637808
979119
695827
125358
723705
203855
825948
584880
598394
991963
799752
715783
849292
678240
116443
879147
208927
386798
838881
642263
151643
501947
105253
337008
57453
176380
326189
684378
184935
987397
805543
15346
487845
558775
649270
582293
19409
280338
272823
718854
87977
627839
769570
958786
86745
82924
544905
785557
87844
915767
663892
315014
686547
241325
888479
982054
999274
577836
369030
431113
780069
142735
444168
722101
898653
565121
405243
590309
696346
856525
76172
751455
910119
796814
877157
675506
752242
719338
59202
978953
163280
520644
890725
956851
945770
369028
965710
463152
5450
462708
101925
906016
262808
751471
481035
651608
200966
14582
729748
363271
544478
179427
981966
422613
48174
238289
337208
758916
992763
732676
478540
24549
72435
828869
260283
955647
955542
348877
81235
456593
894853
447017
475621
858970
943950
901880
346408
684340
55464
217398
323125
151399
375861
623283
183520
614142
919785
41572
747514
635352
582582
63086
495564
453752
834499
189338
458199
845260
713099
407469
876157
41062
297149
500423
372504
653671
503372
100557
121947
861941
467858
869821
44690
897677
433425
938302
968281
953252
416138
423514
43147
76611
964081
734428
360711
607239
858530
350432
9619
47130
742396
569739
118724
394430
592845
343771
164505
979712
713845
139607
72941
214015
749540
349988
538229
437948
869501
23663
786356
975074
919630
629982
368095
87915
410358
553146
548252
393
860332
331316
531790
101874
907572
290632
747289
596397
646614
245249
199736
967287
158995
547146
331354
401266
887115
135151
678739
697883
662370
76172
187940
694785
640115
375613
179206
849632
14011
103419
223147
849525
403728
492522
346758
232820
302661
302519
670933
380616
882890
987153
209701
477235
688061
244419
826048
381520
972942
26167
916872
281686
827092
610656
444015
858721
341785
149666
966836
334147
562343
813391
778942
724044
444997
243395
688459
680858
528784
494088
135575
841857
718016
510392
519291
938510
550479
766352
506717
328676
226528
448966
513508
397181
985474
935181
941100
839590
199573
10133
716702
647454
835082
356855
776758
957535
283433
918188
339243
837703
923335
488732
291929
73390
494310
486227
221104
165832
852523
357229
542795
39764
683304
148629
537981
830448
911482
761189
442922
664652
740959
367057
99119
695623
679779
388533
755587
69162
258883
558816
809088
661156
881461
325506
877240
817027
492322
852727
8050
161351
589896
200077
86770
634134
604995
789168
393833
34455
970643
137598
847413
50993
588629
625700
797754
924508
491380
320603
581106
370384
448831
144210
460382
391482
192247
605234
37466
695366
13199
8360
580345
579966
565520
496729
106717
390814
277692
724874
714158
222054
109641
177816
771939
442357
748633
385521
395241
661711
556333
56789
843791
681101
186446
703012
623281
410560
913313
611511
87116
391596
548473
372508
546508
371419
787460
682519
995858
687318
673242
119771
101885
968120
33850
330994
177117
237333
673262
405061
653409
742965
491612
871804
97376
240199
714920
681127
520249
593377
296120
352292
904010
482209
902859
793620
790844
874991
970010
368118
38921
552029
332659
19950
286814
268742
667713
419584
511716
230270
445935
260632
921208
859939
889068
842082
650094
899072
154222
474235
707999
729057
677608
718556
569266
902154
414503
744996
554289
521991
799581
529220
62638
566650
112083
45553
649063
527501
170204
755622
461800
794909
309266
422931
942270
11333
302655
711988
938104
906400
27817
70630
811085
291299
359281
49627
418429
325482
156152
105573
861918
628381
399104
18828
599262
749189
376730
892246
511541
10553
101897
770975
218059
112722
288962
267689
658426
102481
441131
215600
582759
593895
789556
997360
694639
625311
487497
667541
798587
420933
129749
722517
383015
681983
32293
414721
49991
332194
167223
744657
600915
729026
993092
747300
28925
94503
945646
439963
637938
844666
199012
599316
301699
97392
473846
487200
588026
201404
788352
377864
265509
655744
603083
66414
625007
38994
48854
59813
682141
483143
416720
995886
443966
983730
330486
961376
488700
881326
741953
396098
493959
129448
644206
172778
179995
873616
85136
221489
978220
185554
686877
906514
236366
263761
847172
218892
735150
772176
248102
416855
277404
648635
516000
395724
439007
433074
702966
57881
820100
977701
237268
328599
618954
516975
220357
313226
147382
700107
913680
749695
614631
789826
23642
588276
540014
366572
133987
983573
492450
78178
859862
187826
515488
334096
6142
362672
497488
878955
469160
251895
659677
860360
682779
462030
315608
286405
463872
438278
802844
529803
708982
74149
679210
691623
112457
44363
16085
218636
729871
970325
472384
801728
774054
343749
62562
921818
32176
865950
156581
562143
305681
605538
256886
246206
393013
990315
841246
82852
209538
558027
606194
973471
895753
791877
548116
992831
637132
844888
519112
549925
771803
333705
9686
478286
748238
69663
331292
328823
954534
539525
23173
651915
343345
293579
756518
392728
143376
937034
140208
829702
482051
217655
675760
107734
716340
388823
842526
384733
225410
241137
463904
569585
992255
134388
426029
41485
341248
267825
81372
888247
705469
315880
754276
570761
104217
145303
961880
769692
783370
272504
321518
842060
267468
560671
219291
899590
402518
550085
483057
45812
886871
576272
248336
570915
427150
801618
206193
429471
359121
865731
511329
116488
240615
255068
513403
307885
443430
907050
281874
673059
138645
908139
845107
396016
665013
529539
567560
403176
782612
935551
416582
864671
69951
86155
347801
971697
438524
871483
462092
892150
192121
605434
229750
944616
461878
919227
747289
332915
938541
134094
621017
540972
712433
403992
967087
675592
379285
892524
42196
25847
75452
845802
960475
39503
658031
47080
132068
478861
505509
785125
294316
549655
113718
740888
458676
255013
157924
317350
310130
491889
169075
230460
903883
849588
21673
964598
329703
147382
496411
461294
863458
98390
358354
529080
21208
337249
783058
716117
578061
467431
185089
445819
457156
574219
466345
251984
743209
512739
587677
606954
358059
270290
19088
135612
61941
951989
633748
537433
460930
192534
561798
319054
591725
807262
402373
233082
891577
366039
677777
300929
626793
600230
422489
608142
434131
178860
60858
805678
746250
776710
864468
951596
742690
796095
985806
863202
671307
650838
825060
220329
857956
111562
322423
218674
552721
155853
909460
219689
852727
355971
735405
47719
792753
964410
517256
836367
639805
154225
883851
976270
893563
308430
470062
210568
213139
52568
523843
401370
274655
182089
662239
368816
899798
305508
87375
328160
522262
928541
436371
346454
223456
602446
829694
871549
928073
255988
652884
837024
35431
993010
927521
243453
322839
454098
883424
869562
629961
205299
470237
52923
376169
227296
530966
592853
934583
912209
937772
96600
17933
107324
767716
271908
520545
859372
796441
635388
374548
237200
813055
987412
197095
819697
756988
753555
406861
215057
220724
352007
781989
84685
274979
247441
74718
112868
29117
266245
359729
100344
282845
894855
292918
649307
776083
296909
312442
784558
236465
955686
177488
856916
50214
933196
679606
747274
427416
270193
397319
391005
262916
465916
312670
238382
651428
607529
35370
331379
990621
444041
144094
799302
454356
915712
727844
554707
749835
584192
352944
194155
525950
212203
636850
559264
219768
886974
265470
885729
605699
612358
407723
124328
83812
638237
212449
765667
36695
914083
189916
855022
767177
751011
858090
922384
741941
773317
476313
57898
492268
945150
654178
218846
282948
113179
529329
475018
243988
843554
517386
713836
249908
868723
327152
172838
753928
647469
952052
243628
365249
107454
130346
839799
945366
991079
234999
830100
255221
447194
932264
623819
155232
645039
733693
930305
89597
616650
818794
297894
586886
118022
307160
802598
847091
147352
125830
659080
998857
814944
19173
27370
114408
733885
458020
969356
607010
185907
616002
699801
529474
619498
316781
273567
704527
502027
886613
123149
868262
316573
259012
347653
435869
692190
571557
717510
574037
990614
487444
33341
805259
238289
623538
499277
786257
546230
322092
108209
864703
333304
495216
553732
513438
528922
212188
324435
576426
501761
174352
813176
168436
304081
302569
796141
424614
567889
535542
735643
506102
381112
534253
779818
372399
454038
495124
528169
581923
693478
936027
746104
65790
815597
686142
271291
587718
527714
671024
343029
175912
622523
894555
6272
81356
514414
316166
994914
320261
783460
465058
419468
687082
33111
970005
844322
887102
302712
930345
632363
61303
762690
821248
31546
24721
941032
655035
538641
866255
439690
928477
524011
128086
861241
920415
576037
565484
764222
360170
592067
455413
918793
604797
336130
79528
83038
460542
422651
960221
524454
882656
82740
798761
820425
169969
339722
443994
942718
44347
258756
275647
764564
908657
405895
227462
746542
556635
649156
116616
186394
715861
263142
283862
435452
886668
40155
540918
441937
678306
647239
736008
862327
110927
729385
527345
406031
433016
788107
54239
614604
132768
470038
42580
418040
627739
123886
689215
248228
243118
95451
816656
332922
886187
31237
266930
888795
801006
390794
995077
421321
626988
102376
130185
508292
389378
954285
595827
654823
369005
582339
630041
892779
491388
633067
952047
39191
633094
832564
976267
695020
372920
110717
628956
612087
447530
945372
153939
672581
799346
669849
740864
970977
798614
534846
275715
855905
411316
92716
900933
573657
700500
17678
634999
734112
588830
889749
903202
212740
897994
47322
346110
422422
332136
508858
563675
775020
260719
346680
366823
812989
228354
501254
896910
488089
91199
397392
845093
158473
605806
13303
166283
96330
84238
90215
274646
205866
444461
976577
746698
80379
375898
680287
246248
736657
742536
798789
38392
158206
178620
8129
827129
678395
213782
123239
668105
712527
758953
829425
956857
938553
885097
968227
303090
14886
605377
927641
141640
195736
121445
676674
210556
437522
576710
285275
151629
933577
33296
254014
60701
827445
326618
125864
773389
92751
969815
335912
809965
175663
90335
8715
160852
857450
831468
99255
851566
983274
300276
968605
10699
229703
111426
669519
612897
744158
182264
733502
92330
124749
197453
421948
77956
601275
573375
382481
697357
471189
404099
556226
41183
644257
334499
883610
791740
706055
378977
337963
742259
357821
811631
449406
25162
686503
794063
99691
627284
411410
70221
495333
812753
874174
807248
83427
738062
496669
799471
881906
630932
564524
517052
551161
331918
925930
142579
341005
835466
122085
972201
805806
690934
793498
510447
278097
459542
454892
49738
239606
106393
406167
66480
11430
968289
251288
556071
962998
426991
820857
577394
515229
403001
703744
982165
17666
402397
759896
394076
210807
293316
679144
92160
598648
907317
710245
647030
415871
253968
178533
637089
890999
182116
878177
486390
723311
635474
867136
650981
319085
324852
251321
225293
468595
595941
173155
45224
730261
695512
965948
165483
245220
887771
476179
150502
881080
630648
640505
72902
345523
807995
523724
35259
371252
751941
588867
938821
726835
920827
375386
63496
138248
66767
247898
982390
476721
730961
925767
329105
741630
841538
484434
276928
831624
938584
769218
883648
268187
159844
927269
733549
89628
293846
292345
869422
813620
933225
806596
69727
82276
222705
268245
795039
735858
390612
180547
935441
237032
816176
291426
919739
713990
863655
540698
269817
237025
746222
244583
740337
833625
596167
969059
511237
382913
174508
610318
533519
571045
299316
459262
9194
639774
609833
47164
430728
32337
258554
785655
227946
811383
956320
633595
243968
141664
509328
206590
651794
629533
600363
313892
903452
904810
501903
491956
66522
686675
768700
743233
996727
459510
339630
407474
245023
944532
610237
418830
2031
363100
236429
841923
923928
625136
713586
302030
591161
85909
525114
382468
483522
333947
400286
97899
837449
221070
67921
710983
575512
837631
723042
831135
128526
520413
369844
197956
484434
102120
778729
434119
320061
420988
17122
779297
479742
530800
412628
395938
735461
171936
601240
749842
789138
78011
310673
281104
380375
897316
835886
836699
448802
287370
521468
17022
609332
169283
974667
333451
201102
433089
708961
363976
753813
30883
223143
559176
955904
612199
916973
859235
316754
988365
174995
445414
437767
427607
2053
2637
853128
527120
826290
104322
189649
852590
3137
960531
489399
856634
88679
582455
286054
50375
407525
523929
67950
918117
850536
679477
722868
619945
985714
373113
728268
358350
835157
516229
887109
900402
332492
453999
741962
678245
92472
787955
643484
470930
463460
167884
337716
858052
249638
892288
134617
510761
940600
218932
513076
417670
705785
236700
226695
525908
506424
774195
173672
110835
707824
408349
273327
712438
767269
34930
101840
385573
438389
728416
661530
28327
170765
978772
709362
477387
617988
475491
188008
432661
650042
406385
69155
488547
130821
143857
459162
45683
251603
799197
350510
187990
358650
711264
456684
819056
443711
663123
274832
141843
736455
211604
86752
254037
488168
947514
12016
182303
743043
299683
129216
412718
988725
375261
281142
778502
555896
103427
118149
181361
451777
17644
457786
915368
680843
317850
656353
335974
633474
469996
918597
958906
372017
775583
73756
112834
239042
54804
150165
204529
552615
770001
885874
301363
994336
864447
304819
30806
562646
649736
86842
694926
283609
734744
453544
426751
480057
237852
64416
753155
428098
557109
591334
986008
163920
671068
878903
806898
158186
586522
744390
180486
86772
68918
42550
52000
740253
65202
364774
313446
605682
651078
76030
402927
695895
504754
686730
626898
600959
726664
230358
503602
997374
490103
595038
528521
514403
437701
978743
688315
706469
278048
288965
55696
480771
283649
413258
407594
848685
121694
811043
535886
483544
26651
275926
639485
87388
860983
718
849597
279728
558818
681801
19443
207521
100254
47918
131012
935370
431563
872042
367642
654938
904295
762113
246142
156729
967149
351816
144656
946214
839169
783096
618383
684414
425643
708407
763452
554420
143927
436290
674921
799025
719601
183467
134378
505004
850100
940213
562035
106377
284523
537898
369169
230993
276959
557660
920895
177277
214059
66167
358799
595767
767146
639636
531538
379437
346830
881704
352879
30387
524321
228379
860441
319719
306539
177492
973312
764797
443230
122899
736078
67767
118770
428733
109685
147977
698814
287752
817166
997729
808489
578065
902239
439439
443701
542770
33832
299471
864469
982439
619372
319857
867995
8771
82121
454179
228636
983715
350324
514470
172927
526130
86307
317824
636965
299709
528554
399327
961504
103286
421269
777779
300721
795947
765487
107618
837842
800708
947723
841102
898773
404275
580300
914798
887692
902773
19359
498021
140307
550477
849714
774673
836470
670954
819211
555871
11149
986151
597535
382225
260908
689799
789309
184329
790212
272338
67822
924919
566513
791740
291322
750436
92595
29193
361348
922106
31008
984338
595564
108758
6613
477265
148307
66203
832744
218525
560728
388776
750721
713454
448997
179168
857863
685676
8808
233892
415881
481655
119279
402140
796131
590741
233021
223152
537417
25462
7764
999032
432644
496160
129955
670272
914908
135194
646849
442547
448795
776882
780672
873058
249446
605845
814769
880789
547170
572690
965042
144812
850131
105235
760904
307951
842674
624902
356306
170029
66919
89963
613335
775020
904324
550577
772859
559963
424775
576729
893545
269910
341697
296290
290131
887929
7533
428111
201929
606751
62643
146208
779162
730398
383940
564432
241873
635965
475252
323523
45102
753644
541063
783704
338230
474441
130667
980231
658481
525932
731486
529203
236383
980492
815956
871679
826128
804964
958983
966658
203297
124553
501733
524422
61053
943953
869085
652254
384938
711390
731119
98754
139816
134098
989768
314545
708724
511184
435810
164430
975953
827602
165946
16587
229845
16614
730709
494842
781112
701131
202502
573607
161218
405593
707036
781260
140987
513380
86886
62078
149994
784002
381788
361264
194299
584412
195961
221535
825783
296577
189102
782931
874145
770983
890743
860591
392454
511574
265307
18150
43583
848254
177305
337695
169332
711920
940413
985550
113871
284155
140635
460957
395352
288849
314719
944143
459394
680872
646496
590140
778916
751173
171250
885568
638532
360512
257822
250099
796400
500130
136469
769646
332659
573121
816184
532185
658508
171395
300139
73604
312677
753455
158393
292223
824414
907518
666005
888661
486675
154585
514413
827647
181698
729920
309539
900128
302718
187591
189884
589558
966432
310933
232134
292345
869785
905353
847496
34354
971529
830837
754390
949607
812622
828899
208389
780018
557087
533466
536797
357516
13496
625850
127228
690599
897174
831948
529218
749551
335669
568537
125225
680411
760159
53105
710542
105656
829333
438130
200419
931627
841230
55508
378539
657705
520278
307683
488172
712959
688680
169
520515
111429
42787
211433
196356
22453
311473
44995
256646
140131
633067
223311
842567
984956
160857
444467
946411
632294
44480
269999
362854
925095
708225
126145
183330
922210
186674
947349
865188
176931
322868
754045
973738
587763
14375
121254
227658
345291
249273
993713
205598
628976
118789
829213
791403
671837
406109
448351
8452
744557
966587
590660
416093
464490
939662
461414
601500
194463
967482
23297
582011
550143
279936
320484
147201
366541
367863
574930
65249
434932
939789
501839
626321
776390
536035
156012
231095
276647
61876
396838
923536
425859
408884
516056
757714
808450
648639
497476
467465
70329
591148
147209
504892
576201
495864
29504
358670
699247
160014
930026
836133
600098
728328
764870
871624
174084
473046
96747
190675
400219
68183
874534
967562
411192
62201
678857
47519
23753
837870
614998
444594
418002
701092
409292
724391
176826
615390
838563
910643
402080
438114
36151
162164
262328
87006
923858
403779
373641
131411
950707
534755
123515
126307
141298
387467
645366
472506
986230
826577
846831
793171
965526
787902
720720
736061
202221
798531
189545
974897
370603
374979
302496
915519
326090
459937
174315
118699
40139
883194
16678
43851
533734
526398
591621
278957
610382
334846
765682
889921
900251
990515
3067
745068
55053
555828
624267
86512
891865
61822
902273
170114
814253
270052
953345
422654
554346
523773
843692
410312
367386
883495
125710
390708
376703
450276
798283
73105
644615
323194
836335
909549
89685
118881
8781
354032
280735
408187
84353
465662
645118
89754
72980
920380
470450
936871
779777
585597
384012
690030
974349
18616
728816
488105
813947
806716
261427
680670
712291
665211
145818
889928
802466
748185
65063
519201
614111
579409
4359
156798
708156
444403
860562
966698
972481
333870
711008
90896
905242
67790
187872
951872
495150
511702
81110
347291
763283
616211
723468
814329
230116
204023
834548
761679
865633
63051
181513
878997
494279
892794
510965
905545
76342
114113
132435
449202
941564
849095
664201
144878
268295
535603
67298
872073
624097
320941
97802
71770
646256
13591
484603
319556
283692
803927
388287
232292
289469
685672
340154
57806
792609
171340
39127
342391
459747
160202
341974
929588
991096
666592
456779
904897
253690
316043
629638
723687
636526
256264
842313
745357
5446
503354
366335
704017
93998
437982
776142
540938
72816
563330
186518
339088
897490
986833
984213
603384
174661
159077
970375
553207
14364
369465
578528
618871
318935
388566
716854
122221
788866
570196
721555
451505
960526
506951
255231
995462
946882
744912
531188
558367
446649
855338
107327
135867
566638
819016
208732
746981
454917
970742
829934
889954
273242
255304
535903
235297
454534
604331
903306
690881
238366
118112
774541
378601
990444
116413
159926
946035
554925
748045
239971
638972
155315
199711
213014
447278
105665
121976
227363
321663
737384
294808
3202
129150
624359
48735
596244
559779
518019
206759
632877
549290
494249
679611
308504
466381
293794
412929
570
229452
101970
698375
549347
5987
832690
605583
358836
39642
365539
161327
343349
177903
817152
396904
664035
634907
769668
641471
831770
652767
131939
97918
517173
505852
208049
342387
32202
835725
8260
483078
629808
276437
210926
339361
97491
316372
418266
453714
308983
169884
14527
789254
31048
678992
66379
508292
887214
225206
203745
477875
139951
864323
555482
334499
264921
420697
706344
459228
47825
173940
729511
688975
832350
304417
748869
252940
675291
185380
525996
504512
828314
382916
711313
897133
85467
704034
148711
923423
905103
744003
391005
547
593273
373018
9994
956034
740855
869510
825007
646839
502089
227799
772568
66377
436181
440538
19473
670000
905808
936603
341909
307914
539183
731510
363183
355490
848528
798033
248897
776449
398515
245178
519709
519538
160311
725635
862325
64135
913042
754649
835378
137476
446559
106354
832756
775209
45747
3143
725449
496014
179127
701620
500063
882836
451150
137881
592131
405807
685944
188963
751564
766545
306716
946447
863862
379599
778149
816834
299713
624286
540170
526805
201921
508619
429279
31965
8811
103367
994388
77781
772298
498247
105852
523091
810615
375933
24722
652221
758631
795493
575238
348989
74454
820885
921957
235124
224167
918710
757901
563934
19347
91146
4691
132255
846933
291671
53380
388079
191472
274646
569589
420484
346142
758805
824051
149065
567278
222044
520846
975687
172305
221688
607225
608052
323572
967708
989992
880319
31824
555529
736259
467205
784912
49109
474035
310719
539797
521655
140843
720262
981975
669711
409809
693823
171784
34743
970798
566683
861505
336462
389391
359166
696409
704093
418318
818974
269162
979552
291817
766957
235252
247308
55540
367644
109718
100994
977896
51946
867232
283684
527563
846410
541680
871334
135907
984617
384427
857108
822574
250827
406800
880886
134331
51982
36286
989642
297638
126176
189213
876063
359465
464726
522609
564705
159745
542295
5984
345046
765223
700009
322925
109701
964025
764439
760898
991720
36182
932105
721004
924260
9706
197131
748273
878412
898027
416554
797723
110427
762004
216180
765423
849359
957177
972458
468352
579453
44824
783379
205293
254175
613441
388643
603544
880003
999160
605705
15270
995588
450912
734251
455937
478771
722180
225581
292768
700044
327356
777246
948201
508781
226038
889554
663714
38773
667910
482617
55997
494197
415810
649704
457405
660179
292854
332024
265091
199480
636767
107957
315319
532473
996901
9643
65398
544525
553944
202382
971917
563678
559651
757721
637863
61771
377644
543721
22614
72766
278347
602245
998945
825110
759064
41599
104746
750297
33626
206172
382225
172290
245885
593759
52860
273686
319611
578401
234936
963854
747813
746973
845687
139255
592133
545950
334457
177133
346041
20696
958876
445357
516758
302734
150064
506187
705930
422060
829090
203892
646395
245586
106501
735622
655543
501931
602624
229935
754543
851332
122342
254388
828776
935259
467715
888302
482876
640527
62514
224335
965007
400200
816832
868939
158362
905612
390963
717631
466730
527565
373744
472005
40926
118547
724204
81110
874856
806694
174803
750758
336764
146094
386402
875684
64505
303991
207839
351428
257212
748825
970389
520876
307938
239417
95142
685675
803390
305305
158169
131928
883813
321318
923318
792965
861576
149867
560229
432591
261079
164721
851082
64884
261334
872700
63467
924073
463342
282973
235922
62688
149956
633089
751380
117359
788874
281899
254703
457179
761610
449941
575446
109285
382189
380625
671009
109025
387703
445469
306534
443504
115464
374256
834547
648525
438038
345605
102454
796780
559333
274568
854614
97620
437408
396616
408588
136434
381018
849018
75402
197361
26724
7644
376794
40199
330479
887303
83711
259513
939573
460859
875694
49910
514285
777642
373382
650935
423278
424040
887653
508599
53962
19865
721185
41008
122298
122203
980144
14455
179709
738070
798482
514473
76958
30154
824481
108773
9273
941008
436959
244550
832095
80987
768191
449319
845414
374813
908421
577589
869501
644374
294048
206635
199347
449255
922413
691952
672728
369041
334588
983094
375886
507501
59131
446026
890502
339560
28042
546574
100667
416238
665477
583512
375032
64921
538950
941220
497329
562279
208450
988127
286552
417236
363348
695446
841875
941067
503798
939770
472969
739255
221478
943479
130175
344222
891106
923944
323275
341083
551758
814832
731145
733396
582901
28076
172509
977790
905037
395667
304066
169355
687573
112453
297298
563576
73393
289475
637536
267668
134772
570432
368456
385720
474658
925111
724445
106477
600288
325144
480323
373051
284041
157719
309620
1444
434965
261262
34954
263220
894081
383604
463418
809383
321365
74335
918845
450156
253364
203696
701951
304858
700283
579469
369775
348222
983559
760018
740186
347267
36178
674364
155349
735224
50960
524122
902820
22396
736518
449052
227692
676447
499834
709452
492830
328314
857852
937478
244864
908927
368307
475792
7695
831541
337302
467685
147305
599074
560739
94372
136809
409562
617022
430675
65863
608828
974871
94518
945217
179579
817508
270924
326737
587532
72537
413030
31735
162183
11371
993497
336524
577618
204160
175985
116456
994736
865482
571498
513571
606909
697012
804660
202781
58917
649530
681236
351472
185717
244486
972828
733790
284310
733486
852712
879727
433808
539528
961511
518842
431471
726985
825986
633723
717880
247140
916649
379639
975419
571133
851841
278535
724083
356207
639284
938777
358427
800738
760385
687312
197636
886668
337917
678610
570817
892594
57515
382879
733927
876988
728908
421498
968470
424488
390350
95245
26896
432327
810982
828487
950871
997472
339260
871036
382155
655348
832448
206370
327041
672967
165571
735952
715240
511520
748974
438187
666422
67968
539781
395047
415910
594848
524708
551309
422828
715038
518709
581207
658691
856151
584305
451312
992913
972146
625516
590140
34426
795848
345894
233235
438831
841209
210276
514504
176580
709782
750132
660686
447443
321329
872594
133373
645512
292626
256892
642515
857459
265879
733996
401358
991245
706075
589949
378406
253634
352844
8268
95103
166558
735163
806871
915395
359663
790001
147386
139314
54890
520230
257709
612465
668003
215779
34675
297422
130330
976131
326791
840603
864166
481167
758702
611757
444434
658277
151254
729303
101344
494731
527250
838770
607394
342820
853150
451175
630652
341696
782471
387813
951414
469900
369677
273565
976935
153325
419346
420180
503519
376028
570972
620714
544238
221900
294327
359697
861533
275635
224803
491395
424694
402440
814765
556195
88364
489681
637937
506846
178756
226055
143640
799436
414753
3896
652135
567976
502169
19700
633950
215788
377873
562082
760163
411412
756564
650950
743197
364995
912815
960592
888833
475420
451793
336746
661509
353714
159595
565731
350427
592754
847567
714308
830359
497978
80460
543372
483297
914340
202605
375026
986689
98194
795260
291105
124998
125902
370855
592904
970404
52804
666836
856042
400953
665082
523260
544474
769739
286842
857295
365009
407388
201020
868934
659812
644974
846221
563197
758879
529342
690364
170493
131210
567041
63084
712688
453802
695331
530642
538431
422725
333674
761935
59049
34574
446096
375474
200115
576454
191875
203589
537348
201421
287018
843352
166953
708561
317227
724555
739269
939385
844989
69448
927873
865617
373550
868824
679419
870629
46256
942372
165572
349260
957397
904876
168201
841050
571585
873714
511997
458290
755114
742762
211419
670073
302377
803583
643504
