741156
683066
883764
855785
497958
729980
640689
938856
951785
383581
922530
933109
856979
593485
911831
26964
376062
481072
683725
668820
859982
848148
357192
946642
730234
281969
990494
962772
626640
790810
589810
154021
333490
354569
352255
635273
754526
682752
745193
990542
637129
523342
52029
609716
862305
224638
116115
682431
938633
985282
968515
457574
508389
170628
520830
857071
283201
546241
907185
354848
184024
597508
443639
415306
924504
121333
754068
418143
921354
941593
173600
496666
544761
670403
621729
193767
286112
52380
996341
41190
228774
527513
500289
220867
392012
929871
616920
686988
265854
694757
222123
827234
181964
320977
689076
920384
506556
360132
162835
126216
861863
303508
322312
513406
662890
663263
893368
846861
774961
984109
223033
408351
843836
708386
757935
908139
598274
92568
628728
721206
804236
714382
721806
191747
766427
686275
15814
923047
842045
196436
286060
669651
999358
898030
904345
844413
690051
70116
241235
757697
284184
713072
805263
411552
455042
190966
230803
672703
137919
177429
576065
427513
399758
823141
224881
550038
40607
512
861119
282662
578451
68009
322372
382646
359451
421987
931922
105449
873954
162148
637758
859249
365482
747680
610441
429850
753440
941638
598073
260954
516922
284720
538562
411192
491219
62902
774411
722738
349206
259263
892925
480038
220141
721342
468810
344476
211341
218280
130234
480794
92577
374510
156942
890453
637088
606177
48597
32863
799291
638199
134509
454969
315162
256766
847984
741803
190959
764941
134267
714240
939656
261636
349223
169123
840926
861125
288302
953300
156609
756854
414282
878317
834555
965769
488828
328168
160682
711657
78762
84303
632489
562409
472692
987476
933238
184896
964639
383431
427244
263117
24101
471385
88887
487801
192963
478620
538472
559376
134712
680630
217642
171862
891430
200252
154128
988594
906496
633536
650525
645806
627404
81030
590298
191120
280419
673992
842670
422404
76377
948458
888914
227516
353198
32158
884837
281445
346024
468569
17213
531161
882022
540753
351545
283274
993973
946918
599924
539778
52609
752339
541688
266246
24596
284570
487080
428201
749091
500901
690770
147684
439977
98298
351312
817863
549361
437376
161978
347425
80084
367235
221840
589376
254154
294603
419065
515530
712424
345817
541593
425128
959155
734140
683790
758530
601419
454636
639138
873926
516939
707665
452412
185932
769445
620036
910923
370257
425004
121660
267049
318148
946173
296417
790671
601229
213038
447957
350098
105843
655439
693211
467418
50914
357635
739901
754250
126778
22903
242025
877549
931876
359276
281445
103836
287247
739892
560244
484177
599594
543323
346712
189469
775141
245124
19397
226794
274192
748508
159792
666978
39284
895474
402455
83126
687083
746330
338154
878133
915629
676542
786804
574595
595062
201939
642910
177814
17212
720667
115523
251961
433593
481051
814236
279888
985795
446021
793950
578029
934200
299731
765593
222549
352213
696532
596051
199921
563025
489511
388755
713768
593006
11535
20596
408495
466541
636509
843742
40230
689108
487098
979708
116006
614121
814040
102120
763386
453784
293793
801816
525505
44520
711946
495587
299832
50868
118154
755975
396139
101745
126730
82843
856393
922967
386054
729953
238904
314513
237044
238423
194938
147395
16701
981464
552998
320270
755951
764496
348659
471235
189625
797144
667791
256292
891450
908647
693710
770167
882514
230762
378603
955788
883269
199681
185764
821455
213038
273631
790215
360440
73638
991049
441847
630836
671461
424257
429928
382725
589171
88257
58605
729087
975929
303698
542801
306289
450722
192463
970294
698958
274191
609634
461119
38047
649787
220539
309864
144411
358061
359083
337248
252072
125482
39242
287403
613767
491340
333735
440681
536649
961333
847211
266519
923058
445607
729547
290955
258471
919196
678011
23075
654121
62389
930801
336327
716101
622048
99761
757146
470723
267230
688158
645848
761818
296616
577982
668542
501860
7465
16719
101990
876029
568767
214658
490533
761989
451163
798408
613156
566411
937825
627638
939311
421915
348179
736290
38734
580106
70786
167016
243244
582038
748844
30549
174187
777771
166843
190268
320297
886866
355334
146852
412423
384302
200922
386849
169742
351884
530270
800016
807147
188142
300556
655791
93845
981283
473191
729826
219747
892697
659630
246222
771326
403649
394765
523471
50451
39610
161213
663204
600304
695265
730662
40090
236151
480549
374180
152758
747572
938427
649383
945012
149276
747777
785145
764437
83980
449590
779027
374463
985871
271479
527546
821802
473160
5375
750794
518102
801143
685003
61768
480402
325540
432858
975244
67222
210806
843554
769801
912105
319707
975095
461875
69002
737205
732715
922704
559512
785812
489886
748327
561588
22998
843940
159595
427790
470199
133327
150150
271097
510441
83486
35152
191711
200032
22562
748603
200200
523554
395515
771459
53322
881063
522509
952680
988304
108324
119854
785952
95200
398200
843781
896996
726249
570456
379519
144254
355127
120340
495047
352282
255793
661014
546502
840640
776396
620620
376953
55570
258983
376489
765018
65362
420410
821188
45640
831729
83386
29395
878050
709696
97859
340067
972163
101249
312201
316185
369918
118035
608263
781485
200949
896273
777487
765022
571482
857230
355071
991800
641821
364296
568037
58519
993296
416547
366281
161374
817447
532830
15064
89390
506370
612704
559724
513260
511700
389915
58717
80833
28362
832774
467864
882482
371805
876625
725939
98695
578529
442569
377917
517534
581245
881317
993669
210667
855522
662513
830326
412501
670658
844212
48851
976102
997939
469425
61466
754918
768680
576686
882382
366348
686790
448876
950411
391940
20353
582741
713902
306115
52707
775241
924730
650276
294574
155386
803070
579961
47151
652820
487936
71544
582718
494757
650546
629015
581476
502408
270686
6197
210043
459028
648594
234154
813866
14710
547549
306120
594137
594517
361302
303519
981486
296450
207799
177859
634648
148224
140353
424030
545314
495
903942
885794
294486
308090
783286
66508
442145
780122
170916
652894
550725
548573
51661
126711
615442
434574
478349
768476
234935
576746
709183
100501
763993
935845
805863
8836
260229
708416
630264
540962
534632
49024
49760
987841
779922
721021
457208
825479
206122
239185
406835
658468
394948
312893
288560
601688
574528
353532
956374
396835
44855
378859
840450
147381
585034
856116
162474
383814
968496
278907
372858
310718
719790
110296
849686
64221
715509
936814
68779
979399
828022
507699
991432
950081
556411
612079
517699
244198
254753
686171
735405
887125
992162
505688
303733
495594
853620
994612
636141
931688
791200
48139
399150
489806
948851
110612
695360
980175
574269
944971
886045
588796
606262
542686
500972
428457
231889
924791
834374
536822
982716
265953
968497
758350
567120
684915
698742
265817
455754
763546
180242
173057
93525
647114
381096
64131
93526
874048
568309
890863
613846
976414
918707
47457
513981
677652
4154
220982
853562
997015
671964
894630
648841
615341
64349
289744
432537
868840
683266
162824
789306
449580
300580
88522
494792
726522
776546
870540
438356
561971
517838
642753
269704
37740
999967
608206
349996
388671
605613
344493
858415
847524
556829
618364
561677
689545
431355
628161
137447
806386
965251
341530
708840
859306
57646
190640
747783
140482
832704
347976
187283
613529
244485
227322
587123
879363
143642
740369
99484
424977
228120
14595
736614
898291
951636
427591
530693
100207
254965
304095
820136
270499
639485
212563
591901
732896
819763
668295
73204
629877
353789
471254
206184
366069
795850
8510
139413
927418
396677
708538
62270
993209
632150
525209
762222
180649
507568
876218
870082
734540
956895
627516
250294
491769
969854
897021
917970
614628
910777
21245
604696
543275
338358
139536
722523
956694
446128
974457
265359
334914
961929
625987
765437
537340
734893
269735
883614
642583
278544
439222
369054
51035
576121
612649
161450
815041
248456
422116
727502
812169
552453
67239
906275
367654
888344
134514
646221
605434
584396
452948
73923
476775
452146
239751
475536
20694
572301
777475
79529
340744
288080
887348
955957
627208
317161
661951
228069
543495
881084
705606
855866
768190
698485
713702
994992
618318
584591
787300
687812
816361
162807
338258
652853
931621
674688
726806
718837
633482
698019
449197
428728
40011
129396
395502
89746
589700
298805
652098
935686
135671
831682
984979
151239
518408
178608
85420
505710
447427
383705
54914
57635
687548
745782
775676
556227
504210
879403
409919
533145
5756
337298
935746
682885
843942
134642
621576
232869
780981
197269
694980
656429
173289
613210
263309
292657
578120
156801
641191
819294
854874
109359
457738
448982
313627
419099
256459
461819
786473
125959
887087
105336
833867
291137
196574
311838
318833
681045
98236
449887
814143
352090
579914
333254
555428
427886
727777
628031
634411
123960
73870
2687
843238
138578
390435
973838
993780
352008
216834
582416
444609
23489
338083
270626
778484
733318
282862
246263
673094
430468
525759
434551
907272
207860
173139
940200
37019
892808
11760
256590
25702
120613
929987
892177
490553
393693
995907
848722
93335
938093
552465
911307
335150
771430
462914
969307
349018
18885
943066
151577
3489
209169
835962
132367
528977
479956
94919
609286
651776
263402
846629
308107
788737
580952
540074
86283
79360
781321
347089
797062
649767
129156
972452
392609
957557
181180
350824
603053
971858
364678
488093
974790
694181
66248
894469
953890
61259
228426
342724
444941
423188
64794
31815
654307
347790
198087
799777
484790
203440
538751
668831
363496
327548
206596
837984
490544
70710
615856
89312
335119
957566
324580
500440
666476
913147
950148
159986
662036
523037
275992
74470
352044
146074
240853
397781
868783
717101
758707
75822
417075
829965
856743
418019
613017
479403
440105
12376
297872
997702
589827
741146
761325
569049
582188
282514
936156
595805
59985
244530
828546
277118
621419
714567
467415
857317
316560
107883
63088
514622
809393
982842
286539
671203
198711
402562
954165
52949
87980
977315
149020
162261
57746
423252
314370
61011
174381
960132
763269
134370
894016
177340
620509
765159
1345
128464
792905
150060
57936
148031
585950
129955
165345
177715
949612
697810
326631
505090
996784
980933
92940
876793
125689
111790
51705
146534
858935
964214
673259
737774
38356
884375
480205
402037
43776
66829
848247
340722
31353
963220
548955
852205
901334
719607
293725
842508
908748
139629
846209
515815
676698
191296
428361
855105
788012
576809
662606
379210
664843
256396
761374
400642
298664
844390
717728
155524
574402
460768
993749
59148
184521
180005
664009
823942
307078
341957
513153
955108
645981
8040
646030
779216
478134
97399
718638
719489
698005
507054
416264
381119
726823
185360
234316
946956
994691
151859
727683
709291
359574
147684
154661
722994
610928
431599
117140
21180
643241
308810
865505
123080
970296
253851
563307
508136
620852
660288
667701
515012
157591
66662
834933
775655
354967
26312
481670
384484
367048
202099
31553
300199
776964
797044
571756
941243
903390
145416
699836
736109
568949
165160
39983
986727
26164
551975
166873
935766
64620
315875
216433
80788
909143
355585
228491
174744
549763
469019
498762
658694
195849
271909
231821
655801
445226
707332
458132
933198
711798
302678
440277
417433
538042
729655
123948
441898
793203
492388
837433
294323
296775
690051
928534
748266
737774
143565
103416
956842
18478
528372
985055
308906
443467
191739
876977
287237
490168
753642
333160
182172
642953
44796
561170
84987
40116
62864
682849
802848
999781
383999
192571
105701
779017
19397
612935
841585
630000
59834
729050
372467
597414
517548
374924
379952
467649
685173
106603
114294
952152
933373
389320
571245
959775
919331
680236
107621
651560
819132
663982
279149
457532
318493
214693
970504
203631
532284
169705
645467
228314
404121
596694
841963
940492
381661
345593
679954
329012
641159
154772
642875
598326
282180
166261
766291
765248
187063
74091
146539
620385
449262
137560
41411
655722
739296
418517
770784
145291
328881
822045
404657
284073
574451
381766
853016
640529
419419
85994
94897
401721
131235
880501
110585
183370
850634
405449
228934
599934
91627
127763
720082
546948
79644
323607
942568
759357
875748
860250
497325
294828
466623
770609
837246
117745
888558
631528
240889
549992
779604
92003
131432
710687
605575
184369
979369
805892
166063
936461
207798
14281
547204
358963
289219
431933
889256
963389
201329
890905
246262
752089
34752
386735
38002
758813
162392
536139
152571
749382
74787
920351
730222
276846
426739
700517
549345
395432
31913
438861
491692
539271
6477
201854
502713
418619
264554
15050
522957
893030
350455
921779
721977
279426
880131
181355
421611
305025
775409
476002
501901
617145
762132
875475
73638
429801
310965
552906
331692
222594
194720
618863
755557
240016
402428
928395
270686
426228
641911
866383
677514
536947
120772
170288
229053
549561
329744
626449
628796
397108
823548
488348
714638
93476
426504
220596
323315
463819
11152
644993
976419
26933
848622
642310
178032
444701
639864
456756
562123
119829
761410
524415
803848
122151
478883
614815
124426
85079
528279
679332
959563
232493
231412
677199
850735
12945
683353
727854
592599
706830
328995
277860
609708
361681
97160
970702
299613
545709
888983
384500
446212
564487
520443
968630
307382
445475
892476
871198
471289
699738
194755
767714
924473
199488
473215
658274
735484
187934
777651
280852
703465
17804
7662
818956
398657
86142
48411
49538
380595
911821
430109
660891
303728
964000
758745
603994
222430
373982
40946
602288
235764
904790
450083
869288
964668
589195
505479
751176
892277
871616
222553
461443
947402
597862
990041
132668
99468
773541
847565
820106
77466
889778
676195
356034
789069
901983
888374
97452
180608
765132
559089
325673
546626
103632
782806
291891
273799
509778
431789
351383
404481
235242
730860
790572
34418
217866
955186
93322
527898
813703
412752
305946
82424
551950
176994
558705
101444
574110
278135
9391
154332
382850
990258
812688
824568
728961
512942
614298
736957
439168
432284
477011
679095
263342
506357
319469
631582
481009
643317
943345
258877
744953
439683
713053
698131
816765
828776
257390
677169
316532
547068
279638
86958
651440
60380
253668
690494
42520
354781
908988
279720
55509
978676
454541
432179
832258
620350
694742
348563
10282
601623
593065
621854
148347
963712
841036
279924
683127
777021
597646
526455
168469
860170
313274
662175
23154
830150
101314
781757
418692
159285
562351
556566
207411
408283
417788
28101
785160
453363
25459
309251
604180
23278
974813
747817
281992
419572
52139
667732
947387
426684
438998
541264
458956
570365
481875
490873
590353
187073
171205
686305
552305
439808
984836
208638
877783
367907
5842
527487
874580
137873
644587
476998
512412
320823
819036
276488
551591
846320
567261
773816
695819
128807
938528
263848
816673
185178
433576
919680
853077
174323
463690
515818
292725
530580
722447
37251
406567
455875
158950
284110
632346
563211
843179
569888
333356
418212
919029
343151
544253
19096
761085
424012
27826
241780
806474
100406
184416
503543
473630
638838
965949
334489
397698
265777
625855
246314
251295
784850
517976
41683
357863
390423
706340
637023
519742
123283
717930
988854
324804
76098
523542
651647
70146
70570
903069
111964
674253
370295
526701
143552
220747
399638
922461
245922
609704
623168
324974
280159
437628
252433
504659
973486
468893
918550
386218
947697
290497
930481
166812
598652
964524
361820
245442
520973
350594
218813
528069
51585
528917
436183
955743
50535
456466
665686
132020
809964
664830
611111
930951
478957
869068
685807
147340
199463
308260
162733
56637
483540
198753
848114
127886
924444
151033
28730
952
951713
198442
584712
731542
582124
510433
899470
73337
390669
462792
314347
791748
9398
727935
300129
379917
953484
641929
885972
291518
447221
689941
294349
579583
616528
419297
478821
784425
580017
43476
116816
859733
785965
415865
398948
389832
104530
871576
325657
870523
31402
792331
301062
77372
320835
383696
435611
801018
244552
671382
772012
824904
403458
199986
606373
164345
241662
232594
76991
362392
92361
302030
785274
288043
566790
624332
355241
879979
870299
776673
402548
162087
634658
259471
659176
66782
25165
846861
742971
684864
603755
870984
719070
501341
445250
349221
35285
816344
994334
303798
277486
666525
219553
117403
703663
723175
805811
345019
854168
925319
837678
223806
252192
304614
487029
141960
232365
75590
936245
969398
450574
417709
923515
495454
564256
646923
29448
392928
528861
551254
111680
770657
16133
22280
326906
544821
629085
777393
457810
281709
659918
346712
29045
935340
194206
5496
429456
508420
750523
923029
59550
38149
997724
979696
960363
161901
926267
872383
48494
501012
205952
800866
553236
626033
565748
270984
459734
520332
454840
498415
655200
955266
285123
578788
278232
150823
583369
361294
364806
146455
515401
806512
950400
784809
159646
613832
155093
20795
221557
910024
963173
186573
982040
836991
70316
729825
166025
275914
964728
773251
86384
332076
733389
260035
782005
340438
313953
239139
942381
676385
848678
855520
976125
441840
589548
620389
899817
28484
331485
793948
252357
938639
22108
540627
413096
406958
750881
132989
403333
898872
362698
524742
934562
33115
978624
409928
274629
747935
559578
100741
102413
370903
157445
348308
84907
333438
1420
738881
936262
619681
538625
886517
862564
433640
575118
333280
801897
866016
321515
519245
393859
999180
573866
865762
264096
931673
54640
648333
375014
723566
455368
396881
243615
162163
23447
557296
324520
692986
745754
466833
132523
695668
998838
345022
534097
946372
420209
771178
253837
410481
691039
746669
185848
250766
235367
234820
835541
913617
902032
406608
679954
423931
585581
715394
844049
590032
222972
701001
914678
711466
610714
919894
757817
989271
49667
986033
554848
439194
493199
974402
922760
497403
498334
278064
451625
160097
887950
11102
769732
797055
83636
414699
760328
923056
681278
925540
412505
270
105195
250621
436539
222611
508700
30124
737485
373579
201030
855836
492275
927441
251087
383746
39824
556692
555034
567714
586800
845768
852978
485059
331893
379002
367305
31357
522206
503083
256597
688744
457000
332212
482672
240334
699736
657346
591334
466243
54520
791216
296300
870130
539137
938155
201913
951050
354744
48564
995859
356312
257109
44150
650621
600022
757670
107024
659804
699495
565978
577397
223957
133113
522162
745883
888271
958740
275458
248106
570477
963858
732941
780938
302903
295364
536642
513663
26484
407770
59640
743054
33867
563762
753120
300180
877393
415028
94338
789556
98163
921206
527159
897761
835329
513326
948693
432016
302711
674148
232561
711537
808989
681445
200498
364889
780812
853916
529
441020
940412
123023
575189
996526
760209
155666
358773
80760
337191
651047
788908
695235
930383
942684
24819
119171
637058
372858
694949
228522
333004
126753
359135
691289
515474
482885
771133
85014
986822
937616
403267
484138
99862
473297
287559
545392
817834
317282
645233
136506
791308
656844
762355
790845
44235
275164
56663
862553
676629
475079
656256
152561
209341
524530
388911
550546
559918
666174
370592
168069
618710
226996
325781
118993
969318
867343
95100
129396
337612
974137
942114
643195
11564
262858
400623
835714
24132
889474
524960
952313
648512
805556
377595
433796
260365
539837
287635
77227
3710
557553
296989
203781
784007
567323
268103
441963
670364
404024
991113
770117
862102
823816
7615
646671
265838
894335
661242
464615
395282
570960
863143
175859
270294
151436
856947
939131
544990
704691
191513
38483
931773
892430
383884
647326
526702
207954
456591
251501
280118
452209
652
457542
183555
950342
665758
132066
991333
346861
246970
493089
368065
180589
347117
44212
674609
996023
169614
438923
721377
746642
981849
311231
375684
92799
23568
451058
316266
143006
708797
778056
499004
179617
160103
111253
132931
226535
309283
773704
94922
748818
66793
182079
34281
385501
348931
684585
308328
935936
808935
246682
651618
179988
67745
963834
850275
957740
439202
810653
461648
252124
771665
411192
995235
610159
50133
482994
704260
746638
96169
213912
557060
973759
286398
910558
177444
577601
376783
207025
438089
873904
848741
856608
9684
83313
153493
23691
717626
26304
95752
900264
996788
566611
72473
873039
957063
588205
694796
945302
899630
643508
174610
453480
271256
838382
708469
251855
865739
127937
472505
275643
144428
265644
80862
911448
965043
547714
150122
396269
35373
526137
710956
832627
271835
342275
550213
826216
775409
299482
498209
287525
804451
182468
161228
849756
960573
855368
963179
364491
470236
852767
59748
945640
829914
269212
321439
820295
864459
898810
905056
682709
527247
824370
207316
300220
394403
448919
795524
380430
101681
626704
22221
935953
570786
919347
934936
409602
207005
236662
246281
467654
592113
379544
24656
398711
758109
176185
51484
776156
141531
659394
543082
804781
176195
704830
861
713022
204455
358205
403606
125022
636785
363928
588248
198045
692213
588662
747060
14286
853979
157857
585051
330032
185616
545857
398950
851320
470380
722333
192920
875012
18897
377400
714609
334514
383662
297419
317258
271194
486881
164175
858423
8271
624062
597637
569853
327266
363476
328062
7400
444116
954883
128899
250561
817233
271130
879593
648142
119264
165530
775838
779181
554954
871539
866423
229474
778542
816684
55909
676477
758225
807786
59288
668588
296237
760373
21177
298863
284992
924217
712174
804188
502252
58999
661940
605750
530831
454609
756190
811210
148949
365814
750821
840700
656623
838717
476027
340813
84939
219502
493092
286322
289729
18717
202390
956545
868513
501466
738629
333507
847123
16677
578440
336300
695835
425478
523900
738457
283428
10206
511232
282629
266365
378723
568116
139465
297687
554268
967308
848371
20717
990425
907223
566902
632074
413227
930187
196356
153495
908810
580831
288411
378059
472124
146645
660246
913714
21932
697341
878857
95776
929206
563331
840608
575649
193345
385931
979656
297350
764496
38377
690463
667704
931435
843227
545639
528223
652531
639631
885257
137965
930663
900294
257318
287744
587941
214319
537462
429876
356453
31543
701352
905754
813156
104521
242174
969801
665474
872733
100674
359049
955670
57593
81417
691463
42886
556382
667334
980618
48829
87009
455377
887433
186403
483922
477615
447887
533832
215971
196113
318497
367461
701405
216532
375114
192219
895863
293963
198911
381778
142668
261855
855289
181879
891163
808121
947892
213476
44092
639945
686499
420104
22819
949868
654995
734048
300658
773751
648167
911672
260439
77937
627532
40826
175030
985936
67085
802431
213157
527808
938575
717120
917652
359149
390597
917350
497650
515560
944871
84153
239689
982164
97364
608931
336355
74549
770313
528183
468774
676340
398315
614372
647595
180148
275616
612424
455169
358034
406182
475719
991930
422157
599785
794842
431020
744210
554775
523576
391940
183281
63504
427604
419762
725945
501667
781570
603252
98999
779039
543357
508955
315295
95166
731438
13096
632696
629827
825062
546846
707208
833591
965331
493525
996291
996102
510248
458941
537008
723687
207816
916300
507164
331367
870765
209070
570154
342391
232907
303061
891820
158582
604319
510394
658033
905739
614789
236855
671726
813186
77068
9095
541553
91401
321378
9779
788371
536482
5220
396301
155792
171748
83857
207914
859649
98032
389158
205821
828493
368815
792972
695007
878401
717321
46592
915053
231915
439428
23426
235789
152112
207884
85661
973587
507477
835189
632944
113850
835527
937493
233022
857528
829294
379833
230093
20375
378249
930888
785591
768111
520476
542879
844513
203181
909117
836551
660006
383876
957906
281792
846807
368859
558527
718319
110186
855039
237232
343197
741097
958707
772575
831241
685524
242907
839479
732639
258674
544910
527164
861473
254377
108865
582575
841688
974052
708230
519836
491162
52004
535809
998077
582765
266364
48985
462310
956177
745020
442215
882789
473495
755297
328364
316334
181224
681505
670681
635799
158391
963365
730807
206440
105760
179937
919642
785133
230099
48326
918010
278727
835677
842229
864926
75328
348128
978603
317062
849492
800132
650356
457881
809162
431753
750201
243553
884241
659450
959433
824101
283684
370528
206328
359347
828358
145895
249670
985621
655153
74993
523960
719414
736949
538310
894874
817573
194680
405303
833675
918132
313137
826105
400293
667999
91219
685636
146406
488920
200719
327936
451046
771990
326016
933878
856382
595444
954968
762887
172345
403639
238807
481897
373478
976753
115268
864839
206821
531614
880223
158611
822616
130044
934012
556662
270631
878005
501699
66400
451507
255469
599640
456396
107532
112884
786465
234141
855286
355434
687327
610804
611126
39582
637275
666641
689084
972411
526452
893142
149530
633536
890452
833253
846199
759497
418337
34045
54163
151168
533261
547012
589444
615124
690343
341155
39218
406643
266212
311912
486744
419572
636166
161425
849153
61228
648387
886627
747032
29392
180876
382237
901466
449286
646304
867261
280051
364337
408869
813954
773930
229132
668043
211551
981246
882634
111174
846590
677901
809239
149575
336625
199106
107341
787378
923377
274205
498648
760411
232559
235378
927033
442300
818743
811060
672233
59812
762125
191827
962951
465169
927451
975792
144376
721386
860893
353640
952251
864002
565335
748568
757495
338188
228080
921996
266190
267820
412026
117826
222577
748053
852569
47408
48154
713051
388015
357928
521999
562680
407369
668927
834407
577842
295349
218130
210298
59581
428282
731640
565166
1705
951489
707387
179147
627148
5358
235673
558017
347357
225368
786744
829746
461936
399976
42315
424655
911363
437270
60774
420137
731310
536607
801898
6363
161462
743220
971084
188853
111714
456552
492325
287603
731038
16673
139642
243169
289383
109707
8892
898902
181329
599568
292929
274189
820552
712110
601070
680974
22422
790533
754293
670243
930486
156476
6258
33000
655261
126236
403504
362392
491469
24766
411443
287589
187583
759315
437637
162916
852261
919089
924490
576138
727161
368493
760063
604755
426516
945072
472673
3016
25692
556475
245183
569746
30526
493850
672030
569087
556472
759555
96010
745563
84690
546322
18109
356200
265259
392689
968008
280684
991873
852497
151560
827728
583737
67340
6007
930403
226916
308282
352478
969491
659510
398493
5501
876197
902005
535052
152223
623606
549498
613018
552410
310341
83912
894879
134437
619495
708982
643290
655443
555584
398077
551090
241568
205746
707548
937591
270020
893716
430106
432035
973499
286010
661170
375462
64207
338339
201373
723404
506869
851807
457738
156497
409796
392827
568856
948784
582807
368594
324626
140418
838521
777743
727919
694749
407562
105394
610078
581201
516719
775665
551592
620668
125341
852332
764689
966827
321279
459785
920242
367378
33867
66290
875561
814885
606459
393571
876171
189035
293931
681357
544444
507765
775873
655264
572486
986822
162105
181820
750085
930187
576462
649446
828377
125814
76927
477162
95166
581582
778516
755304
309592
126677
560219
497349
321798
707047
520381
255371
601002
957047
107364
799014
684120
309699
344845
301064
260065
58978
902912
883542
200919
416382
619591
193643
269199
771443
148610
891636
110252
440477
494626
716294
229982
989734
17474
179925
803980
914437
146622
395287
408029
118316
874539
685113
58359
618645
583012
93076
796396
258925
879060
992720
542518
814811
334353
57342
574145
334490
443777
592269
653847
10241
891614
877972
366103
640256
149617
673437
357862
68598
899981
119833
491993
924607
569285
692617
688737
411077
69703
429780
36402
11209
176202
381825
128464
552348
597641
550214
781387
423193
908423
932391
715057
135465
189747
492960
619991
207954
358574
978895
774763
373942
912353
309727
137713
995206
761108
708755
644235
307884
137080
117177
147820
622903
320281
175469
14354
652751
12063
443825
34614
93565
579638
37467
545762
590227
299653
292803
60848
766129
953123
715303
639524
914837
133803
317688
138597
339824
64653
654224
326831
261906
355738
257137
44053
194284
378452
524552
102401
920851
685320
952597
351045
869022
817859
797626
185077
884552
965826
10309
627089
84972
610967
597637
800016
90316
136559
419644
484865
143079
944473
514444
313548
125247
479652
953701
478684
865070
245686
295262
973459
482221
905105
444345
227066
555235
221279
679093
664261
114169
712737
369228
330409
431710
225373
117940
135242
141111
251991
530992
535127
871186
360286
90167
138767
841541
454299
864181
206028
32663
541340
33689
980461
325024
143561
675796
139157
327467
458049
714274
369820
474776
432188
852836
817866
489192
473794
986698
511724
911245
853976
120265
616728
266197
306372
159159
245682
832705
497382
724618
167404
633497
924155
478204
268949
837018
544764
333587
120019
928273
833880
254959
889610
479416
168314
703114
241785
731764
729770
362810
349415
278044
296314
837402
397034
658453
483047
420045
280375
790306
451166
798043
319881
908317
375566
77626
163666
668330
299551
598331
461930
216491
622833
558811
162875
804310
381178
666818
77888
867059
263177
923697
771240
967266
307570
289292
360105
394484
597894
812021
934200
905328
79059
594365
546628
890567
915577
371739
13178
106042
765571
897250
638161
919073
49004
7749
947264
846497
760639
735753
104934
18990
875346
976902
644197
764545
582823
990327
761553
97845
297202
541170
134422
701002
296021
119118
960302
254765
864394
367808
239498
898834
122518
693617
959213
623639
348959
97635
143826
449386
419512
801050
181153
985463
481707
274854
876856
921057
981022
780273
608044
44655
896479
308073
422196
612957
946401
82471
750305
789723
4737
467996
869574
765171
793506
480594
686854
402251
623123
988479
511035
381653
80141
18986
990890
812941
259000
925000
180599
885115
151717
425674
6469
537600
92648
234865
271142
134658
530413
774766
536722
109518
82972
11980
38493
69659
984
394334
260492
841121
72008
832992
291685
401552
808336
41048
61061
330305
488103
315668
794077
266583
108638
107699
356338
879683
89180
849631
304581
313883
845153
958763
116090
833090
249422
204902
145150
104379
839925
849817
527039
38123
733397
188710
979643
816800
810785
839234
432948
237896
925396
286262
820215
818979
400566
638119
51501
478807
706832
36728
16114
818495
461529
29452
415123
738868
777360
339016
877894
370561
904515
710574
869711
340434
190561
641874
152334
584720
738988
344153
855157
914789
972735
403305
619926
837028
222381
335476
834870
415668
354798
724511
617316
278899
185159
63388
663431
108324
810880
798364
367907
16755
46197
399072
130365
372858
774142
68587
920405
484687
434571
490898
150531
487366
777154
842908
972529
538915
803864
299258
327121
674074
261554
435704
581645
498932
348570
977737
592855
24278
292122
494888
91822
512609
960137
560712
59176
249160
936769
119387
727252
463014
256794
932970
742358
974490
499669
347424
806960
272599
181108
859600
482095
116178
91477
913972
558628
183146
206455
304041
30168
790637
559293
77573
437433
543368
860302
889233
976373
332193
812999
62426
847734
68406
660534
789855
458745
896937
788073
239086
936035
892274
796227
662144
882236
75528
800153
115963
747794
483661
496475
276902
491574
254105
280122
980927
981517
695599
177403
805001
463560
639819
30881
295976
79896
103101
580981
833626
772882
249677
886506
476607
5512
324380
637002
461738
958446
496639
425544
732579
459030
505619
763251
612237
23505
915413
153462
767208
748633
952005
402579
495398
155114
617984
932730
907570
472453
63751
746069
653629
664383
950634
632445
658613
166622
368541
934499
256115
640728
51105
242980
158946
827018
296089
867191
405245
147356
845151
588699
869267
173168
260625
119473
22919
223744
305936
107074
957729
976782
876900
762218
193927
402457
536593
55178
638326
732476
481678
273292
54329
196237
249702
439386
462867
698863
530702
316811
632353
509531
609704
830392
546574
815354
334757
946942
151244
183280
430779
435470
648860
373380
403526
367960
954136
551674
372864
3016
797178
348797
446438
79754
923481
409840
807333
941146
132169
71842
723348
324956
649997
605814
293931
408168
381017
668055
911667
568063
691423
469990
390434
161687
309972
816454
158740
799281
209878
621705
903300
138260
793052
64951
487666
370452
465963
415884
206735
366310
145402
281131
926313
153071
772910
11264
902162
611689
309712
643500
155874
323687
572883
654734
9866
797004
507947
546320
326054
679861
978683
214902
575023
403628
677664
683422
143838
788400
215521
725677
344118
319844
719624
360935
130675
90173
430742
475484
719965
191106
639964
798100
36837
602255
27822
571669
511229
756175
904515
245466
374740
952189
497973
621187
905265
221869
298743
495476
184369
863637
277566
31660
520927
698544
880559
43144
383552
741803
817955
187656
652975
647532
913938
99898
364903
959065
577029
379762
830725
321717
226424
285974
462895
442023
944163
601162
76722
721757
822159
34399
239011
702073
670693
67270
476847
560419
953348
171661
369175
90252
874714
111251
640885
694167
834043
617352
52555
303367
49597
898830
355086
388212
113962
523312
204682
167102
183084
338668
258657
362647
897486
464182
951554
955477
565534
393165
291362
853683
201459
948164
718851
508786
171170
904809
698314
567349
613323
73907
886888
352508
944529
678639
980442
339491
25292
375518
955423
255752
297052
522880
101014
922150
801557
12189
51531
230913
961836
137205
397765
522174
83706
123587
123553
342536
916461
417068
382763
876669
115157
566424
299990
724701
324079
693614
557386
627073
813285
459088
821995
40295
666206
145177
186328
991715
586036
143630
778073
744366
762778
206564
364164
432749
78782
839430
174574
552212
710505
279968
133286
980755
719529
451915
191671
548931
620365
163115
280651
306044
719230
609769
253531
89542
150219
404554
364468
809812
927093
421914
672949
460852
316110
272164
145789
173003
393327
512332
787234
944428
442630
391306
783762
344730
761170
506461
245561
227249
151643
186248
495249
93477
101769
388721
386142
989547
941367
745132
473679
916340
958069
145418
461427
951411
826792
645340
580781
178165
256837
579962
150628
997817
525781
141385
339696
449007
811867
19775
14990
864120
401021
105351
990455
567253
692023
380050
379235
286718
991362
705035
595339
557531
869179
260242
846280
55075
168006
803704
225730
645233
904246
835544
537718
778210
104418
11889
535351
541843
243092
139282
173325
370603
377124
15341
117256
228920
473898
43862
880568
660549
345444
91294
801405
381411
763561
167628
328827
900770
653630
122719
536352
473289
31355
850275
639524
901226
443746
27618
734321
854925
215713
406452
35108
717540
81204
649997
273878
693426
73224
238185
81145
517337
652711
658882
182200
554751
598297
214318
848009
162829
821256
814866
955813
955667
801892
994656
438073
640085
444699
791449
33543
707040
696548
488848
994726
345831
979069
845254
669480
154708
491100
722993
460960
618527
17288
420717
834045
118340
59151
295180
926572
256108
784881
749843
299510
726583
553212
921911
406762
264936
487511
662594
50541
741309
782073
769244
910350
577455
553459
309235
122610
287458
155496
725311
889830
3860
992992
977468
808781
587454
995263
812113
153692
112171
357566
133746
159445
392584
949356
471973
42997
174010
393032
126163
836933
267714
773008
282896
10346
802433
452910
711858
774351
238533
41303
39582
126130
174323
783286
518739
778597
441967
216602
482537
482811
653897
256218
944688
272535
324570
156054
555127
616407
15976
463428
124692
922027
611636
169151
297692
200661
109685
412904
249730
549853
544914
570225
332290
910205
529251
940858
169206
212230
254256
131828
367906
695651
513214
559028
867614
850138
584594
251973
87725
497719
547444
667316
208422
295494
568052
972321
663169
463213
872145
685176
147565
175087
182629
490429
976402
16263
699662
935098
17699
959702
423728
240874
420352
109413
22643
172464
809628
753715
846713
106415
213922
738355
531082
57872
956924
503286
612433
754383
517536
51109
259792
337778
584893
726928
300596
638709
369392
760896
22632
925400
376842
325798
700391
19711
971393
340039
711478
34818
43652
894662
654773
536809
943152
54325
564521
156188
112255
492036
602910
767951
58921
845993
214395
4302
59178
707967
119575
622653
414517
982203
700116
209305
343448
179781
179977
30640
7966
742395
345403
873560
342574
489559
860020
684607
685210
613948
200867
289752
395760
586453
878604
663147
545540
4449
969617
253011
234264
185151
511377
330680
599917
716545
594167
534157
260853
468718
872460
963065
440798
576456
931961
618907
93765
158245
879972
732410
236223
135946
629696
839818
295470
681415
880503
938159
295153
859696
285441
82484
735915
299524
141108
691834
167845
434157
634039
118692
657517
41873
200399
187593
232705
909293
774807
438877
890099
263002
531513
205362
483268
741255
575952
221373
321155
3195
966333
216312
750908
552388
659015
612904
612151
26545
493754
684213
290221
155579
762777
353924
229945
31847
132623
819361
44352
61449
812784
926288
692234
637871
546849
471222
580801
366167
729968
940745
86574
665280
573121
316126
278685
906323
283683
321341
614370
343942
690201
598065
845168
892463
