738780
186563
367832
478838
578295
293562
523513
96762
376588
353782
349325
959186
843315
525971
172467
70171
245820
645031
50169
243540
260590
407215
210058
699711
439404
109268
721730
629012
879127
41585
309731
874556
349932
656072
729565
994978
550284
243422
778074
670296
148561
562724
301503
16168
471454
543385
769023
667669
50250
581402
804851
451855
563062
486761
716278
77563
811039
282457
611456
472199
354885
92999
554782
383112
187856
828620
709534
410313
381839
953317
642424
124231
220669
452411
657830
827128
563237
956733
756883
151783
162508
552685
75319
271134
351389
679737
470788
802125
228320
276565
439941
413832
517784
956925
872726
765727
976655
923484
265398
821660
72510
837904
131432
279613
157471
589900
122055
532779
17692
23924
754426
890352
775918
609916
787098
500955
932662
212133
244204
151154
675115
548667
541321
185287
776980
145410
441881
970294
536964
554685
878170
730963
93499
647662
646114
135247
675510
351483
405568
850429
159043
587809
469358
204762
901567
873807
80815
832777
474970
748992
29721
784341
199878
482223
717123
956078
562403
556201
22370
182367
900403
579896
706685
498791
51719
691851
450239
524829
153490
742417
949861
807844
298686
913681
758566
197192
33077
535213
523103
776175
135133
114937
737306
462559
548912
500897
643703
185159
514662
937268
958791
513390
771466
314502
797891
290424
327831
457861
643207
311127
604172
734474
636723
573608
305848
450927
190882
271875
657481
992623
975876
67055
941319
757758
123577
378432
945393
180272
806209
743353
86929
601986
905470
842726
935708
81903
686669
716500
1095
571836
508445
482609
840210
795761
824258
516302
530720
121272
124624
542188
345752
784238
922244
895769
910209
216712
213735
693088
246858
504877
932484
262487
754035
271558
932197
430592
587422
560020
808419
927199
738309
920882
551987
183280
377318
188182
832149
874734
387289
335845
510582
537145
590715
796287
170350
174698
612386
312997
987920
519267
636002
445568
422761
913500
593079
318023
962942
13827
839955
644964
297430
785713
109398
296765
156573
582510
435342
668908
842524
280315
712468
210401
957631
927316
773615
948285
286019
189369
891306
122845
313292
979465
922972
415221
947329
847393
934323
944297
579521
790980
585852
703729
806482
58147
992683
197407
131285
990635
366455
504117
494431
85994
884792
718705
184066
195609
694478
798205
424690
109908
565002
894733
509167
266895
607127
547577
529116
218266
764809
113755
497178
550944
52975
532564
305760
455238
74431
483722
51830
728070
91245
625513
272146
912398
900316
615488
666110
678425
925036
322252
150417
213165
318674
573768
127737
478203
413580
385281
682473
990266
136887
950938
78982
822556
612201
738176
296645
212788
221296
517651
644914
447423
214948
59680
698059
386858
327867
17441
102803
769269
705981
631618
774571
570665
311620
605141
400331
500499
146374
752437
420892
839018
784213
645841
596813
943972
343712
903
431994
533370
220468
891991
613585
440899
237383
282213
220522
249046
757842
391368
400132
978864
720828
732767
127731
538863
310907
836573
549398
4645
912159
932998
284759
106978
903892
308771
80903
433364
764618
365037
828488
737122
489705
923166
331147
183311
592254
370606
391710
442955
176992
3915
962416
479188
327374
555177
544266
786073
768016
833340
178483
898252
57285
444852
780598
193370
494793
290119
397019
762385
902398
801695
98279
686254
258511
485339
402958
386331
300223
14865
986368
192072
732410
958291
195285
818476
79379
989414
269233
611473
891074
985508
549703
924844
484247
648242
914893
630644
702151
110560
57285
201742
70117
99749
821514
313480
916571
429038
178747
6529
644673
135404
98202
741303
127956
43483
204703
283458
335579
766696
853770
249193
94111
108155
397239
760576
190791
372649
374264
455792
794284
97828
761574
486463
856876
469747
943653
887978
228369
626045
890190
718481
313962
675748
820264
701559
164185
781961
32537
915500
344402
227528
593804
92969
36036
791898
414182
25805
451366
653687
673816
350518
224417
373577
928461
143940
850964
827296
172631
946294
337847
37914
374395
882963
705525
977700
979983
670560
59618
877192
684403
980322
109087
813101
984289
937737
927831
557446
407155
653412
783222
729574
291882
572942
406602
96277
499201
614083
4332
804240
746817
270362
451041
26154
86976
738283
21465
366602
933438
842041
101363
903746
31968
453716
777038
812722
788529
697320
333155
829563
682256
606495
815707
696602
773143
846543
486321
70884
910114
632566
898109
432890
279672
253159
657482
926230
699293
126666
922379
640375
357389
176226
210555
264471
748463
830909
163949
499406
142273
206809
306474
557129
754806
815604
308172
1930
281612
978306
216281
244205
344189
309866
535732
392692
521867
312515
230552
964747
570070
690336
557863
998094
554676
316889
185486
980695
680079
811730
650984
606909
325911
641501
611935
314138
291144
862202
112461
864922
9715
784177
112619
816403
687192
269944
185884
218207
38662
231555
630355
206404
863278
949277
145854
89574
933483
400895
827077
761724
670836
647152
152005
362370
720447
969422
856373
548965
104713
335231
116012
63069
491839
108620
130654
279856
586827
41443
726927
373933
791518
511741
396787
765061
506902
240292
759766
451297
705176
579588
9344
20521
768988
892275
992374
207922
652119
67744
195239
153927
989678
110385
346845
653670
397472
849105
445679
221111
946324
306792
45772
593323
219081
499571
995559
841232
870162
199890
134052
522054
565835
131287
779191
409961
257061
143703
723192
505474
199507
381351
89208
487678
584681
385902
211322
961015
797324
784807
792025
920143
10988
443051
184070
950084
602749
190351
586438
309208
730476
573630
251351
769502
394027
420555
724392
566979
897938
255092
250647
764606
604426
75035
803365
127102
824130
287011
180945
632623
80633
851658
69609
359942
685378
165292
466881
888051
223514
226128
312029
305327
834802
851275
573869
476898
236725
909850
272615
695889
920394
726186
905221
735824
271850
540093
378073
4830
600321
849281
440637
191233
292655
422198
322982
629251
483645
598809
263712
489690
419642
974809
531547
723378
102964
687705
281988
940622
272309
622906
741502
80682
123136
868643
613689
715588
546379
231232
269562
230592
442689
308846
371786
480756
767516
856975
438129
853350
179425
646599
928244
269925
340851
17209
337408
752061
30636
550177
746800
51263
69614
621960
533932
649494
113886
674449
233096
697473
204875
662127
504788
510777
146846
528960
878906
161303
941630
209335
600427
33293
196192
160309
669954
293070
595822
872607
991791
798404
574649
637905
597217
756591
222194
124304
522713
786212
540203
752656
917273
703162
106995
175315
974802
930642
799704
748155
601634
899378
219188
827976
634181
811135
968583
66809
349737
237101
842561
58423
32466
99105
300647
288311
541003
539862
235765
967983
263935
501859
366111
150686
679029
192960
177192
936028
604342
612422
90611
118958
401350
622907
883397
5370
544126
212163
742185
996315
450881
921443
365417
938356
849640
242527
678948
405103
225715
592666
254288
114663
540938
396141
553514
496943
256943
585842
195088
971099
75877
381530
316870
547821
842566
995479
140439
449758
545831
785072
684640
25529
1847
1691
213110
587263
725717
382623
656265
925215
863368
459746
378443
97279
391591
422257
130797
361825
726034
145111
181445
266813
332627
770761
39606
254321
778925
341159
866647
5119
631212
667374
85771
841074
229436
710967
435021
646368
242675
333911
947268
306766
798536
57205
298283
78204
25760
559753
943182
46512
121494
870024
165211
272747
426296
334054
212068
159170
186781
166619
596049
667845
680642
478154
114833
431438
348145
307153
113578
479599
743342
903031
76149
462872
958676
253260
693042
610683
893919
122372
871023
966700
103609
328691
278238
678066
985951
204677
366930
709891
688465
913905
139885
379823
281976
452910
415035
39054
541371
729041
587465
153616
508580
676295
286637
814061
62352
802600
69427
400896
547419
514712
244026
982648
775844
935827
567388
363640
167557
46340
581535
971855
682975
832863
616054
607127
799424
674215
996958
921550
2260
765483
556333
334951
647104
623526
636765
996868
768763
745717
658055
788414
71688
676906
537471
260617
191365
996105
134647
740685
181626
100941
332095
258425
830277
86391
670512
937560
214900
70373
827009
428586
367144
793226
350141
678293
919791
592409
649368
77389
507168
369238
619487
537635
498988
48225
703775
262015
970895
176121
449332
259768
767404
653179
844565
353480
402627
937654
434050
928669
388644
84015
633095
714112
499209
959424
951192
651258
195062
382698
775476
462181
57766
225551
615084
857470
534813
581449
809060
613211
80199
868841
620733
808983
272791
683250
60432
259088
665045
793384
201338
467113
10282
179619
756820
948350
331290
241519
187751
996933
466156
692002
387657
513836
924062
94175
612777
144776
541562
517230
913081
800889
944217
944470
426416
452418
131932
211053
587249
756259
778878
6382
138876
601125
127395
105521
528277
202425
855188
762446
568414
348402
390226
753987
626609
175991
333105
569289
11947
227722
477791
721965
116660
541319
773409
324246
106612
341545
179050
207978
804640
886373
986865
101896
544256
835380
831116
486889
523110
901641
23027
443068
471098
110259
931323
64203
944411
477782
591143
866873
683669
445080
144065
975749
737465
139976
425840
828335
873455
215287
806740
976068
187530
460963
110217
203409
182832
740780
55885
30129
576364
575705
427780
871616
868400
422400
758188
396973
942352
255012
583802
654263
399321
295457
92541
116477
126396
566934
490032
558404
327738
981990
960477
25139
493484
838240
195254
420354
535520
512052
821882
694050
242023
37090
607948
496625
55500
71264
520420
437127
811485
261403
510075
852532
402602
52548
140056
562302
422561
264454
433719
681864
343002
208870
316289
827406
10516
461252
464121
264837
259624
926604
38648
625235
978616
651050
885736
785699
435885
143859
261333
937624
61320
491090
781185
75035
683432
660909
248503
957029
809980
45610
145339
175586
502252
653976
582827
938902
539278
554312
66013
792750
84546
204456
652804
638684
398324
411226
57219
840452
74535
885616
344547
11314
637640
608847
521347
847964
559166
722287
831188
78248
916200
270420
545980
999636
563335
521429
653364
892101
590748
505413
197609
733198
54164
742154
523459
96248
610786
163028
243467
564430
295095
209945
703318
523131
675366
810270
594223
209974
735645
502621
832409
789233
727943
827976
720905
857530
586190
265449
851117
22763
982499
798467
233273
8102
408827
706977
562835
592014
675096
837716
631424
681183
868139
993681
175806
550098
30109
442663
608839
134744
606174
941133
340787
656645
126072
652463
713252
45913
827540
180810
399820
929887
312414
157120
148292
163944
447585
583119
116875
778955
472881
561449
257763
302049
258477
268577
587166
490267
839275
749802
679748
199189
793544
800214
654055
712468
3743
730604
411472
498124
807644
998491
663636
540880
331839
611138
233602
347548
240390
500887
330222
546857
403580
240229
833028
359605
567203
759958
138830
931542
943855
100997
390881
348240
661930
874448
902826
143767
299136
576050
289761
885962
374132
667862
244140
644276
339999
673190
29420
963185
804034
193516
708184
167162
73493
604909
615810
173104
673836
713701
210702
123858
582065
363006
384066
685813
19953
493233
493146
378027
638501
510708
327249
323858
588712
950869
755976
663528
917197
189590
774000
879272
294668
662158
386318
142709
750491
825991
184115
69425
214229
339986
160462
391164
697117
429836
612505
737432
693274
375489
491270
532739
394766
474893
995769
717989
180106
716815
339541
331084
132168
780381
185750
606749
931455
640660
757148
872515
341045
884950
812137
744230
613539
544259
140414
962079
361704
780161
60178
873982
872081
264537
360636
252453
16507
658699
153933
133460
299014
872422
240073
538011
57696
13283
869602
544856
589002
475217
409705
421530
48365
272515
527938
518388
8411
730537
266862
950512
411580
22503
84244
163158
989017
908877
461654
340946
439907
742148
400857
617536
109807
604220
821966
106425
415311
141038
244675
89553
823311
673392
981423
126457
766290
879864
676269
483615
377168
340321
319870
363119
81489
725194
81128
982538
967094
592689
349928
408822
465082
837866
325000
33321
129269
431718
59729
643911
712906
996476
486571
688789
876940
530120
483663
370206
618098
271641
866238
901775
96487
723724
151466
212086
932732
10335
553437
698143
580100
645854
152555
865289
131580
687575
889841
174495
694474
762706
961752
94932
314867
55471
47303
310133
554205
755500
954156
116549
910871
185029
371340
171245
574023
967764
571147
495219
649156
259483
997831
572045
795176
81806
16050
142937
148415
36004
182996
991973
73603
952913
999232
847497
429644
508692
311691
227740
197540
120603
934902
60746
16583
539441
613368
137304
551419
387925
250038
616536
281690
110708
142710
922305
112969
816600
250586
678037
429532
113875
82148
15350
683379
578062
865408
748836
739974
415168
512464
54224
924629
576233
900656
4578
196310
648948
822736
384619
937686
73461
915807
990634
779964
509398
389742
60840
768449
291410
217536
153555
588552
369947
247214
890828
261629
503051
422074
261281
275164
382451
986138
677290
762705
626516
868384
45319
929466
383278
335344
669367
418540
190545
800360
926632
298696
478261
217444
935622
101121
153587
472043
431296
446287
195646
971018
611760
15789
728710
541468
362348
177614
595113
723391
65600
250756
81699
122894
719219
891129
651281
601628
985770
244303
397131
973423
14343
271001
528565
370421
874698
371534
333020
695720
984853
962955
353026
17074
13937
492719
515660
372529
746678
72641
63635
970665
162110
540609
844332
269510
530333
836252
614532
394133
367042
328726
239422
307721
83122
18884
316257
34884
698001
865080
92836
642259
194249
572857
480371
73333
636218
427223
450026
57016
367328
974181
672112
233537
772897
356776
315256
629182
438473
487418
227555
205338
73530
6812
765392
168387
517303
874843
156891
728824
29026
799469
546527
445297
71047
282892
373138
963949
924745
37275
324773
224946
471821
991099
35763
377883
978820
419620
794721
351016
97612
644060
861037
196700
976813
923046
326339
649764
685958
976068
733629
264867
413557
489917
728974
65156
793086
769153
640739
147514
947618
931649
284931
721998
91083
287962
550231
282899
899383
606341
324335
800464
120825
811633
984958
32328
716000
80072
174703
80815
30856
92724
369369
820590
555347
491860
781916
557598
51511
258894
131453
718474
389446
516843
819607
335552
2320
221416
165779
591798
255384
848980
324791
686954
19588
803142
441885
90832
1943
497350
209553
436018
533216
160877
978310
488847
542262
476134
966133
27727
690981
431791
415162
464012
290051
331954
641384
309936
16968
471400
197787
779375
136713
569669
619676
529215
107744
511999
120221
728856
449038
714487
887767
714392
844827
243853
842184
882592
812659
610780
968038
8993
195627
267319
846377
156686
851617
828712
369549
297262
676450
155434
778452
220670
650512
368199
961413
185477
920085
551864
673929
944556
9386
240476
447815
236080
26472
467092
303907
312505
702892
28857
465323
313415
526822
112263
25888
17045
145483
997970
99232
326021
368765
930621
791375
285961
578292
609520
30483
328129
456729
220683
857420
240726
505993
201946
216817
614058
804561
901814
465410
674002
840845
401792
847562
8483
648787
189604
726121
887445
131431
203686
702065
221329
514606
426969
438971
576802
465563
173346
198886
239140
95659
379659
409088
974943
306419
438377
645661
247589
642780
727384
870176
493615
591784
727452
772164
754085
572156
372771
29248
715789
113180
565594
444928
635008
337113
53971
716335
665863
233332
739197
594806
829296
788817
378608
101731
582544
22004
307562
846697
65429
63252
895918
614377
534900
721349
775938
184244
529223
296618
143629
156783
667037
694074
808179
805360
981596
288252
344624
999910
835910
350736
970281
198979
699295
968954
515954
480167
216967
605171
707450
933286
493071
124086
742324
20434
192959
119314
525804
841395
450989
117538
73149
901546
868007
619104
724613
77304
467764
278282
600110
818308
66873
908581
830254
824888
95706
306889
136600
79794
427694
789732
307141
205281
742779
747436
826124
314867
807236
997701
986073
828611
781424
132142
480187
2319
77564
664091
763830
399109
524327
847260
617558
924406
874750
126418
607479
964276
975276
647678
982685
311153
683561
746237
361379
930760
330345
65071
857891
729194
865155
798442
559571
903539
300987
42100
604868
668626
945096
17653
573424
998808
671973
776867
397919
758302
367414
297702
681611
356635
888673
892672
136067
161989
280009
737115
54157
766538
956808
158791
530978
182169
220943
794320
817913
999781
169492
80782
973287
185608
340702
150834
222790
181878
552772
546340
354900
873683
858253
550098
241385
548095
248954
953422
70975
756621
340504
41816
711480
412626
245627
715744
733232
611744
630345
491058
351837
636873
153380
404229
43166
346655
332610
267721
500638
949340
118631
461679
346366
213639
312419
573686
103313
475951
649036
908950
509552
781090
58357
408227
239301
286500
316842
226557
558926
454798
667048
901763
970079
678596
158876
608433
934460
512005
159791
297750
600139
751543
811884
472348
301649
178215
438732
896246
457440
884992
394541
374885
754563
491735
573149
382099
132201
28897
594916
546242
838681
188046
627637
904346
448528
114132
915267
426702
5104
459192
741953
886266
152700
470788
629987
970057
241428
451841
734404
45262
555300
531425
127206
429053
205550
646954
673780
112765
115026
878008
162451
872202
363163
779912
273865
508356
81924
76175
299670
125678
400152
743712
81652
319792
291324
200310
539245
435006
305953
585405
221455
221890
664925
638249
244659
931691
206638
814385
713870
1910
933508
321787
960817
956226
747181
264867
267518
817096
743892
742461
653369
866766
674754
522968
896720
592220
762273
445135
428909
950754
250086
130311
958044
163797
362259
417010
146502
832276
220363
998376
340840
619429
924422
787342
295049
633720
515576
391164
459134
250394
162990
304037
960137
237897
429285
803018
772532
170431
620407
507315
521368
187892
131095
169052
469604
761834
222584
344591
915578
112339
826889
66032
263882
156697
881214
361748
126764
224609
292932
950010
195530
467336
214431
470349
470259
445977
669340
25785
846680
405971
463109
902091
407600
200421
99905
907854
338816
530377
764211
85145
992781
989266
658839
828784
865575
839284
398507
384169
804305
634275
939018
364458
307241
838004
583151
564077
595921
314046
369976
787478
322799
7043
898149
837002
450349
117611
241047
555634
555134
299285
329195
147125
541565
484891
981221
804923
944972
103697
976285
480326
820045
649194
473403
662287
534696
734403
923428
835799
623504
979838
591236
364363
763272
315859
968722
518064
87157
456329
457183
121491
218830
942361
199274
11959
871826
202060
145337
410708
164448
53937
178277
233127
249088
953046
161427
62147
169406
113192
25914
785315
662010
862046
473114
595601
449474
245046
507446
359547
199658
527487
316080
950912
659544
661877
524835
299850
881109
713824
342837
893798
178714
477804
596122
641138
493211
10650
407150
38232
927981
791249
613593
187404
416171
414261
777631
67044
733413
59137
191516
415579
898163
826543
510600
773486
752928
487117
367262
33367
540002
876781
770867
644540
47064
247296
238199
477485
364743
950263
84548
18458
64673
258610
329223
520756
681841
542046
521053
640793
374548
795262
738163
964150
777282
439972
841296
436909
875030
776050
47860
325371
748677
762762
721027
562990
675038
130631
491214
65678
234655
286274
725192
245653
229086
615375
603689
69839
651583
406206
450833
473042
78631
436353
856202
850882
20104
132759
151873
411743
769147
675363
541468
237042
327958
113219
540894
103930
473922
889037
807333
386293
255549
762622
873995
268848
705891
990260
556590
226763
250080
735442
270176
254582
332958
932191
693519
351298
990582
388417
626217
299681
207379
699962
300499
860127
50692
107610
267014
874321
124686
19102
157829
621880
749651
357252
934469
470429
694494
232695
619776
772068
187690
445902
798333
156708
510951
753364
958427
454089
97293
348580
474312
504493
460435
208507
469457
591884
684458
376863
860720
186477
782699
864237
985877
53347
776839
38891
384602
638062
521312
446897
103772
240933
146359
337529
274286
755001
529563
115868
798583
483724
95984
870344
284581
713142
428447
629824
20251
125089
27822
47771
690737
391506
423490
176151
426038
625536
400242
201676
93219
968830
146094
46971
167184
111451
634386
859128
233484
148142
522603
872488
173942
534019
304922
395843
778909
820872
257906
299451
656696
642309
268377
557706
327450
527607
432886
55230
620290
590737
538107
466614
769264
840631
800460
625035
604997
203999
981455
976733
845792
496359
335521
175836
252620
101759
673960
260159
748211
412909
259119
349958
750291
603911
835043
951932
832142
142783
130847
32873
368581
573320
804051
118839
125185
662388
92941
39878
220985
191599
688427
106629
995283
257766
813642
259805
284279
707290
421873
248487
585631
290255
704383
847449
601718
349309
662335
338942
318714
894933
54704
606936
165028
13535
567313
661594
526376
339291
250660
675259
788655
98590
3802
281592
119426
79260
135509
866976
192846
778387
89278
375426
467503
821887
344856
682778
628384
820163
94734
175262
647617
795617
852580
340802
188255
351521
574112
438492
548858
433614
214871
802784
57908
322464
254320
563270
672261
309554
660980
459385
480951
70044
337794
466852
232720
456549
539779
88803
935269
565907
29741
968246
622246
797117
760219
700237
97022
601869
646937
235926
301218
758535
94165
397074
645492
628534
453682
665566
439696
720536
922937
621874
211907
300089
936006
630895
163983
705679
713774
562591
429100
591024
25111
683433
193439
662963
833108
260389
575322
185915
921853
336831
77846
22629
248835
947404
306105
409338
666099
706979
636736
214144
392898
234363
48343
821611
713298
455423
970380
283877
6115
771698
632679
961930
966619
836136
277218
394955
319257
863356
342341
212332
334208
365318
56891
252661
279264
940032
475588
697389
57925
959227
950636
349186
460791
565167
956840
958109
623418
210621
171822
360270
285396
658434
751119
935566
738074
978611
851495
902036
21166
689822
56840
728850
589653
644680
437875
830909
966158
185770
494713
880618
503503
938966
324965
509107
834245
164813
47886
605870
40444
652209
409877
560137
22663
6586
403335
903519
182222
683924
482329
315489
278670
191191
894854
810185
517200
348106
623213
499487
324117
535226
414870
542391
11579
748388
729785
666599
685169
958327
485828
200894
861432
978182
748066
661720
755609
867479
857817
943234
331809
463876
467646
21931
1191
648643
895194
744478
313830
635326
883123
813396
634298
660158
439478
419938
727443
28650
53929
772463
988545
800266
938990
427742
68766
282279
491858
612921
858967
403228
998111
75586
874257
92876
899050
953374
66773
779106
552174
462719
940483
79479
903339
793356
963374
557190
372346
981337
405091
424372
991328
111968
466081
275126
892682
848440
751117
911446
401795
743248
484910
226727
619924
366640
517868
819261
840485
449587
481308
529759
405729
616327
292810
206924
519527
423335
253901
935899
615290
899893
743986
237383
26043
33206
372813
222300
852013
847145
440930
494074
878244
788668
958437
634818
831146
264014
641234
446194
266686
488591
611212
260394
529021
671753
228661
448989
475051
523561
720487
383973
638780
748771
441208
387504
575117
843558
717922
152386
286326
542250
109143
700551
894685
812980
529471
403927
37032
173353
701671
288337
724343
630935
490648
998777
778128
966955
724544
439395
464161
392759
621880
273467
807727
609517
883383
337546
960954
896653
205986
106941
282955
1320
710438
722055
49073
547868
16263
969716
895688
263628
177833
819898
94312
136456
51462
643240
146447
457076
288876
176638
196807
289579
779653
331507
65488
622806
110693
143214
205398
616797
901710
22071
656656
8682
289455
875637
586835
198884
489972
163699
619506
469829
522008
789763
382016
233325
561485
572599
844463
239393
750173
355120
396000
700581
810846
165749
389036
447923
934953
121008
393918
922696
258813
951517
314021
885349
906384
962463
557153
750323
314332
596040
722997
352816
565824
266033
588370
172447
408704
322511
396977
925690
504783
576920
890890
980168
406205
44862
629987
473440
927894
59398
13780
678880
919646
871308
343755
802637
505596
107534
807359
335847
115842
148848
989078
504010
386047
762994
182024
262306
752718
72597
526457
414249
810861
554424
992698
431900
930204
863095
501985
702746
677823
300363
431652
486801
735769
555351
675010
677571
890843
309951
14708
811835
469385
592115
368516
522248
353296
616718
853091
161051
551710
769240
540799
386476
156984
59755
89530
246190
863917
138452
749903
937252
314692
228994
700717
634409
631706
633783
262017
148178
542637
777748
166065
17375
957124
492872
66610
613451
286860
477791
419790
266802
398654
580720
760788
834116
671332
884487
25203
904983
238470
726376
837832
440150
438835
852280
643977
619533
981583
961168
442659
160960
156866
896636
523676
997403
828578
863056
9670
887494
731748
84951
727952
752057
267813
303460
396517
430894
346873
301094
323881
285155
688379
610289
640707
212758
454451
786495
248279
236272
276203
518896
254279
583983
257691
386664
188436
777842
714993
888044
540701
704323
782360
195012
432192
514558
24210
826111
787281
865525
268928
798245
98149
610813
887655
520864
773406
84231
861455
421278
750773
566984
157221
511540
342205
983901
203429
230483
536455
230595
545944
994115
426937
380265
572584
959932
802483
489755
327851
565407
125633
572147
229705
188705
133755
704846
197956
818241
644666
380448
714614
821713
156561
952618
168601
469149
319607
884005
693146
46106
142762
192633
71951
129178
271431
941146
978832
335563
190326
671205
518308
861579
372495
385243
413333
200305
290209
763758
730419
637541
685144
157682
559630
439430
294513
346039
626642
167404
435826
148771
816065
832874
581974
667830
161493
841914
812348
271935
735636
578658
872763
717564
94262
142490
544207
175869
543016
535576
689175
833971
856019
860842
132489
28374
990747
920116
848144
955718
392256
426587
816995
738254
483537
89045
787468
232659
412297
167286
794563
607147
39871
158664
417789
607172
699804
809931
731803
941349
370816
960169
502980
560625
721423
92787
741275
242725
519540
923577
201948
866813
615137
827614
309541
804660
676266
921307
977507
882947
522159
130147
364899
897676
301585
359904
19295
116055
416569
212305
998048
755913
578041
233774
796437
905472
640643
439747
174262
624834
29760
101826
182641
945684
111577
768833
583837
501173
119300
888113
906606
30403
363884
438778
398994
271943
326892
352321
607656
788653
106177
830711
337539
651583
419631
397939
275410
752711
788284
190534
953195
998090
606465
934435
391685
294679
550929
369800
965899
747699
820137
880828
867891
641477
724428
65464
410630
512017
842830
982430
574627
196196
771241
867333
127658
93275
429447
245088
853569
710965
173624
975993
363079
323838
436704
244443
401923
202924
297648
597140
495344
249783
575864
838733
328654
833131
289445
298665
174437
647255
279309
446864
366040
417908
11771
462204
764203
39782
976884
983144
676095
584941
489682
540154
84618
4686
65274
150906
320129
890121
481333
752724
632582
116352
322037
248801
38041
411480
181141
92736
339721
672581
132857
661163
242705
40194
605982
159511
883929
607962
180117
717363
179430
582418
829396
720182
374549
399280
500438
855984
283990
385046
241457
947668
135346
287651
279192
454777
857002
66632
552348
161244
160553
397358
328826
805728
439889
644816
820274
760065
602240
717545
558206
57312
228749
245898
949989
344224
284002
349148
603606
606618
849633
86409
183813
833866
213197
918852
716572
839831
853478
682424
679718
168889
63821
613972
390712
378231
587117
462303
391076
644605
370510
995145
368504
851096
841461
489406
286354
721252
769789
676125
313194
316248
65022
383221
33206
936940
870685
927867
798996
450432
589303
503592
849258
932841
298742
689314
85344
704593
375246
169463
58222
165656
477688
899625
749950
619095
62832
271337
494898
290284
688146
38417
55504
732903
993227
584989
64683
228464
588440
745703
725628
157476
621960
265461
663980
453930
474359
140016
580800
264806
797082
977273
270580
579482
881469
201572
157274
955642
617400
277454
781397
687817
22822
441351
689948
559301
858797
749118
689000
163576
339663
642915
62986
702804
284194
101658
228715
847275
939953
821099
903833
735027
559407
860535
3913
180384
716719
74757
592606
531351
59984
520546
626904
518007
483966
223932
497230
301271
355588
273634
648744
47657
533841
616731
755012
218203
375924
12346
175872
202083
708903
38739
473026
997286
899643
569881
541549
908430
465211
773312
144725
459191
571626
815777
411060
96695
401144
705245
742428
244775
601850
406351
730863
92526
391704
806820
939974
613733
342458
840217
729337
942108
107252
575212
329673
27870
862284
93676
462516
437895
809868
780385
508442
914549
146442
239168
38042
114820
9162
177867
183823
551131
146136
187641
27394
123999
691448
875089
3109
525268
639389
24682
149403
548078
721965
926222
162386
741069
897463
289339
868590
231052
94910
73822
863121
791709
488065
941073
156412
474743
568956
302070
843767
554796
17320
65288
151333
568969
45828
297750
313180
266188
5400
752163
465457
469844
912674
849683
283983
11111
893778
190708
263201
221564
789096
343673
406531
839523
165199
681450
28756
752471
198935
736401
377786
623534
309608
648665
748436
117598
439463
20887
364222
258666
190491
455330
281079
276665
552668
714158
287559
677959
997310
615830
662892
721646
994673
393052
159974
120846
406914
898276
191582
106541
600948
523529
847423
372580
670759
715734
320589
570200
351900
766519
376900
467080
986893
243830
939187
162919
600958
43494
38662
457857
64374
214234
499118
838219
350536
685261
965396
488244
936686
330264
617921
916947
956051
48369
968036
245380
11967
446975
466610
484436
764745
169998
679580
293379
466257
136003
195583
7901
545641
287650
976888
934138
261913
598156
592269
831343
928248
327313
595483
164338
584489
633861
825642
980789
295338
849433
803353
353517
106834
31624
234855
69932
338297
643660
770407
29150
82541
50596
889303
891051
598664
857730
838226
113882
475792
64956
129219
717484
646216
795112
223087
506384
424403
713140
392113
99813
802887
306310
540583
712377
870773
645991
725737
59647
608023
666641
306544
966154
148111
773072
272995
198558
741455
252738
24555
40358
296121
921912
382331
438264
445242
515315
213296
820754
555520
938014
985442
44724
810399
992355
960972
4302
892570
848757
344887
459243
789853
810141
726222
59897
189870
938639
203411
63296
276428
410446
74108
15821
827453
831555
782270
511904
806737
514640
873314
399388
665552
738308
721970
404359
458325
577468
18337
504975
512916
527038
451307
663196
478910
424793
807303
609344
854798
235216
984934
183926
711329
761357
794707
793266
280457
202825
88051
865843
187671
809185
408269
246424
605115
968276
193942
755436
534934
379018
695723
631880
570659
384245
586049
73977
479586
592188
906088
445769
677170
915406
263386
256801
244883
372848
845419
58058
737782
636796
79137
660424
291444
244906
300171
700617
242269
40131
908701
683179
128285
430127
120216
10951
45403
911849
707333
442241
363673
13451
151721
832990
36588
869568
759506
716364
55770
805944
242002
752442
845579
750411
414140
386617
987714
838247
384225
532217
980768
740130
808040
424002
969206
455247
424668
179660
949751
27265
188736
652739
408633
859479
501807
578479
206961
574696
983184
200888
706029
7987
34889
96783
975319
535023
894202
572046
722073
95996
562608
561514
63075
176478
23370
909209
762973
865711
158115
444122
149317
36681
751466
621978
389005
746385
29985
423537
637483
475138
835945
803436
662732
424947
794674
970948
482423
440729
855825
960109
533392
198595
357792
602796
413163
108606
668394
868778
229834
125452
752034
104872
355003
628597
224820
55116
831349
571229
169053
473617
118538
292484
511174
849594
495117
919874
486715
925566
953180
584956
354008
468400
878920
984639
630948
423643
654360
485795
365553
846296
144060
987879
976711
515217
268335
225310
618711
846015
515276
170706
623769
837255
939710
33175
249616
753403
436756
191713
989404
337929
93379
218780
328804
901305
309783
704488
657314
830451
141805
263387
7748
84753
18988
570540
560371
185393
325765
533929
229416
283171
910912
752228
804747
974935
812624
766305
292814
233491
91565
57879
423941
757888
148917
189578
898162
616303
366932
687007
244793
430303
868322
651966
242748
674261
517992
184289
734714
537619
865001
995579
427349
844065
135662
954420
356431
453578
119695
711565
25553
833864
380594
814361
943906
640291
479378
809701
483267
421097
633452
517382
749632
450210
761535
76454
788747
933412
355756
677079
938881
239738
681210
304996
291606
16327
466464
457654
379813
885107
223577
299913
461860
436353
448568
380495
758520
376503
338734
883634
672309
147785
477458
420053
298955
706710
937601
102400
451425
125308
152930
74440
439563
478155
817346
674918
343911
252735
575925
119446
939855
998598
514856
270256
606646
639592
570880
493337
492092
950938
749588
724290
7626
500899
24210
711300
704138
33976
969610
901749
379907
313996
231629
526873
502540
815901
672539
748056
279240
586572
170403
296341
826293
140698
302176
642197
405344
330179
638489
907016
880420
60993
890537
651658
6798
443278
855238
173497
714546
153250
373022
159148
882306
908769
666001
511225
301103
501092
280538
928571
524438
154056
525092
769135
271219
641982
45178
770527
646033
172257
725350
776910
190523
104899
167841
438470
598710
150959
168552
458425
445902
401528
282722
23541
127349
304926
753508
766859
132936
384975
566813
995365
472431
977429
606215
274586
965972
502833
444767
428665
575316
539238
693771
12678
844122
325371
477630
968510
591920
410019
822074
330620
847857
977067
64047
378424
217313
664402
613756
707533
354338
112636
551914
923347
755285
400758
356142
556001
508464
544243
972755
394241
571869
995929
226912
574700
841633
772132
872719
704490
408641
641473
357492
738968
952813
805888
460889
945647
554056
181075
965409
867318
930474
844764
290842
113933
235578
409902
64820
539636
114761
930965
398970
635106
10944
874879
477943
149219
87797
737634
292538
837965
414128
113461
330820
162168
845534
976020
843776
598888
211978
712360
322505
237452
49448
538047
354709
992819
989309
10140
560412
439246
310220
805189
732829
572668
178025
461989
225385
70852
171197
181096
724565
878087
113323
109111
365676
922648
313634
401250
985387
957138
570568
671295
72219
405833
505245
221602
21713
724022
394727
196473
280561
5911
667766
260101
422077
601751
293773
916737
229436
137478
895220
950425
502533
356062
89334
969215
276446
423620
96748
938773
815178
759770
85208
754174
63602
502893
481853
248738
7154
908453
184116
844708
447193
179363
565594
211369
650482
476608
62160
801801
95631
266296
985249
44145
759345
797247
75151
775335
173623
393959
858838
514148
753233
711083
303704
834986
84637
481303
610703
547188
557555
727452
178285
643281
358121
194474
751730
250600
76584
125507
167654
782303
937020
225989
994564
632554
739545
695440
57312
114059
82123
335245
200521
99241
207056
306122
816875
333297
163
819398
737792
719261
845142
850358
654552
257525
277581
801745
678036
992903
514046
372635
936734
953067
687798
996497
780297
708512
693758
229505
689996
478849
901505
707944
533840
567529
153389
749501
47653
751323
580355
820404
507292
785568
259315
46833
85494
899073
448963
248257
997252
467988
22195
19917
851869
763789
335751
619563
296382
676994
46368
119682
350780
374280
845731
930742
455087
519276
248895
169899
888323
340835
433639
810079
635686
784850
327504
9860
430684
759054
922189
336244
466615
118092
510057
274387
919987
919617
766742
900693
666395
947067
589343
128901
21701
770249
417216
9300
983410
293178
355098
897475
275585
17925
270152
162164
224582
526093
493307
17046
814089
935632
822233
825426
817169
220739
748072
774944
180262
716405
63249
284302
956442
744329
805419
68406
79123
420770
634192
36425
930271
437444
105005
581162
171649
67784
390930
985319
367611
742173
863122
459285
49040
403464
250312
699859
815277
357634
142132
301127
999257
450985
562509
821366
511967
136517
787802
56045
507038
498648
689654
56601
545669
464618
720788
163736
883549
324826
905001
351654
38485
307663
237647
923166
938699
594890
903911
690829
249276
586019
673705
323783
34767
993685
804961
953032
259964
85949
551049
651068
340528
598054
434537
274684
727786
813619
571195
201399
503934
958688
1731
959997
386049
943635
873343
486831
477501
195867
707824
59293
616185
799272
555822
406834
306628
344904
916455
319230
908527
183854
70468
445425
191713
975158
442050
119108
977203
353276
880930
59171
723898
272801
487835
446373
233560
61891
332049
252145
336701
544401
725065
489398
456182
740475
798605
647781
537638
353100
740516
772557
937185
737140
707196
333417
493850
379919
189948
357504
424796
704954
805002
144485
208926
30676
430263
707042
529204
353154
81366
310886
628188
499413
11489
487774
475053
367630
135325
522559
849213
946730
911321
579601
725628
382450
41692
518346
137323
963590
155446
483043
7678
621497
366669
10836
777420
542295
444072
981719
410243
696232
952712
516445
317749
975510
251793
231581
197970
353301
409983
901999
978158
508965
255642
858421
263147
389401
224403
48965
71467
328362
6697
257
362504
146761
706344
517521
116952
871489
530741
388218
41845
920432
449285
486726
973403
941301
826836
473296
157697
813265
146404
436898
493108
718144
359996
710414
672526
568128
336731
437670
51304
194058
898898
369071
586668
700017
195579
561916
157237
764957
311712
517915
561169
502981
146751
278767
609486
533644
298429
566750
430559
56564
770936
990384
692749
359924
532002
218188
534945
991994
524226
470192
457204
186557
554782
477104
43239
439818
543584
155338
293379
683143
553537
882109
452844
747283
941513
873643
749817
449720
444289
908348
50121
434980
630855
863201
946474
596912
532125
675408
252116
579046
955742
401853
214830
77406
595599
413436
631672
455993
342358
311807
968107
91224
760964
991188
419342
258109
294469
393432
699610
724698
701475
355439
902879
672603
495649
249071
26617
876451
962392
722477
66986
156015
680971
471947
743578
672
825272
576810
723267
764443
833535
122244
953694
313753
836478
130286
200650
575982
11706
571524
907217
661059
982544
675118
312913
172179
368794
196890
727269
249755
586262
266735
1372
224425
55650
556170
469176
532549
660019
617225
511270
120441
321970
404541
48250
889673
738498
532434
958015
371248
236098
218299
951829
814881
648132
260707
773038
171915
766744
676252
335513
70505
815579
861868
950561
632647
585915
30120
805721
288202
455574
350135
327785
944015
129482
190545
382855
866265
277566
419312
781147
908912
359022
886022
746168
430701
708696
4555
124258
990948
335940
622337
487704
316361
984069
519977
368696
573396
406998
858846
389129
810595
28862
728381
413248
869989
628090
657997
396025
554173
89208
730932
402265
787270
1340
600835
586085
675101
484382
948669
142050
491743
311713
642014
249158
785459
952828
737173
413093
145361
322919
759589
166742
774748
264633
575476
543483
589960
914595
778127
362830
266384
93734
928411
5050
925038
821315
647149
899415
723568
803515
655810
300581
105702
645716
23915
645434
342345
295702
