268038
848455
562323
950918
949359
747282
21632
277463
373252
927999
526171
165589
217050
29728
475209
310744
344349
665642
695622
879176
848482
110746
284066
106012
426067
261077
833102
52448
278893
233533
71394
889504
296664
959017
330797
974155
756622
464710
343785
144706
854252
436208
624647
377739
757729
940161
681907
434243
82614
760415
637577
443146
311016
218140
495750
261907
679764
585559
491776
217255
268933
642236
238558
389811
819294
543256
133337
643720
395186
353579
386319
955821
375513
68840
290537
559522
371010
671736
42218
481071
886624
876781
548566
85736
581891
161465
600313
767689
284231
661588
19310
165539
786505
110039
917956
633424
737269
777377
509880
750612
752006
70185
723901
712275
577060
715284
564405
454697
702931
619394
654903
607820
305468
304814
82641
842228
204702
496757
631186
580145
369656
208103
149651
802239
111799
890490
367660
161151
631374
541713
474820
275613
784305
321751
559115
389641
721339
540975
41301
438554
129566
187046
613770
133956
936870
570451
311374
365557
158329
668257
554151
88922
781639
440950
332968
453272
362729
320247
234493
540776
460988
874115
174835
983239
857149
719053
22472
425455
649913
986240
242489
212823
335600
896768
124378
658813
904246
118538
860630
898105
134070
425993
82543
182655
215639
767134
517430
765224
425118
881546
854732
195968
798209
802432
102969
586656
478031
376747
848052
189438
542183
24632
40801
606615
663268
538240
799844
37824
610370
12332
383155
387700
90483
400178
479449
250749
562
535200
100036
795424
136541
602296
122792
43709
128185
773622
54741
276702
88682
399911
333103
905783
45772
819688
651592
307851
812368
547822
775923
301356
602139
133542
742438
558686
462078
95671
888722
731909
162650
959817
677084
75340
520065
864635
972605
205459
36790
702109
916759
144082
467922
832524
231174
134217
71082
547033
331478
690495
498085
312695
76360
143584
919972
283822
53987
989454
459145
364915
45514
953640
117660
478077
837684
931594
491112
1144
214045
106477
125587
87759
483061
186188
285202
363282
646891
316645
874925
571607
927138
818601
442666
348230
52230
913506
233174
918919
522625
785071
191441
432565
724960
272120
745480
692642
207355
29869
691922
785775
127335
219724
569690
347805
878391
989840
204074
631387
825830
568950
290725
591123
241630
567296
225968
990738
353767
374194
610862
513901
759684
330510
641394
285751
514397
294063
841464
616985
51407
524541
372791
485939
253087
283203
771901
936028
42966
810232
983841
623363
70177
722864
335631
709683
936767
441415
468334
694744
743321
788459
460618
28120
198032
214230
275821
651479
443546
709166
361642
314845
875235
687137
219226
425966
819558
970122
734643
377672
110951
865771
519677
407224
183215
788355
92579
291786
799804
999162
761656
363125
627084
911142
706407
205459
629697
357119
8583
410083
285519
528204
650238
66654
360036
760688
727447
636334
917654
430760
412465
945124
267964
573708
495849
318568
962272
228312
409158
617953
728954
825
31413
12653
704940
385669
90435
401468
427224
535328
908841
769186
728165
269438
2834
901820
28978
109643
446824
214818
956058
733800
482571
36354
280997
800642
590741
103380
822151
846262
702138
117372
7185
737797
109869
636847
743316
791870
441297
179846
180950
576080
384674
711018
688875
74271
199900
853515
824001
859021
777816
353853
712054
840995
656178
950791
91381
339585
579702
964580
728648
365536
190367
399700
283655
578032
931772
958613
126726
967137
166844
423984
634510
402332
837742
889587
329604
150030
543861
366976
673185
747924
118893
9854
815366
537787
203903
848108
192965
693881
945312
700464
881043
699591
941435
500885
850893
594140
918052
87445
417327
77733
110029
626842
845337
141247
630882
182966
546937
725753
930780
777565
902445
124851
486394
275060
974430
817172
576333
152126
960037
588268
485412
280494
209455
779560
907027
511377
723050
270383
991616
152082
364623
419842
39558
970373
646120
961190
587688
838618
939717
51571
899767
992813
278286
753464
125543
712917
28723
88937
788716
875975
153551
346763
765923
400355
102417
133447
825129
610003
19947
875055
741742
158204
926150
778354
465885
233301
415168
552388
408763
328775
855161
435433
373521
744552
71155
31178
336006
543364
440854
173751
953359
700109
480005
801329
671505
329856
882468
55405
272029
151023
295151
749567
181025
429671
799496
801644
338600
406776
69798
732187
54270
853346
605800
378798
636389
610917
39796
390241
441453
325557
748008
348297
990534
158468
139310
745042
576721
176206
902486
936204
146959
57147
435843
424516
872771
94336
82552
394208
978414
171735
235231
911576
834207
724301
350846
732346
855956
511059
296336
143013
495963
114072
539014
12143
943372
797656
22690
708882
240754
981857
57331
360603
721061
639654
659507
851313
652237
241953
301519
908434
889528
145709
242054
38540
934241
858159
376671
771143
50781
98229
9485
8039
152271
592508
971684
713736
801034
714554
588803
877901
943696
260307
326796
233016
560973
521586
54836
595075
488077
510545
806423
617378
356158
210388
579782
567865
747156
690640
235277
773996
450080
560576
612759
705784
845079
191510
470503
521610
23912
503525
433783
130695
533759
530423
811814
446122
959059
489938
386067
727579
439855
43071
746373
873126
42038
982970
940262
48412
805103
293925
777265
562646
671981
70443
697302
77866
411491
580754
657558
71511
217847
481493
605118
824840
801459
977567
903463
270883
594729
485124
261984
203697
921664
79288
677172
760314
693335
105688
227929
556153
362907
393612
607552
971329
295100
107750
773211
262502
625436
401861
402942
374491
171789
40585
675564
272317
780360
605215
684317
427608
369637
657755
248313
313698
420985
854907
400858
615001
482081
107650
280246
929193
756776
580364
367140
627308
304081
712589
956793
512853
94804
622850
269489
907157
367744
935208
214983
939663
78576
503487
746335
602847
869463
491277
124968
582163
321219
365652
891453
890400
62217
967629
770955
356547
89571
217364
110937
286029
297689
667919
913580
780318
482265
855374
934539
401459
925503
129425
485249
455058
55533
519465
714149
852
828890
587837
261857
137
95068
237059
516847
954765
399827
130056
25141
548465
179283
347904
285903
923872
977322
621672
911065
872801
13140
798353
864855
756139
61725
919888
731166
17925
274365
73336
524444
935934
742713
166014
569479
377781
788541
273251
658549
221586
299261
861259
844701
654579
746286
609366
657879
949193
311858
152879
492800
206289
409756
65963
278390
766437
903851
918622
476176
317726
221622
979611
135476
874884
628037
929435
808825
642874
929135
908398
434440
260239
920475
915550
822508
388448
118989
421583
388816
105843
390691
789898
140383
458148
102185
378378
171899
533127
114005
420914
820487
74922
633358
610483
423075
113848
701867
928329
336196
685513
454492
740471
680307
723902
528400
211935
683409
494096
401648
897067
603446
458259
24500
482933
317101
741599
712973
621801
316117
145278
903733
106305
959512
962896
292391
15465
650926
648885
683441
134581
435556
831668
554119
208374
132342
886156
62063
167531
404439
988209
348203
39580
612383
168599
651753
98112
66150
598633
587915
140986
873863
358990
955719
759972
347533
260873
62654
19098
715573
217949
932649
412850
770668
118498
188677
874119
577844
652173
159063
67480
617212
262165
350904
221188
292260
73013
212567
742140
877174
328591
391868
273090
833582
81748
392427
580789
81960
779177
154668
990501
464011
266821
549773
539757
466239
596014
218368
799370
640452
262288
468897
367865
887813
8896
418497
568912
239631
947519
358024
448265
279059
412217
323763
175977
666871
344991
6975
197686
447902
316786
858313
920368
830284
357868
924805
330101
994015
18737
6415
374326
930629
649675
569977
345509
705743
176112
334948
317162
856691
714440
690021
128385
68273
100845
624504
479871
320108
672353
897186
563759
177459
931434
849131
660159
847679
633889
348588
944615
699140
236443
568426
159252
227793
220137
935619
939538
96872
137988
209124
42118
880202
391324
941049
655353
49284
156616
30453
533966
385473
972088
173227
51770
205200
954849
441265
55693
423889
13240
666445
353678
746987
431905
871361
730195
680566
270724
618474
542888
667504
202716
903105
259110
181508
988861
748293
813952
155788
293967
967602
604606
699974
90884
850533
76395
471514
866989
663110
465033
750782
352055
915980
954324
53696
187976
517144
996046
150273
760523
824848
392671
787250
105337
822237
357704
34873
326174
879071
344782
896562
30234
940399
867351
78840
230960
887352
502368
952392
245041
126909
160
230361
662872
23234
748633
513948
650520
222150
473997
808938
963467
572678
219245
563200
867643
701911
74124
634686
962587
533252
512445
594196
786010
945910
184518
825776
274002
779169
976218
371112
317140
457456
211069
900060
677666
620012
391083
635348
427340
690672
177648
421975
891346
849574
958881
141884
670407
928332
268827
846650
922288
831972
294456
226402
74714
250616
771106
730747
838952
587903
790836
985639
568176
948767
806226
493273
29147
529810
860982
265779
594305
42183
652086
182363
625387
979858
74311
78654
335344
631675
237383
467523
273210
549227
752300
337642
452818
182534
510124
751312
78398
46656
674463
703826
59229
750897
928570
930327
234395
711911
283697
591097
60821
77932
363590
97758
292046
356326
173002
170582
134010
916223
739220
218023
56021
933752
857068
73320
242161
624194
833225
739621
957371
586764
523027
860275
52565
184230
657019
710344
676593
930806
687917
415233
741381
593829
826682
583893
78622
478805
799189
85638
294214
66786
144869
926454
273927
463667
34773
669327
890116
924979
244109
391104
199893
806247
761319
682670
495543
161393
447462
68380
421584
203854
338004
844847
406853
248313
581182
865677
898163
129523
828948
814659
289026
401949
809092
787980
49250
576428
93804
426977
828935
195725
285399
560365
281464
165627
310037
589259
207131
644048
264279
713466
591568
655205
935024
510994
242875
637588
77537
936215
156153
601887
208082
194571
492361
151946
112439
420847
809308
269406
488154
638240
752647
345799
939591
309894
679777
332628
292636
293653
200648
145120
15289
634125
742825
5287
283140
782783
193767
767449
327240
301480
77321
98724
771838
719094
570676
823024
848018
166376
253100
616643
862034
62937
189228
608953
339703
117442
895481
576721
88884
495222
378687
489732
731637
724885
583451
599234
735222
306102
682175
232212
398441
231828
74750
891435
901098
237887
462679
399266
328413
748285
394027
278592
546094
66026
466762
172040
580791
322638
725137
234846
765270
682652
802608
757378
714472
213557
556503
62971
530823
439867
119194
719604
880002
750774
737961
559352
227241
685946
223836
153976
948708
49989
808773
730629
549405
764796
255431
1567
27217
957921
39271
889303
29900
831977
608291
853796
84187
908083
262550
217149
809471
260138
605759
605118
953727
362715
573310
42751
494710
665843
997686
670152
851675
900587
504526
29957
33188
193940
874367
560715
360025
907997
627975
354636
186238
908418
296049
742586
354825
569264
71017
329429
329462
340127
172419
103928
597336
186142
556595
524619
757646
290413
647256
128965
51294
453696
272545
733862
390853
472741
707634
169277
629948
111765
451493
718481
706694
58559
251778
412252
234299
828452
688670
710511
684035
44064
212755
790439
566953
343037
784010
432681
738342
638999
739453
224015
964975
970963
360489
525964
185277
236731
901803
819845
734506
678555
590114
233780
978508
553301
520069
870261
128507
560511
113560
954166
910203
459872
266203
480798
758012
512679
605419
512324
464766
242625
793571
606863
317444
366428
896081
538980
959179
496028
61786
887065
750972
879360
341513
803363
561769
91492
855399
702786
302534
555185
608175
577187
271979
288966
852534
256627
381058
560966
507566
455120
979242
829606
967950
97817
675521
351982
251469
14650
653340
589008
670548
535750
407614
4816
268712
179564
658171
771717
179904
183037
882381
686997
571690
71209
222948
883059
722687
243525
27659
422330
388656
111825
290654
286678
450285
253638
295297
820935
48819
338204
15781
651550
801334
414986
334700
564893
821963
443142
326273
781233
943809
68282
320644
515399
589804
706612
510263
375318
65328
482427
472980
846157
139657
972006
226225
397794
424469
280494
594169
925964
575908
639155
79855
885620
877179
430813
311768
386584
867652
914979
709330
722782
765952
589655
13617
604605
445991
449561
208294
650146
866768
742891
385333
533487
35501
774015
90284
145359
322630
135568
619974
505686
792626
72698
159168
175432
551083
432870
668466
996545
617479
801559
542521
171466
224497
549426
167820
114281
206358
10773
434400
372130
337381
412201
132036
276057
487188
739660
746892
379444
720021
904833
403910
390315
962297
154445
778050
57213
8467
621492
248276
37871
882969
590702
441070
129755
794012
243704
196719
932155
452709
9691
496245
325839
388633
682497
69849
926449
497727
41226
862862
186434
127505
563712
587798
134124
46759
498727
21872
208197
888400
748682
489673
116061
726405
765887
313428
779658
932397
93912
799208
743652
698609
495201
482412
246759
107907
856169
967816
102626
635426
814914
488927
79379
67198
762500
321065
522062
716738
137633
867341
725647
164205
921939
897175
248309
380980
720584
841869
397645
303554
841900
838762
646891
418444
475537
983045
438120
910596
435175
840195
513021
814193
28762
932262
664274
694610
492268
564393
365768
264940
829236
999742
796102
302452
703683
644236
326959
145543
381564
160347
2854
955918
952160
404073
719191
66070
942728
742716
517720
994682
760446
137928
26008
138873
393080
419437
155731
253642
602029
83679
610478
375702
558300
41232
702712
315406
597095
587893
36538
529353
292013
23664
340710
281822
737102
444025
940851
426419
602347
238291
989868
487600
208199
273082
417704
506086
722318
161416
483055
705549
986098
211141
5171
564739
301458
39543
463374
523757
504192
921974
688072
98992
568930
930022
390209
688466
835396
753711
784720
299377
249025
727476
802975
524738
282360
407151
623669
65247
755626
575390
380889
759748
765814
849374
948219
879295
162170
529504
190639
171537
204812
553968
670287
154055
702328
871607
840980
905720
7415
118273
751387
637234
15190
606995
546965
972720
308618
216325
785926
121547
157236
51648
690998
785368
889070
663084
562308
721621
691359
552339
821127
476559
192607
262240
596100
366757
394280
808684
814994
595538
487687
956194
464823
37725
632083
15338
434690
635214
622947
789092
985537
87541
103322
569804
142265
434763
634518
967091
336142
889349
882712
594507
764549
308185
978831
624766
50647
28854
819759
318249
151124
494498
339571
610450
736084
615474
280259
347250
157687
600564
934718
831703
111370
920815
138783
86568
870972
87673
328519
791926
401118
932880
905458
765681
820791
13766
897855
977512
316229
456485
449887
380281
882147
724316
831103
956008
663039
141344
890982
16097
720380
602441
57253
880642
497768
152560
488642
83614
40644
867514
594896
153822
970305
481291
899132
777772
291223
46162
907494
968139
248834
947043
297560
746533
245157
487226
575117
806614
100834
534660
494217
888630
598653
370414
305759
322119
805806
901768
992743
693075
946878
657346
502806
972454
519500
963871
277113
312752
695750
444915
244463
828457
810458
220632
914823
436873
590315
482157
274765
943265
332239
719703
719641
397049
460705
672298
558450
901139
654175
459588
747214
506696
721243
382422
456794
461041
255956
73582
855230
402881
721522
487302
826313
163736
496873
123542
281198
788644
957619
6604
151134
990406
880305
989475
282611
237202
805966
348681
510810
369701
773235
118968
307195
327273
684497
83784
533720
908195
239456
536361
174403
315445
306354
204260
335753
85301
319677
999963
716932
395094
887272
938992
169270
581184
431059
346848
641530
4534
969964
650137
653624
710618
973447
624732
124557
125030
620381
123466
130398
235317
882188
26336
997834
858440
803044
211547
892600
509639
314966
579637
663907
307365
125664
563491
720164
280360
363228
354085
166462
358373
752430
857632
892552
314492
596322
324092
269535
148560
319480
681140
274086
594169
708863
284452
126593
34941
321269
742383
787730
71672
186481
69288
741246
68589
33795
640257
669245
941183
435933
201522
625927
157165
160129
564779
194132
119236
351943
509333
376626
989758
286173
56113
610512
41904
875846
570621
425370
834443
499879
124161
34857
120875
110248
968167
408128
588574
11641
484248
707652
228313
33412
205200
771804
401983
16068
944273
242470
660038
771805
251001
943345
712882
400253
424683
496426
597039
583529
568152
917904
22071
282367
951841
166995
899512
18194
551720
985307
132606
467571
715233
160041
817174
442338
938816
468718
460407
89429
24946
944112
539582
347754
337331
138556
554908
13068
618731
84128
813440
634151
747429
986428
633913
860528
525600
577603
984819
202150
92954
736386
780373
337488
536581
930274
633700
20316
939883
768420
237657
342285
877253
567251
241175
820619
761478
111758
488727
376200
942523
359656
180904
861583
479601
963844
940734
181174
767367
441181
234413
68307
525665
540028
721990
486135
784075
497531
783162
513503
35625
969987
287115
944322
368997
654730
557137
288487
390414
624731
893581
726046
548078
33890
774042
439915
935721
23253
745894
329772
754491
641316
674455
332443
15967
259723
140035
767380
490726
755344
168409
429697
194759
789185
247087
241092
67494
388901
795651
704935
613212
316399
263890
522375
979086
468546
64723
767216
39548
276423
687478
97449
184317
468899
282566
142349
384531
798913
791610
116990
820763
906863
507820
569368
663720
8
821441
96629
293395
580778
596535
957659
705434
537378
872005
960603
88884
3974
446790
738753
202815
700572
467448
30342
543017
688550
403770
12782
69971
53600
9275
528232
929079
367423
999336
444411
698784
9153
902361
811732
512645
491335
979661
187809
598164
730943
515915
435282
84967
830816
969526
753524
559848
245547
311820
680760
570279
892885
160788
800497
825172
586833
313016
432688
75542
7185
74170
540231
165046
114919
45838
402259
594253
802441
821286
841814
821240
639137
272507
989200
813809
701416
31259
187688
233928
661044
726242
652307
731254
726778
11014
394264
753820
915238
389454
780734
266863
832003
474573
128772
449064
50771
449363
290207
501964
34846
235079
71615
53123
251001
682421
496200
856552
700333
171263
880886
722148
636286
228970
62799
406713
516436
182728
237483
11481
387331
602391
64208
332721
80526
867434
905496
655899
488294
174770
772823
647974
990239
595232
845911
173043
798092
267055
910891
258324
273700
914951
853881
768646
141656
178269
57305
894674
490426
973566
633800
92645
348638
784678
645554
707949
641463
787977
589819
282951
28212
752446
645106
467547
984214
882072
588037
961173
314651
376828
428578
422153
205739
544985
314991
594199
695348
935968
916143
264530
695945
585764
621731
449640
583715
234223
493962
602381
484435
531038
707061
775785
801698
479186
640310
545798
751158
980503
967086
281187
908335
678616
148154
544656
86956
764605
896785
443760
455578
391758
875409
144688
348408
721206
829550
778684
286958
637816
121249
254084
501022
789372
194929
953194
543240
429678
698205
544213
603719
801692
232339
150815
502177
805335
838468
646265
166625
962302
769354
152744
239144
941221
81836
889249
185712
54355
419544
867898
311597
865981
305449
634393
444773
254094
390756
647281
320303
166556
399284
327863
661707
915512
27947
177109
140390
978180
509019
309354
901936
546130
539766
529589
465951
448187
922377
278761
311305
986224
166254
777776
831958
148447
922985
613133
30060
856903
166339
697430
82470
371519
955831
161780
883444
370607
553061
749342
414068
752972
322530
211693
610853
126936
450327
760594
775790
423940
665001
479413
794130
656665
698923
420685
849897
982487
558325
570238
669027
411901
978628
743895
162373
358943
710300
205328
648031
865258
680001
117069
121299
448712
331339
256540
526247
438065
873230
211218
552560
111359
245237
376163
632354
11145
412884
244031
947986
391248
975624
848755
453567
63267
348570
770940
260096
412474
93971
486437
518735
672166
7069
344690
130699
578636
778442
827891
417674
645614
497552
356377
555464
516630
651553
105670
577434
245522
722323
765573
619540
9080
843042
995001
809761
17643
691640
249634
406993
60054
329570
595782
834791
682939
100010
542007
629837
658258
479012
644466
3029
977348
960450
885361
424320
90625
216857
52743
317825
588036
549706
636197
74862
138585
965798
74023
312087
165767
821354
907397
320692
906829
418496
594683
364472
226868
444652
744741
554515
839480
296003
768623
26873
192529
717681
364485
811738
568090
766078
514477
678383
946314
363564
532075
474091
162751
935070
156245
858543
989281
814195
469202
504433
120548
81438
758658
159352
51774
135210
957106
265892
429666
606353
630392
971684
91355
561501
960007
135833
543108
512445
965266
973093
297947
618770
134894
607566
478510
823015
443744
336894
750557
302128
722193
639103
686472
649776
648205
13640
381362
271699
260525
612652
743646
968286
643908
576855
257016
490968
111021
426477
612420
518486
596344
49035
44114
572947
106218
883103
152537
449015
301940
118515
218675
718444
669074
862734
25848
466650
144386
589962
319352
382231
898670
345168
630005
552529
817371
873749
692326
591082
993599
663351
974226
547256
223474
263361
630854
29507
732314
657568
724222
327662
809761
790626
621895
956902
785653
454184
850236
399390
600957
503423
568109
389887
190882
39664
343475
282293
638698
205076
218739
612608
895261
308641
826202
74833
908402
359532
998773
217832
922925
895961
639670
496977
49736
153511
603327
784645
656785
24923
952479
56443
988716
274030
503064
693652
668046
675518
8060
527248
944680
80696
111555
118310
478260
979101
185337
242431
176873
90550
191258
555518
45960
742454
723458
864008
243968
821428
886990
446564
672409
572749
58380
803433
23539
88203
440467
985856
429401
800400
787
345567
648422
836413
127371
571656
214627
504932
293469
259346
583219
789391
832268
295741
792213
923079
294218
806766
365617
888049
685534
869587
201604
730263
951195
709448
304454
480012
730851
532658
769493
693869
224346
167299
561345
453386
421184
40542
114072
945807
206534
431034
586499
253636
98432
617291
463256
983152
172633
442270
82502
951798
675938
368572
903166
309860
319316
778643
547664
287341
65501
519597
268946
191800
412374
348150
948196
786921
142765
982399
682702
728040
943830
202118
553297
879051
774685
320123
713081
714049
75519
523041
316920
974255
32353
136604
368777
676490
699174
984174
181290
214139
847516
384004
731201
358088
622826
812021
471632
734978
201937
361484
767332
54952
569940
476788
478166
773543
115371
960327
370575
494276
515401
445502
578530
253495
223011
242957
61175
266409
38029
62897
332136
10197
76407
343290
658131
184124
848833
904575
23152
761568
57223
242677
280886
557607
251201
10927
864070
880054
197527
51592
542909
836872
514408
339151
939162
861086
615639
562764
307310
707238
745035
532842
88225
631023
967020
854079
612587
957423
756339
214551
484817
100860
358799
608134
886819
16755
991327
621001
859699
615195
586607
559395
85981
450915
914733
958844
567347
407440
880855
46669
644935
899382
267258
557818
383072
155306
521771
323771
718578
430902
719220
934697
397760
158758
294953
728838
811496
229917
567206
31895
610271
976562
734095
733736
979699
858459
252438
382755
418612
134154
901414
318441
616178
790064
129289
335863
118524
434895
52837
392656
202086
503425
46949
516345
458363
568455
961823
492905
900153
562522
738987
58493
167556
361910
69830
424934
349999
220392
389663
502535
29728
625694
822704
602407
562915
635759
918176
602588
981891
685418
239337
628438
340601
376989
172380
91331
216097
155715
405443
716118
360444
678900
390893
542470
419959
332650
625689
815645
954183
672183
474967
255620
753195
329592
398078
473753
633913
251325
685745
875471
848732
720260
674053
381414
121726
188176
889683
691575
513411
145308
229102
928231
643380
600576
689251
384649
504859
630222
940745
648166
680823
673735
554564
561496
866882
560629
618468
447667
210653
32176
280284
597386
535237
267306
121487
148363
461975
524480
795240
906516
659140
718238
814482
133963
807403
951437
136006
836092
851154
82588
839215
842089
363383
671134
947591
55856
816933
47167
2908
411547
713660
855269
983598
950231
986769
328174
181256
807090
709458
613389
138956
346630
312346
730861
280737
416819
864556
347025
883488
201829
2182
147634
801686
197818
581346
246727
11259
71435
934966
604133
671347
112721
383106
195308
409062
475076
666334
578943
576346
76010
42498
473205
637817
60946
195117
49781
149403
775092
561138
42939
144762
304678
400313
690241
600340
999487
186325
416521
917006
469325
528959
819120
58112
526216
630188
471879
198242
711059
311432
117472
864881
442492
278445
488673
132768
27885
18890
749806
941918
970221
696766
77950
75318
77481
538413
804523
343653
912828
467096
838795
660855
445537
411560
955129
412267
661846
67499
119053
193724
610481
516197
186857
590842
892140
912115
881247
951360
913363
336373
996896
965348
65172
93468
588869
716307
571419
984127
721332
388516
54348
98644
991855
743812
834686
404606
747258
830432
346242
861201
841605
556140
80514
479957
913941
550051
303614
234560
844426
635033
292876
309172
857801
858855
866942
124076
605616
784085
813809
737716
929391
410747
680046
826017
508790
36240
943715
11367
750138
422138
807292
225933
27065
205363
318785
957914
419074
320650
647232
681917
126009
408937
469048
772031
950808
289276
89625
680843
707243
4898
38897
987585
779132
236076
23474
578085
465235
725142
807986
817722
661417
52572
922373
304557
109614
213357
373448
262483
18615
143677
746867
645724
74319
225659
520466
927170
799583
617749
22592
585344
816425
537988
655750
605740
823866
173919
28878
116165
541884
606715
336070
284211
344955
752005
40403
769897
740017
79470
529308
294557
436876
35157
812665
438934
487022
548580
637676
665065
599959
22690
998017
65867
924789
805574
87541
189090
653715
261302
258322
926683
615502
545256
162944
315974
271542
577007
108861
918238
19529
82590
416195
812349
624301
227628
648343
934337
872798
672652
518165
570790
93009
626575
44220
423411
31252
866925
714145
923930
544578
44032
611234
959946
499134
760557
540610
919531
815925
591867
784976
822531
513252
808996
84480
824907
759849
525208
917687
180458
408743
492468
696745
271836
849942
548693
366597
240105
774690
556368
851684
817172
68541
380026
281433
131128
102141
812974
233472
163902
795075
899750
223717
999884
672470
62182
964907
421678
476705
951778
441964
50588
70592
959504
459690
23528
277463
919891
442053
52230
723104
20769
754047
749990
280477
380704
982802
425386
498204
13052
373841
792694
998632
747915
396180
538731
642865
356243
670840
252882
779769
797806
816879
665616
318289
661143
645285
269977
962986
963249
339947
74621
630289
487056
610984
7094
988467
980537
749544
708414
459075
701245
242480
961294
739593
996630
919724
362069
958660
3594
386270
519295
174998
792322
591248
827376
614023
665034
643752
423022
146502
504153
467532
981033
204494
223379
684328
689317
225477
388748
236638
221683
605438
85969
750314
697883
419358
291450
920202
254395
58430
865897
666025
893537
970707
900572
794100
348301
387786
134459
434816
301331
93590
515641
144056
46761
775181
873208
650457
916098
23852
698388
555187
162809
187103
927439
869028
769818
13683
85736
836380
287106
975907
166579
898793
242873
598558
907011
12446
491064
256317
243883
678180
756319
39000
360051
293854
403728
432910
31504
494643
857580
623731
793505
147561
38961
771156
817457
320647
393527
631750
372300
209081
301313
239041
80203
232529
405537
817612
959525
579230
898697
733859
999714
233340
248639
719681
234939
893269
573976
418528
464196
699469
350527
292270
571882
46955
935606
172720
898161
946696
876125
185028
223021
18191
697788
16882
304335
658327
756767
336545
261514
28703
944455
18400
157860
570807
44981
483069
348541
292593
330811
48236
826168
628315
329018
617218
846785
715148
280429
575036
144625
855536
473053
126061
398489
899109
106582
593924
937234
645446
69019
790393
587091
425731
894634
228674
115615
513251
698863
354523
116777
605534
995167
723542
190617
545713
951855
126853
796364
236678
710180
81263
928405
28883
297674
374860
955997
48661
468410
992792
560966
540349
478067
854007
833002
637849
92361
431336
143342
219531
580206
20809
48930
212873
935350
473466
805820
100044
84463
264206
378837
411850
361151
688874
107834
794032
892582
300559
128082
943503
854241
551909
459730
80298
891409
804377
761182
922480
49781
610856
562721
381267
715306
678585
696337
861746
100063
698789
27915
788125
315654
311400
628757
610124
755069
691243
818593
879742
975411
277454
878601
461464
724482
247611
683298
766380
603100
160829
413180
539180
99684
599902
769391
269765
325738
593210
818570
559580
129588
504143
390700
584636
725556
637970
158405
192153
726981
136407
858603
830236
847217
897680
580791
177430
767499
558482
624904
930898
755418
626605
27365
295756
779553
43514
737664
806299
63498
168173
871212
340375
196866
159714
254462
939729
380825
647284
460054
41126
293786
469926
801322
442798
724118
225171
609902
22064
336828
355394
107342
975978
297031
730483
967865
870872
682480
202252
446560
671579
780991
494718
737753
19681
548204
87432
163466
10527
712746
46492
694379
98410
933565
989352
904086
809016
938001
277474
982614
68328
906556
285123
709809
658730
255255
787777
656092
58978
941449
59786
712953
283297
552914
193921
238506
148635
794372
700354
22553
607637
618033
884898
85867
172210
313134
661098
683077
236046
381456
870432
475515
73186
585227
619727
957446
853212
21580
941677
397498
349775
943157
239469
914614
603857
362326
123659
103709
607881
68061
740482
386198
752495
437549
758430
514667
991629
700164
896866
507460
59656
949252
18315
646556
860559
746532
452531
550466
997799
985000
288283
568282
240208
528767
305723
516712
687440
579791
420412
382549
884885
481579
818327
766019
247191
909684
287268
29958
609677
527818
5506
661652
362414
968906
341027
771238
836796
642912
333580
263140
756343
470307
319193
365051
763427
144989
413256
530033
700569
24313
520180
865616
555509
228952
762782
860758
635770
218002
984157
220644
949672
472789
81295
792889
202438
907335
264178
928568
675977
584383
74974
184711
305723
595966
732913
347277
966551
474260
727104
727918
764595
87166
873867
56534
552305
18928
849026
451021
602647
860329
851910
612746
140036
302929
963003
281019
918065
395540
503837
847538
826139
965154
165094
742128
642258
784377
176248
602841
801987
42687
81522
6078
73423
553345
658110
701280
679871
615950
351098
606172
671927
346074
168307
259811
296885
590149
492157
503717
398958
910509
568152
953135
542706
549707
74582
488144
880790
190320
415525
648999
194248
737538
960721
250702
336112
921637
96713
507527
414305
834288
192343
902152
239044
923562
259661
730053
507528
869778
181354
410338
504952
476131
569370
231812
949767
172578
969791
732428
307024
932946
468068
282939
394643
864058
115037
101769
948323
204248
741576
95474
627796
876875
193596
525149
787900
502378
611146
229289
444458
875086
700522
191001
561682
91818
34433
136125
380492
294698
498324
794494
81230
750583
388058
219760
798332
356221
797104
752000
718844
453575
525464
387459
107747
23481
693947
648724
632017
147623
867279
460993
203193
512544
754924
717967
243919
2027
682577
486522
880413
931032
647657
415434
753835
527485
790733
270362
874270
902084
193938
153188
706699
666668
969836
358516
868728
309469
475216
884937
647179
259147
130174
942691
421455
943397
288717
904566
346841
370803
518392
130093
751033
137224
505685
498676
623979
431567
195035
158069
124162
776990
260827
160413
335347
649308
89055
543648
714272
190752
835876
953220
294018
649197
427260
464233
582837
309355
33613
570859
914598
68118
737409
121939
435400
58918
533210
950567
254496
25750
548017
294235
321229
552170
803768
48466
848549
377989
673028
10294
349292
58512
119890
946062
418328
241019
890221
468378
881586
281180
868906
347579
10056
365998
415651
46047
499847
837855
995021
889585
770572
903987
296345
726617
662309
800536
214207
73312
472945
702827
406000
539047
1037
594896
795218
157716
776183
682441
463932
872123
655293
591811
708024
152805
423519
33816
173908
905352
302727
311259
864482
195545
216355
795692
667798
900601
965615
357161
124643
94649
188862
58765
796014
698349
698303
723074
717524
48978
591335
452909
823279
785713
834789
432311
730206
16400
740320
74065
997999
955280
325632
88299
297840
278196
365615
606944
766039
685362
856822
254206
878077
589272
327394
273256
734247
544629
559528
134274
723960
154546
210426
187423
640369
546607
455074
882012
247203
799146
206467
793622
131689
506983
519375
185776
959534
372828
790019
165686
72851
391827
205011
905794
520067
978942
38669
413350
81520
996496
826096
430271
9708
678684
987701
546209
809716
221817
475116
160858
346932
398337
85532
621811
723256
488626
738937
465657
550814
490100
261721
869930
911911
760872
40518
327200
88006
127129
378187
186560
815168
878878
526963
595697
916208
658078
561997
426777
515537
948392
218619
315056
4842
398875
553836
557972
66035
66140
999078
716399
12688
837720
582847
154838
130090
695095
97297
683796
411875
804569
512818
189999
617491
795553
998708
469822
890280
316194
384566
159284
529268
441274
780948
219364
420898
934721
894514
49731
625275
344486
179209
690418
659763
873302
918816
362461
938491
193817
54004
749225
593050
675365
174026
722915
141766
961536
171882
108862
42001
616383
34557
234190
848799
192285
834963
724440
279952
299331
432861
557156
382124
996623
322135
528313
320832
296132
216689
472641
61178
352489
459699
412517
104131
49076
652237
638579
872684
1090
488222
63019
488805
785590
534713
808671
395605
200572
307997
266301
884426
936909
238883
9648
85877
745880
377546
923892
156302
304582
740490
75408
463057
118730
341502
965938
597117
331789
134560
60860
261839
815183
449883
478112
494652
693863
746259
505306
611961
756730
233562
830888
672981
152042
747176
574038
234535
374356
144413
529062
916240
986833
59213
162485
275093
268077
942651
153551
364988
16650
794451
718216
314771
846190
115051
594931
888990
720884
663648
474152
360682
766545
580423
798453
482837
801935
547502
591102
799820
219083
879126
373448
520067
807053
807401
247888
166579
979240
578925
158689
664810
636727
58416
733227
447982
470152
219130
306052
177924
629998
157662
56293
986137
966540
874749
262505
57666
666206
731869
942937
511844
492662
171016
879661
293798
219496
994452
614881
714414
759432
607823
905724
467862
196301
119004
728661
422816
618230
354561
970654
514758
307416
283884
712695
380994
291208
225968
443374
232795
532824
326333
867435
660003
552116
329922
787153
986232
469816
138429
911690
316620
797251
604622
745283
5770
505471
297725
189932
207333
289285
684161
546199
973874
950387
477256
69722
102415
107240
349743
166395
721055
636727
823156
540983
717960
492170
343799
848778
894994
631594
338435
357298
302660
199513
736922
961413
435986
912578
385379
362904
371105
738339
425684
902646
416160
233801
244375
333937
369168
524294
638710
418392
520147
508406
429587
970413
178684
676703
818239
565716
889572
47238
758328
724503
29137
865468
877172
182398
309809
592932
950157
573761
884985
314461
343709
992411
112170
154232
236467
997440
53375
584182
926837
754698
303337
270954
90277
421230
340050
310687
15051
420288
285567
487160
482340
34912
722938
1443
863252
959323
299853
190483
597800
975954
219146
976978
797171
769465
495351
849141
409019
757421
621667
805871
174690
171020
282210
534910
712192
797819
700670
478377
486445
869033
472633
853066
715885
89187
641745
653567
346334
578350
190828
550670
278847
457842
111555
768547
433255
134870
357375
70210
681792
423984
851672
909160
963848
625238
149100
392869
760533
170219
67548
487688
841853
471111
562131
747823
978254
226052
272442
572617
143581
85384
466838
903032
150107
141964
785144
674030
337923
346405
758954
293845
255157
168366
999222
484317
317902
509757
466061
516397
569939
111477
3435
503603
496627
646440
840169
583104
866263
819908
95294
255818
60280
17574
722810
713858
826306
858969
514119
328712
256906
753675
751031
457153
278948
406493
259410
729484
174000
972954
210151
311908
136344
599384
984086
57040
72012
88408
707024
411456
456537
829804
326480
798204
363771
78045
638621
684899
496028
882706
998634
183022
82531
265010
867360
592099
970305
188624
403616
135545
123166
458546
760677
817188
87181
58583
881437
311281
435181
51760
550189
352402
900536
238510
353182
524896
216873
895144
248741
466662
164021
490603
60964
817548
880175
8560
84781
197782
838583
301631
96957
879498
263043
879525
447258
567074
200977
8364
9660
164632
668920
60645
119708
834089
984157
219787
609534
427230
595719
603179
282808
946150
913065
427869
940552
719418
241121
474752
399637
658360
411639
739401
383456
13044
671755
143712
63594
508852
890359
875872
380026
982595
862657
193965
545038
916861
627164
906925
477230
900039
436633
369038
567778
185660
571157
86118
386277
341395
935592
180572
764608
374527
868080
102418
913991
672527
344719
850419
580823
385616
832532
873753
125271
804901
469729
891199
603126
970388
647024
472660
655197
545689
1073
416799
482455
199165
810809
234655
785762
471130
432622
172339
218590
67003
178305
256269
797310
724459
635612
28824
369223
300059
944051
203617
878267
50545
435247
796241
360697
803146
990393
700326
417037
10171
689075
364263
52755
964173
216571
256800
798282
389518
328253
126477
586520
579549
507245
328639
144171
765483
297712
434233
685986
425234
705698
935886
72177
166252
431336
365451
819148
383467
419561
986584
121114
80931
638462
243883
185697
275138
554952
927445
227000
751136
416355
963006
352774
628513
508378
131938
463383
451509
197706
495387
601509
277507
214954
156232
762236
400056
127430
489530
40384
556094
304786
835513
992398
247090
720346
281753
923080
45830
41943
479552
257490
233165
450795
935346
196691
673197
29976
629546
579276
221783
403216
135693
3889
712201
390289
546897
604102
533933
844238
815358
690658
369616
963786
148004
656475
67560
622665
154092
143770
359671
433323
878913
621808
253939
768767
244351
406114
962379
185801
258357
124765
769254
251926
739214
601404
348245
443490
691053
246633
203297
484889
830602
874059
962832
934346
647681
744197
864034
293582
984470
717527
939479
601438
714268
628259
738121
864335
677016
550486
743798
594575
756969
386658
846090
144586
448253
148847
228717
892335
704564
975257
838808
62944
773248
841300
224497
997646
32929
178115
628935
968130
17693
823118
40831
518827
472234
68592
32154
64409
875100
297739
601132
363241
933602
327566
107286
681766
980347
712720
682253
3827
4413
68882
983427
752756
280884
412584
853105
357083
59398
181339
445156
189114
801305
874290
419621
238170
393518
204364
804778
580341
318686
245967
665578
72265
356332
577940
562207
344605
491065
63915
233049
712510
508588
844439
881787
393795
164917
886707
668190
469594
792440
160677
936023
938536
347510
576569
800527
809144
25980
45755
854665
663222
337457
11146
81987
411385
396873
820750
53327
851283
905473
884409
536996
133361
212350
571984
697915
71642
241208
408831
480994
533587
876402
428866
824903
567614
589761
776510
884409
995964
974836
757116
16166
159060
876033
998347
297130
810649
387611
421742
349143
399459
480478
769907
613035
381184
277955
408372
956171
937159
267790
156237
110589
379361
869302
612839
567173
439703
151245
367444
384611
752292
266275
861642
196809
620697
435937
426279
924962
252399
54573
277704
565138
849620
914731
340710
685003
495922
679386
455991
438679
930622
892948
935127
698146
342335
110555
348012
929352
129939
378501
703756
846255
445187
885836
454797
435970
477598
789330
545963
471929
362681
8830
322785
681402
704132
915688
134801
379832
668377
717362
513450
277281
471379
845625
776990
647646
246999
986716
935418
53533
890790
920343
672978
476717
122715
62757
746469
51988
632484
863996
944615
981743
447203
380620
636331
723436
195494
445502
408301
167339
295281
956229
943156
520937
492432
69123
219100
545687
573576
470127
831494
40256
58448
584781
573603
947384
787818
128018
332330
645795
172524
656257
782821
129871
707634
877700
613896
783577
420973
401780
78089
973535
680172
836622
128061
393091
10927
304857
84031
862778
180051
949839
25012
17074
699743
55143
261788
440687
227422
373641
449968
225829
695144
855520
756768
330833
657684
490639
677554
796991
666596
661347
241225
32625
183885
911797
476140
980312
19905
680025
390557
27813
522931
349985
812719
445357
100596
581810
54871
854433
582351
662091
899770
708637
263733
455711
218906
485351
214604
344933
374227
516355
632475
280626
262197
209406
842065
946751
285902
550197
719125
554797
137878
999074
845180
136929
162835
355917
868434
835798
211257
809521
892052
301950
997270
52669
435386
876638
369896
532967
353069
784435
619758
586180
841657
739921
814533
862408
123189
474886
255234
513255
992746
530775
751158
773543
477552
805066
242840
815525
56089
429597
48825
78485
809337
22833
258994
94997
864304
708330
750333
597252
10264
482056
192986
181798
750663
107440
530138
416936
148407
901287
313522
311051
864908
872756
113186
594633
604065
46612
991158
581420
181439
353376
534418
613676
486253
505863
104861
110300
591566
357766
138939
98302
75416
263985
451149
774435
852780
532047
299840
4384
650665
519006
984120
596843
19785
530982
212012
558874
705555
587068
991228
401930
396653
332227
454966
75189
161061
305231
629975
238794
826952
976525
739558
495653
319262
834110
803022
178293
332375
33273
364889
324597
976812
531840
742128
624732
346405
277570
861420
386378
958020
474617
400520
435048
827039
808855
518422
898324
627512
399061
954331
325297
871527
498008
538728
550618
361909
780904
580695
803354
674279
638146
716495
641524
883458
171192
616171
419418
813335
321471
573719
308364
275722
788091
295892
591602
948875
102856
59434
24887
235312
49314
250748
150867
621969
704207
586596
996687
6747
250900
868940
325596
90225
170118
842824
895138
296246
98744
32261
117282
136554
667185
774232
345280
890788
122463
170531
359358
42193
834133
272740
967539
236285
341640
707362
574770
819941
48681
181125
19473
843638
837343
470266
101996
618622
182246
495228
145600
705345
251541
577979
647914
342900
827554
594595
683175
37612
817852
53365
552101
284061
917766
419263
381192
761976
714045
696846
184345
464083
107227
308563
416263
594404
822034
56275
500566
18
298625
452491
594643
884770
959390
317661
410286
183169
798539
593187
892212
365077
35249
904089
864454
148979
284730
23203
337659
93689
768818
115486
987440
182929
825896
591503
67194
398367
258228
211178
9881
913196
814033
766049
374563
818955
536352
70626
133990
356977
872566
187789
23691
916387
950123
746626
214631
354214
543548
140480
498324
705452
751815
572856
424242
294871
658851
885831
602638
33613
789237
849022
448697
666396
407710
715118
431857
872290
851249
891394
207797
7100
592990
717719
198522
857884
34368
439183
582295
702127
426940
720240
363332
339136
341708
690722
884347
402935
276895
939112
120563
103067
551299
425188
605521
24889
315532
267176
898093
776913
687183
562014
546660
264269
113247
245165
299410
322299
925973
808974
170385
126536
563466
735494
863955
370966
648159
120759
123948
696236
907652
821996
755238
671570
790568
520599
574008
556856
231550
615518
688488
925211
461696
391046
584412
360006
655138
273492
58249
51372
745695
114047
90867
680774
974996
317445
938170
799073
714870
721022
741005
468869
617379
86165
738148
121791
71363
274851
664473
665562
264467
564339
44961
56761
626390
637252
627015
835396
965195
147090
507678
416755
550137
21265
665647
348712
615733
708355
822230
181550
510861
204956
684679
770664
29079
241856
291394
362020
788616
62081
569510
117610
166917
722021
195753
6821
656535
519472
742640
609863
939201
616567
672678
121160
25586
45298
456123
571674
341918
781304
983575
539653
406401
690258
931602
629540
277054
582997
105086
783999
513604
530935
90216
290736
311586
951865
859856
418047
882539
452026
338479
134177
621157
127864
881638
560914
387232
593973
703178
236298
189914
491010
974067
862374
472871
166586
946273
487509
341015
684050
304582
944475
643462
295955
376528
911761
211187
157338
709453
71114
616523
208244
952457
178514
947086
900066
165130
728265
336181
587462
715645
466687
449165
601420
849130
650822
36781
534575
976389
307551
117818
637183
363593
594646
320939
504346
530730
431695
824095
317900
274903
159461
585956
26510
283304
440508
595925
373054
328706
976257
871758
582854
24443
700835
500330
60585
68183
119454
254732
162326
165598
4242
26561
488209
42298
111057
142602
438334
857697
991957
473896
495365
885354
87866
822597
589637
416055
258083
267523
658740
702619
603086
851645
765345
971626
335640
818471
135555
567448
563364
66308
267978
485908
765920
749787
653754
174365
839185
975916
513379
900059
226381
627391
381334
139009
541432
194600
56542
782833
541557
73431
368996
276541
565633
679862
41876
966634
907860
234814
259364
795172
547498
237981
513622
647586
102524
416927
594317
370353
779794
186511
570288
409840
802346
191650
311720
140303
271620
23704
845093
475028
572396
416780
885989
240883
390599
711241
435544
611583
147735
736768
764077
125332
652047
435706
279832
134198
120721
65268
767660
142232
433709
35527
690061
853721
67424
812550
189851
260750
912805
840046
884679
642189
488554
426914
158438
815757
668157
813182
127416
957578
247193
818665
563584
474125
229015
122285
440003
105606
881915
571662
164793
824090
488001
937709
94091
426500
200842
439241
651459
329194
984164
480594
297682
466024
302550
64795
402234
253486
485495
973229
351593
163952
756454
851051
441839
887073
96641
833847
952898
345562
56319
291734
21668
328775
801959
309215
807989
915356
97955
494634
479185
484521
27301
663051
147974
709926
750903
879785
683883
524113
915644
313639
198223
589828
655167
667774
432771
840054
640855
698405
611975
716968
360352
992214
904529
906896
850647
284317
820995
386132
849921
517501
275565
310307
689680
383410
339239
89513
813242
692829
578513
436693
585548
380734
765339
900234
813908
680113
329827
248847
264739
63351
989595
304502
896171
966492
112060
545201
951944
608101
348071
856336
105568
810998
570120
862500
825998
505086
625359
836163
63477
299278
839565
71597
910040
318482
671279
577838
689519
238280
666969
725039
279264
179101
650038
756897
863525
888904
69518
944754
24649
960625
4615
770691
386891
966220
219398
541240
963797
135540
780142
766699
300197
545415
987863
549073
851502
931110
533365
821648
624419
824128
63156
308320
555430
677172
422678
4691
545650
823651
441371
179063
345334
655557
750989
503583
705796
469726
957067
570597
415696
253528
361615
163633
978786
136202
433265
327239
253835
309421
759512
139129
847436
535472
787466
823488
519387
192060
57480
969580
210157
294609
931840
379946
414853
327971
246988
379184
528364
271964
156913
221928
292961
417329
119187
958564
206244
814328
263699
531230
818861
413227
433547
724236
479727
282574
450337
920588
527998
644056
716923
602969
641992
371477
595926
611573
822733
697720
553778
268803
539180
996722
153551
635278
242594
590270
353674
511142
38613
123168
578495
554820
835943
96403
742967
274566
909752
196441
171746
188380
889469
645229
541413
291387
669328
991397
729651
201715
517251
883066
947120
430703
727835
522298
99572
361611
327577
804620
497335
219392
876121
485420
232731
824502
796600
460671
824110
38828
726305
64848
432220
615449
591061
616497
662755
828565
800304
158670
2032
431026
251729
816576
300371
769928
154969
242310
690361
799978
522647
981617
867047
858137
519120
711066
403885
191722
443630
334382
845995
918304
802645
736089
254158
736971
212381
76935
934223
679538
854985
510365
440808
218734
712591
428452
890060
854903
539755
136302
676602
293051
69578
139225
900338
449676
261090
453881
696555
328282
272432
645876
559400
158115
363175
777029
930614
941021
680039
781710
773770
83773
202116
44901
698228
471288
992337
713600
920842
615660
416713
844084
881257
487401
693569
607847
857494
488224
430783
911131
150591
884723
685669
19421
510706
28117
542191
74496
879110
755031
519151
230296
116308
197997
770575
179237
238977
547752
221725
238212
683105
971634
99556
915278
719752
220398
318482
491187
312970
585328
520659
593955
847794
305569
668618
139139
928402
785557
346666
362061
90484
299855
968266
486029
676805
956450
606973
368955
177625
827585
230504
472765
655722
846961
478537
156029
288208
153366
758913
894524
880422
403567
149727
694022
512167
722651
570241
654547
396520
667145
243708
613351
491938
901195
49915
152289
171071
897912
167206
550205
659905
714520
633565
749675
562255
592113
516092
163210
715892
219508
590377
81768
733812
289193
984047
354928
998997
435535
478738
112029
34067
469745
507086
887811
402197
260034
824976
74361
234755
845753
421368
369229
123541
123864
55283
243544
797110
203560
692907
948063
161328
635537
425843
898423
213492
462658
979788
908095
638565
823557
557693
113458
321886
807277
994338
865178
787847
724074
474688
525517
636247
629178
121675
195223
289656
85030
836055
688442
976435
437227
341358
797835
385898
719125
283240
117549
157361
827548
409727
417472
244068
803099
565118
652606
506183
183258
500506
471542
38356
171635
129933
267117
642968
899090
438041
691007
771860
463680
850802
821670
277704
74922
898417
619771
790989
688221
241665
377873
265008
901641
762829
637803
666983
72271
351592
987734
544693
364904
802215
988601
39814
823764
217459
824313
768628
743517
326851
838576
158250
32122
664759
369383
640233
782543
887229
839106
122551
523115
468156
219458
413972
770025
981017
44464
235537
933237
831363
442392
548855
859689
210085
432444
110610
266888
942395
910042
859768
603582
594480
492091
63526
385387
32904
831570
973572
820860
131774
244175
480151
821755
718426
312135
514466
130575
196195
485197
866392
505744
661554
426960
294404
804123
545110
209816
373622
16667
113817
30065
110690
748455
157013
365678
297075
640758
619688
633048
431892
953053
478710
136532
630469
914771
966357
403256
724766
129271
833481
535630
368368
478026
106292
63558
660188
212643
934642
459900
12018
575294
742504
284391
798126
870280
554407
286123
527489
72949
203190
1728
852807
35587
566061
612315
792505
414536
62659
976748
722650
331921
948746
741768
124643
598611
55173
736528
752507
453662
932441
542202
519333
643483
954331
895924
59211
48878
252573
89123
870144
617625
597852
824869
981513
462929
209253
295822
509100
817983
476619
582558
535198
801787
996304
819558
698906
990272
655528
109197
796608
421031
334443
527039
95353
753494
787379
135805
994610
117038
729978
613143
578074
740220
841544
992665
135082
36454
338696
315533
470342
81024
8036
245260
69327
743811
606073
682723
228642
28138
467912
325195
626696
31234
464964
924473
907510
341111
241791
113704
646753
833629
328473
325328
249159
331516
537446
13440
492074
807802
106593
400716
392576
154945
779589
868962
269055
592398
99457
938816
70067
257313
111716
538078
642230
733367
453162
390717
55864
39495
418460
105846
581969
20516
253622
451083
502805
961607
568674
912212
579604
636076
229821
828420
213410
234027
998490
834288
2627
505314
932015
893293
581283
54193
199234
919644
434185
95200
338040
934199
115943
684144
182030
502907
433703
364344
464334
265373
727853
860271
183595
527470
306808
275876
16431
228916
514466
556632
658171
379239
168110
616793
61944
74744
269630
628496
996236
270251
534574
923048
875728
647359
680036
431827
601288
51171
267180
140711
761762
645081
713914
165831
127600
928387
20084
702131
599325
782895
805008
639654
697834
324554
705398
825327
535274
452764
464557
358659
484061
453991
891445
800065
856539
60904
283876
391654
211627
251910
99788
262233
901064
137724
764599
534360
706306
618202
898353
262398
916857
583471
4578
274524
656069
594661
522507
462827
286850
504351
726814
319630
414435
854834
511569
130492
583973
100808
125744
876035
315158
309889
882347
838884
587784
660788
273529
223323
357248
954409
203564
380112
795095
776805
17757
583727
464677
455237
498933
683967
877684
88006
757613
63396
899122
698440
797636
772091
65431
939289
437306
714446
744075
258027
833234
608032
970916
874397
780221
890787
961458
823227
536812
647022
811696
919030
891693
110448
26910
242275
408165
264232
422331
510152
680932
874740
571151
810700
673386
348838
325681
153072
142747
680881
657595
727557
293121
376008
91371
295231
928359
128339
602919
353943
843268
574956
228109
184390
235200
1019
206578
395066
897077
301974
367382
24601
78675
738129
490912
707572
449956
964173
111746
911631
642940
936605
504694
674039
56326
385342
397441
619759
726706
166427
603250
876664
503905
770357
640095
257406
747264
60738
3202
333295
904565
151683
558322
641242
646471
745520
996190
166404
740721
340243
901514
116494
228239
446351
72201
782871
10980
944785
782783
149226
163721
733855
808513
369972
722414
761931
353955
650225
207802
628922
358078
923771
292613
196069
617431
257031
667110
476415
982357
676519
689597
71003
145563
124969
544433
513056
990933
439017
139310
478482
420069
528612
426533
251708
16464
678015
26873
34249
492983
321493
174684
436154
931609
199641
207195
57181
339988
513582
335912
126021
603191
285715
903220
367968
634907
565566
897938
885505
621584
519031
482208
196978
561500
450145
266617
825871
271151
535406
225615
323413
391465
526766
107052
126869
822127
455996
540396
3400
164987
245482
87866
982879
348584
877732
836562
303572
534821
255159
739559
924765
175242
280733
24625
364596
93138
768516
842107
653475
810430
611016
413938
358429
429420
445490
759492
158880
743339
488816
444727
345460
283290
948755
236084
929830
785009
302679
975997
982974
680869
225581
793710
528083
73247
41233
252024
190603
38567
854571
704388
728173
513624
918956
996798
516896
375848
534829
868641
619081
732765
633899
860744
334242
54131
796402
589561
784154
526894
657560
797386
389925
544479
573577
106987
310472
502052
11582
143205
140021
623628
317087
80135
538249
530254
360321
339032
874308
896399
448577
593473
179259
252162
309141
348309
833581
421936
89133
742660
725187
140109
221458
639401
459095
270012
764188
213924
464335
248727
729334
111219
806749
345115
364881
316686
233893
436029
763474
633028
21433
845968
414020
710459
177192
975971
16618
830939
34039
427362
965371
249190
492445
449231
993006
645594
345463
182047
927190
555106
238105
824520
162188
554952
324713
338834
416659
555127
870793
806177
688577
270007
472693
967825
79450
603708
308937
627000
371971
173412
136966
232449
685651
705378
153494
320328
570820
441297
311487
884332
482391
768241
267345
286503
880253
859236
12244
616394
700675
716768
587102
734248
382033
295792
809020
827557
596383
531952
40946
57678
91090
36563
127198
536314
