876890
190402
937079
911442
677761
222801
127400
471973
935335
147894
78566
119319
708689
288082
798672
284782
210168
378986
167605
273332
374983
853914
534162
126389
281119
399794
313523
727220
129935
182932
992494
575066
885928
89905
490745
142105
419425
895999
908111
465640
731131
608409
196864
707257
906116
229979
303085
952846
324071
164534
80425
131558
445271
131785
356671
429558
843233
876986
921754
355135
939230
825734
650370
762989
5174
417945
431350
813067
596138
419305
856327
39448
932824
235481
306892
347179
183538
421661
45745
852921
237221
667383
766655
796689
772304
380914
503797
867107
363845
301694
725965
360630
99246
832172
886453
901149
638897
7669
46571
550510
462180
507814
545216
606451
192110
929714
476853
989240
548365
775282
653110
867567
300839
66793
596614
345853
978492
557198
368541
811470
303990
561047
970316
550734
270831
232222
257691
725682
986185
696693
800107
656909
121720
266131
798877
660225
96933
330688
659960
206015
574064
494750
698926
453161
678097
613286
504866
115750
831053
871254
9682
721304
416316
136790
271561
726506
536350
248794
279218
783567
758275
313993
540452
611871
88275
479135
67144
650775
537715
195865
298034
206306
520079
371
762106
160381
502328
359504
854400
516478
901764
506924
661112
566224
18876
955842
40159
211637
670659
952106
399883
675107
644254
500628
641825
380100
543675
304345
370143
68372
26123
448179
238064
211060
88691
769728
174877
418274
886410
488352
224529
537523
539595
387402
25136
87532
164666
98176
554151
736375
936425
886163
250090
146049
911755
193080
402595
647309
921017
308016
180710
579683
152878
644512
258043
839501
804065
762093
326179
245865
359597
188616
317451
952193
497512
550497
997659
772798
248053
958821
342761
130406
268462
124401
737539
608609
240652
461915
936541
492465
66339
885679
36825
141617
183043
853307
794781
337042
316102
928746
307086
621513
903553
41489
911050
809628
86112
216595
590738
304068
795777
541216
156995
979744
963306
628568
88393
688050
820758
804089
561400
583177
820476
999271
250848
385734
87048
533691
280011
685181
656924
914968
498328
6107
975509
224586
136602
21941
198510
96100
168161
265871
821839
733232
949634
257079
955478
955786
884376
170187
494090
310832
376840
928400
164656
353576
989765
639541
626505
964756
538002
679727
272102
196104
225565
944958
213364
409028
131776
42500
85226
39936
87349
331734
78898
395452
711291
508852
843451
64773
50357
94456
899643
215965
59726
297331
952227
834739
294402
735223
313430
47605
232383
203513
493390
324477
52942
367962
307353
153024
219041
884594
775900
443978
58476
175687
725723
77592
547780
39168
566144
406833
986651
975728
36988
86583
755399
108171
7001
96061
53862
702550
147217
576109
844072
59205
173494
376712
260494
398031
957210
258497
876537
797322
278285
464691
261811
908362
563205
279064
171849
444338
915959
303748
39610
885245
733304
268652
770527
19059
550045
663582
64349
630483
937672
586640
956504
529596
416089
270863
595711
347586
949774
432634
587160
277328
42506
552887
905876
481811
29009
481485
162339
428728
907547
111115
968651
378256
236406
646255
408545
784121
337435
692240
151929
892780
408604
316534
799547
405202
611390
156456
411141
650834
440492
810400
996699
195356
714382
597238
468137
267057
48350
997147
684556
848933
138196
764713
343001
24005
893718
921025
590570
133815
292866
838582
854346
916835
997818
771733
606331
639707
494365
234000
737840
449054
991203
114534
446930
778074
291374
179004
911749
656528
791899
478098
948226
382130
956106
717326
366891
544309
56980
39339
360072
851365
53854
62338
893747
666613
528197
628170
944334
470463
199751
650136
565860
312145
955221
262507
991504
973652
334544
745199
512489
476040
956634
740617
756530
254333
431447
639796
320688
101949
886662
204667
754822
665305
820459
670110
84771
370166
820646
121226
565263
675878
214879
221840
459595
672731
628785
985703
363110
863858
917152
951464
501301
38225
520821
379846
533948
99381
230929
780598
807549
583564
857688
397464
4406
445706
990702
144706
413632
873174
877768
533188
11835
187938
343794
569645
781518
352947
210050
334464
430065
655167
237158
336144
606699
85082
883648
103521
998031
163036
900795
619770
852621
94507
313294
757114
579567
285659
996452
467307
660215
77705
804648
976090
960125
849207
146499
604449
343548
134965
500254
80391
933888
710207
277137
211985
670228
703126
602378
861657
707969
50983
195410
62921
948831
975227
412712
917639
340404
104220
340383
900266
61739
781543
827183
527131
621765
943942
683934
269031
349384
123479
642477
806165
543241
212764
802407
656782
831761
765271
926085
914901
34150
235489
356611
24617
648919
679785
359790
889242
544309
519372
533545
312069
162682
483038
67748
185816
797581
20934
423926
121389
758805
808557
634347
775946
198758
