242438
549592
974428
132160
507103
177572
896560
401500
100885
831980
294062
564416
985786
108594
410579
511375
572690
992379
715431
498988
983573
451534
30814
80814
56449
775731
626036
686322
829849
285519
538331
782648
801153
813690
53777
219143
259275
901755
59583
685407
834015
484271
160614
988097
304003
641189
400963
3058
710985
286835
624644
229705
746579
469326
499507
336506
586699
76696
407323
896729
422601
895796
17474
496536
831502
555548
675969
687812
177893
79674
258088
150223
257723
692501
93546
827999
12701
187479
293667
249667
908072
297878
267332
883915
372687
514511
396313
294968
917005
269172
384459
256119
161107
756215
728506
842170
839245
193109
951332
986761
527875
663642
562209
74608
650260
179241
284084
546730
48681
197819
498618
184422
925367
954086
546756
927597
917881
164665
610683
650072
135370
382184
156736
940680
394614
756215
936184
146164
150121
519085
213781
255166
404455
527231
368648
595718
616406
855022
909867
514306
122717
699598
958723
574448
669184
405675
898196
594390
882565
725706
691420
110349
60474
416517
683063
753417
156572
432570
977613
849677
707298
830810
368207
901109
248583
521461
445173
583704
819540
687557
566350
292926
455623
151605
945760
118904
635409
391325
158120
3432
798320
370936
201423
496674
597608
791863
293870
153783
205368
749150
801710
166817
507685
28980
855045
968238
993807
777684
321293
826231
387161
292589
511002
972233
239221
89380
23639
19253
44508
109241
627799
266068
672532
844849
905828
120151
744628
200435
778611
795894
372468
656085
17350
472657
428680
97804
145705
202741
420102
394167
573996
680766
98229
910181
818687
538983
612170
108127
777142
200444
275775
622395
202016
21184
997247
181489
8914
451761
339431
186843
721607
97761
426468
885922
442838
103079
666358
808146
974099
500225
335245
224250
410221
378788
47572
131428
169816
50551
252646
512302
659159
149394
546375
314616
12126
975780
591561
149236
631449
872699
703546
483085
825985
744395
308064
68971
677075
120001
733781
234482
378166
39631
649374
491674
403647
403371
630998
12362
843976
277767
75211
55286
927519
363788
117042
128965
790756
126219
674510
693573
738080
107915
353492
525510
815558
594582
889127
520094
934769
898538
294374
216374
16763
149372
90490
31322
353331
29963
835499
777567
561245
272906
610622
686539
349549
599699
962995
326470
237062
921523
494662
544803
912724
856190
197294
151679
71567
755057
535218
853755
607893
483085
632068
82737
39254
467943
355634
106681
921772
429541
561416
792514
845999
166321
584177
241053
737448
193794
135852
136239
495662
215905
38404
176631
775663
965732
903936
16645
199894
991271
567163
593557
652237
517153
299705
661151
358635
616217
266402
187758
752371
16590
805359
735962
568834
826756
229117
107685
353183
661131
470900
558216
425979
174563
697253
56677
518525
948234
5937
831232
315654
582903
915847
819318
886724
674438
872441
359915
766295
831170
614085
287707
776972
479185
57921
28217
450594
627244
523298
834623
370855
565982
330837
361226
128355
436721
625447
677158
547769
554105
315002
177999
132948
298503
307905
702511
581358
819474
413173
116366
258456
53102
95703
532920
269391
720316
581810
317083
837399
410323
396768
596900
548130
421083
268342
693987
430479
766223
940061
395608
125281
291109
556388
196475
566041
221975
773424
769686
913292
602717
234633
847355
856695
885315
500179
485728
120660
7019
144378
332973
908073
233341
485159
590368
955441
124728
263837
141602
48838
639549
406817
211198
325489
553752
753288
455584
273980
432832
574547
548379
521239
70133
201583
445452
754517
615980
19871
450535
540454
323447
663697
506557
325176
913527
580933
202187
742210
619652
313758
292134
821119
961540
174925
972373
790700
430467
806413
392916
905195
309857
462424
93765
509483
82632
896539
297414
609670
475358
606482
134321
520682
617697
405361
765817
531439
548258
172677
812012
145567
792044
959641
717537
148480
832838
939644
968242
679185
909981
445792
897157
35493
565474
921779
654844
449449
570153
898740
291239
857654
519346
500110
495151
24882
113950
851386
405831
747318
579830
934230
112715
373635
695649
899711
794384
413475
911240
614229
643203
861994
153838
690565
466966
136606
858006
946725
150844
606020
113612
236253
222426
955575
759779
776491
866378
620608
396708
781131
85360
471983
557523
635347
812366
703420
294030
763146
255954
691910
114653
640741
332268
860178
447932
615002
150056
17472
819207
922659
596619
91109
43270
801108
180794
859489
645464
886859
653028
550654
974637
98493
257769
700708
610197
926086
350525
281004
594883
313683
742784
501095
364999
871288
322326
590194
5663
525754
548326
862139
785484
562205
890337
183855
959507
820708
20011
140953
963921
32020
117139
368460
572237
771128
627583
218383
230836
27702
368914
344339
748901
105760
452705
557970
485448
190279
443652
694834
520026
173451
963941
664737
600403
845969
869756
550466
874627
392321
784872
102124
372515
614287
996100
84253
860370
305833
919703
457763
243951
816952
989792
21801
673946
317775
901711
342081
926976
43771
859371
297449
133015
36641
786859
161045
725387
651043
102075
512123
585234
485319
151108
861431
482229
440618
855984
11311
114386
845031
648782
876185
699504
399070
739690
60687
698517
997664
105561
937743
637597
798194
935695
365850
399725
197937
104940
552524
1749
286536
540642
706736
899436
562454
66181
670396
181282
474756
95730
766474
230251
152542
134631
798218
3395
840567
373463
786829
655447
906860
213687
644824
857811
246311
492649
277553
783137
358175
677052
178474
758374
381936
895627
48658
125396
155673
500025
744523
865918
468585
607036
696323
225477
782504
692152
146907
597723
555643
345732
45942
68538
346115
705592
114400
738665
857455
344579
240570
342539
720717
803178
410637
521990
706717
521061
848255
552559
382100
717476
573710
407678
505930
551261
568268
277023
719337
558778
437346
893613
982899
95440
789346
127049
410102
205547
491191
330458
771136
267250
974609
462602
349921
333617
750161
811791
149609
757617
339433
128306
154797
178626
916850
356859
357180
97151
395001
756370
478266
290519
1070
399794
966115
721488
926734
284983
137675
482748
617040
588707
210151
917385
791971
838179
107272
925939
442927
144366
131064
759573
892931
849070
559741
236130
214222
682393
509185
385939
728812
938062
876763
486056
670421
518491
318394
170834
109184
18072
751364
296337
160666
308432
812800
804358
775699
663048
710830
361610
438270
201783
199079
420475
76756
610061
356069
220252
503717
893411
815127
823503
552727
29061
434173
957679
347696
894901
644578
370033
442135
45258
59137
320250
937453
405854
632272
341127
144726
611883
666941
262125
416932
489052
595168
995724
422745
199970
186077
543278
317084
283060
964533
835691
567828
422377
542563
282331
997353
352949
588273
855173
695571
540678
497263
508691
372196
934687
222258
133297
108949
820633
704536
826495
702867
137261
824457
307203
145352
874026
572335
722610
45768
815345
442493
352091
516460
98939
439306
795003
53943
457713
339791
408050
474985
937042
794800
235978
407944
492852
504697
852804
551717
585948
495921
644521
697155
846183
926542
316755
760181
787509
188016
468818
228765
152971
917496
54992
745799
500196
401583
736172
597316
356428
579003
685072
593275
219709
704050
599950
849261
598513
201170
199867
547061
207905
892770
405041
492679
293755
799056
734989
571121
985624
140507
200392
272818
718022
947794
844388
624950
699831
483431
725739
424358
611507
699691
631945
239862
232445
530900
250302
223825
50036
600762
620272
256814
645286
208466
292435
350477
324038
578572
707630
388589
423073
647830
235862
861504
36353
152922
597192
794673
780626
539982
700532
681262
782991
911454
324385
608066
673652
559053
662400
663613
12144
598448
350696
967552
19492
635443
170498
240549
427182
475927
630662
25126
86867
7721
3669
956520
805969
103475
893661
323088
906144
605077
540045
646292
968510
275224
51671
448141
716203
496320
730565
15150
711557
511005
133925
624578
102941
235371
677580
86694
397527
350860
626789
621400
196618
717551
553281
705274
779412
550449
899440
740834
915133
867101
255765
651736
579295
716992
496156
62686
497755
372632
452677
364051
338833
20329
319969
604619
66776
311383
842062
128103
57158
791772
838786
909335
624455
444556
246059
585412
415508
154790
364905
498907
88439
522406
865183
261091
130772
345986
696624
740892
606960
88090
670203
445011
989582
560454
625272
143999
767395
380211
852619
173077
153668
880440
651428
911129
349193
663367
832165
366213
681541
76590
589474
983454
715466
745710
482516
688704
832929
250326
129700
743695
770841
539490
468486
593941
344153
404422
292785
416243
213943
356737
426386
842115
384067
567710
167164
887974
265737
120290
249043
575983
444916
511852
25788
363661
838800
744621
908164
509873
82523
735016
361543
456390
247945
960253
813978
103098
398892
328671
978508
638386
650002
87643
90866
139336
841274
864008
567589
681936
464265
622105
816321
798463
324709
535062
828759
649550
109024
733977
623197
25289
445166
531964
313796
151057
353615
919716
100461
803067
557487
370603
784956
164620
359179
197035
917115
409332
602603
909045
251359
27505
333781
231540
962937
299033
551516
103035
965721
768296
403133
108851
432052
675226
861509
305443
372879
794995
791507
75632
698195
887924
948270
570683
328986
426563
997670
586140
858737
240276
109562
472532
497190
527613
323545
953142
831155
562169
639042
267371
877450
201433
161434
390706
686232
211831
310315
544912
233157
52170
27323
904940
848651
431722
517038
956781
642868
658895
573385
633664
869736
794862
459525
45725
951018
260935
371567
185985
41229
944257
814893
238324
18181
368466
611851
593072
250421
42861
844467
200611
203884
392540
397509
719770
981123
611819
22437
763987
844791
692324
828993
159155
130955
856494
129789
655577
541761
804125
375499
67499
818815
40904
221767
107423
13158
740882
702308
931883
691493
147233
306184
116748
102458
52244
633513
632212
654514
589703
149003
458548
989907
531182
455405
468651
959880
22193
148234
558454
694986
480905
329693
890824
998540
347035
127783
758143
294210
478864
958521
701319
73167
194322
979301
327969
875350
93523
460012
214548
62787
960413
139476
199088
818890
774276
472971
840886
686376
645813
488754
613101
204483
213059
161428
524874
574518
171163
490466
452565
944079
432943
576306
781408
585099
925619
513514
795544
842566
648073
259163
264611
71669
646835
416492
98343
111389
931111
849233
66507
953706
233697
376989
720021
202265
380505
102017
251397
954450
684945
584980
990214
470661
606623
341379
804940
435400
196223
642830
813824
806889
506723
926291
504700
698684
908879
401472
94217
331800
511335
122485
549230
417833
306014
119162
143903
568820
263692
194596
738342
590565
858620
265498
81421
464817
331368
172450
702940
455556
896468
647621
78350
34704
480865
225362
654995
8513
350386
420929
251609
308536
22977
348209
670281
415944
112852
684358
90497
456668
499718
424821
258902
392972
677485
459499
861100
481787
116745
192261
557112
394569
88310
517483
370605
741242
165095
462270
152254
995169
819448
340964
506328
719970
863745
732054
768966
971733
376369
203860
427708
496169
685693
757499
575645
800406
547856
637388
376323
97032
44647
418747
14186
789686
318706
314935
863508
745042
322861
851457
887172
291243
954697
925695
753248
697525
89884
688812
451534
421938
990729
332113
834941
735808
734637
655092
58343
811189
969304
107484
901980
438779
131990
60568
163985
39789
320734
997136
332569
907342
794312
569607
982230
632260
704206
822724
769209
540935
728410
732692
902438
352588
393232
217098
683088
546203
672109
214446
242104
392744
684031
7698
839235
358281
272807
979165
27339
523587
366479
958426
896048
583037
848161
235499
105439
428680
15508
101857
862307
468678
733197
145449
389293
315920
829581
526473
484382
347784
707136
675256
322618
47292
389668
251930
16413
312815
516333
133060
597650
599142
137513
903053
928224
589316
880275
435723
306025
970858
810655
231070
657255
829332
200953
816129
364661
132925
8162
65075
386206
130721
882094
119153
987553
414390
715576
472923
807569
472388
521001
356488
22229
671166
75033
546088
96812
669099
771041
546556
810680
928517
627323
145311
909629
857640
755998
978589
831894
956903
549948
590030
490542
471119
394315
179643
695783
232340
906621
448009
471617
925872
162609
774663
515900
506352
556178
175271
79359
696205
155918
35037
241111
996551
349510
953649
376936
87385
67756
769083
7846
902065
690645
327444
130337
437908
853190
863781
815456
10579
843389
291655
679135
866636
799999
914068
25605
559532
397774
441172
979672
461619
969751
495727
613160
687784
96390
205996
411906
546375
707916
100218
887480
453385
220688
162597
13086
352959
835790
504760
637940
429012
64000
823502
749216
29496
185044
823165
292828
254881
847467
173171
241108
348670
680180
254322
251995
323177
642787
316435
31436
811963
162264
532174
522210
356714
288546
254995
699699
548160
164591
564568
411988
766698
794509
720988
375224
734530
981931
733402
292200
227467
202869
321085
930165
680082
575786
580958
794067
200699
294159
844886
843542
801103
558744
474299
144663
853170
383950
782721
362667
378189
986028
590368
604410
460113
292971
869546
821659
173666
261619
84093
127063
302492
773157
178775
445192
578836
489515
458762
187930
303327
24665
943159
44630
752767
14457
789048
136976
48022
170461
831637
175372
484440
677353
806104
440002
104064
133090
81225
592147
384661
435296
76207
732240
722057
473542
908023
90183
169848
662181
540283
685469
342055
610912
954144
6062
238050
468923
71118
410203
465408
325850
376644
421279
266198
179038
156283
823496
531468
962687
457055
238081
272995
998049
632159
103977
992084
701148
823984
676410
26644
144024
484283
379509
927231
928032
310016
369701
445011
990452
329711
317053
336150
615971
954331
798662
512371
153025
347655
420640
537684
416581
336673
43058
360969
262862
413523
456008
32199
558498
334774
821877
451072
372154
226841
638398
392674
505744
544302
768863
72157
753149
250818
820949
392790
398766
922809
662104
721835
67214
670850
739926
234251
422111
101985
449431
132303
720666
573604
449104
887161
6548
700494
944515
334258
337346
717042
838137
630336
86880
312259
402296
972419
874003
17799
93355
198700
698487
708408
8376
769950
971653
587815
256060
176054
54708
887915
34186
960261
244067
230359
743799
493967
416227
790490
685824
826177
831709
935933
778945
253958
803913
526671
903019
623677
130406
422315
929781
428758
452623
706822
516225
902626
26295
603395
208714
862678
576173
864414
371112
575967
497622
511527
634943
301057
169957
406972
685844
87728
833018
189740
65682
238431
151632
776746
598289
150465
732636
349218
149811
889872
486977
621861
307192
251407
580760
842405
844624
162810
88720
529851
133539
601378
17842
537009
71443
937331
355416
412572
592240
422342
594145
162864
62780
153670
155627
546959
765025
214764
662181
887581
17356
187739
998364
146835
69159
575149
419309
477784
206590
118282
530588
524820
414151
945925
416337
559769
148792
69889
946017
477793
832477
733757
49706
262369
130786
854263
619728
891772
835459
7594
159343
982015
666393
648833
102489
623205
350682
627291
804305
735004
465692
182266
613425
327501
448361
421078
320525
883598
925619
416454
4666
437353
81172
813171
772496
574712
450178
685860
135733
883806
554664
35784
563977
19932
376535
762197
230351
444350
393057
874510
185110
157357
417085
35736
485057
526330
854020
408966
904053
421054
126461
812872
874011
992136
212718
688158
866331
185304
992632
484367
307685
569235
573021
477683
507253
4666
868190
113253
838248
483058
373783
505116
969808
979694
906741
137804
762806
994930
369191
748198
374853
109410
63667
65060
34846
735919
823557
362621
550415
141744
620102
661216
542078
150394
986548
230595
671428
995797
825637
155187
213660
882535
535922
150423
211140
856070
576299
677648
7856
798045
191706
457290
721166
142578
717940
330623
607121
937970
740372
820690
105205
165253
166701
22717
294980
199004
97791
515591
177946
919682
180776
124039
458937
524928
949474
741640
378370
644146
170396
795922
963883
535947
590570
271444
198554
814935
759333
87729
584742
201390
754081
517930
831858
168423
251746
561344
177883
959898
781375
964475
242545
435229
341201
715297
76709
926344
906753
749161
898054
797639
893003
821092
647036
15949
31583
673070
425721
110901
139201
559285
755610
332730
324057
337096
121484
539016
295642
661274
688747
315995
182898
974273
152950
78402
387667
512735
895516
507390
663383
186626
415077
829865
755835
164628
302012
249867
899003
291769
919047
587906
20019
426015
115987
437087
154895
154293
516768
94335
583711
155507
682292
302576
274959
59672
374327
198104
718800
31824
315309
880433
999641
43847
383675
244320
19414
723306
794239
309063
368405
978066
103770
73549
663411
261008
540856
819651
154424
705739
242677
290743
332912
323069
870675
780812
283250
986888
22223
840588
323826
313128
967490
905228
173209
859884
87270
457906
528587
492657
730920
835501
461879
786635
550297
483350
373416
295371
968409
951847
453202
943293
435142
703112
793434
73982
601342
598343
699328
317145
96598
893639
905715
615901
744834
606845
802277
727991
544307
14379
272926
26369
410019
954505
170478
71516
63516
877679
477022
432734
56257
756591
789127
96002
841187
457581
762684
354142
59223
222722
155072
33302
835628
912291
781844
728126
237885
717088
42073
926462
169499
209124
463683
130257
719453
448300
666435
56618
429129
209285
968113
806209
629001
721342
641843
661020
397655
133893
40892
55472
650895
402832
10030
110756
415462
805490
960556
127135
274080
164947
495616
646719
515547
121290
553494
64694
807275
884108
862827
319368
293452
628493
410267
880928
494680
725865
348259
182380
819329
640031
751355
106643
877104
723137
538083
958692
933443
943191
534624
953674
198990
646970
722886
415848
678071
372457
161294
793370
382946
260380
414536
635133
17507
598038
308868
199925
473226
371334
691699
730786
583743
431933
999150
749241
556142
613177
634204
413730
980914
612942
878598
943873
106795
243437
542867
389810
529572
709103
568947
697492
337358
460042
262727
483695
870198
123623
45566
315650
584169
314105
308887
353603
982552
514549
288735
181210
923562
646402
171317
117767
816608
885295
92259
626176
28641
81766
691973
898845
150111
713859
398944
656446
344474
938154
168706
217437
253735
31004
943164
785755
206775
74700
614085
117741
132497
468064
393814
692293
799910
172276
254752
239432
173643
599081
779719
912868
586881
229044
771483
14001
863134
652482
234665
539562
63283
400953
22522
611725
124952
922443
818594
147802
947834
246978
584581
940455
83958
667392
837344
900307
391335
309069
971997
328777
756247
943488
371465
882438
210201
421377
857941
323517
516044
174505
846616
306372
208626
54804
876472
787178
83673
982781
406377
86389
85516
780980
274185
194498
958399
930320
405031
334732
930272
291692
98543
345231
513433
847201
620652
735367
178375
460761
665202
130563
758681
984515
392404
592121
186454
974610
617578
519065
275503
321093
596968
139510
87973
959954
910791
960467
757230
920379
221003
378878
123288
188380
684792
220888
168893
175746
895403
234294
977782
820656
510382
627230
964840
919873
675792
194051
642067
872379
984977
816324
178658
83174
444629
604586
862052
4734
340719
743707
797213
867490
493680
337343
294779
865910
748074
635481
487232
879123
112891
627323
60315
11961
149722
307732
514918
623151
948188
986886
995702
274875
794404
340324
265408
607402
374593
93209
29300
61188
44338
264992
611413
928594
916769
63711
266236
409885
789967
569891
713772
318759
820682
514565
684345
772659
474249
913354
810537
769130
569339
265484
795659
250672
240518
580496
370297
13549
924338
659986
549037
485583
396374
465714
946170
206768
657200
38913
424895
875249
882251
735847
624322
319651
136511
683181
552030
403838
14495
841947
251775
708328
712242
722616
867004
268429
432401
823537
52744
246280
512433
803292
481825
828237
158311
383661
18778
663752
620419
962351
60885
427006
764319
178182
17497
373318
500220
256073
748153
900241
186066
878522
544977
289786
563109
642625
610916
556294
916997
824181
696047
229460
485057
918507
508633
208058
967018
987671
929792
560679
620562
263325
153579
871922
586516
719539
775136
101198
430717
943816
427175
626461
392747
319532
761796
405595
408154
336595
729651
604743
577045
421308
883025
38394
891160
2051
293984
739216
814796
53701
902607
110566
947056
638189
573632
419619
569051
49514
271412
7302
948722
720167
382576
980985
91543
545513
584930
444285
556488
587448
927548
27660
431025
290638
427722
619584
733561
484910
745666
961884
748527
484103
982561
252724
915085
103807
762538
231449
790469
692246
23748
894481
754365
186280
428504
964841
575362
534972
991385
136354
242957
907546
883107
424885
951492
113267
740598
433907
916920
706909
634502
221017
350385
202779
953749
426342
210641
365973
377339
850071
41108
73620
630394
32052
370234
417944
121492
268123
35088
439458
695137
928530
376779
609204
859382
987596
56222
376183
865260
616979
639359
621168
919756
384350
604644
213526
478110
415042
321126
9038
86692
759107
508074
106554
770873
926647
258534
914676
934047
775092
595164
380804
278787
904515
456745
25276
699024
572416
13794
201722
913374
696138
356201
516093
187446
924880
497898
8022
900404
339874
874397
109231
771024
814481
767111
795346
934887
395117
668736
440205
20327
931100
676087
179207
64369
930855
567249
871149
566352
259636
871552
521128
209143
364519
157956
719492
437359
343584
962117
834547
764186
372473
201069
849908
287086
522313
704378
304869
472792
896939
765736
688112
787657
31395
779790
364020
296504
23294
831152
618497
490133
779474
762078
472800
292183
690394
493380
470620
856420
681502
553327
590170
57390
369011
288987
983871
167134
661467
181414
243641
228834
509584
778423
426546
588656
81292
613797
794448
414501
382312
299955
577370
455894
471481
744691
471288
54949
82281
185299
730781
416932
626008
97372
352225
913952
935308
510585
229858
183294
488015
497521
8255
259995
74080
29805
756948
329232
179454
747128
300314
828798
376445
789006
43374
770942
673230
278747
845929
518961
607238
723155
307495
380105
841862
998493
572907
488239
450190
743913
104004
950970
510603
636331
93521
390126
604115
156921
373625
603670
69242
997542
84773
774408
363242
111792
900018
54702
431360
341940
364180
818150
588183
625347
34770
419471
675655
725066
407630
502685
535539
631107
271948
532663
671612
577003
907751
175835
903461
975424
435616
312323
393581
607141
243332
35601
561500
303051
257907
908980
45223
700698
86066
715695
999091
845830
318827
366361
231420
802039
157478
567428
147612
32569
631535
322702
470542
558165
731289
101806
324860
160504
136357
19148
539395
268221
502923
546082
326700
169835
480928
907345
590447
222610
744363
94578
798851
751514
555560
131267
965626
444628
243366
695033
69442
702259
220498
498734
590349
981208
53344
421136
186985
74705
443065
113948
285685
275339
770167
213231
211585
556999
328198
853529
385226
530740
934642
985991
6429
156736
148809
409148
162578
327522
974206
302149
254716
953048
948060
406049
592945
779939
584353
565251
651729
714157
621426
294575
757035
851450
783654
642874
289580
41014
481793
790867
147622
328549
132377
405707
83108
700755
678223
207769
134612
967118
541131
418759
406771
268179
221920
828812
76741
441808
394835
627254
756133
557620
714409
101091
952435
596880
330409
309028
179215
991762
489012
187774
737415
995097
194441
26843
544973
163814
356331
959630
733457
280619
679263
841247
685603
622245
961383
258002
229397
11667
649735
107685
975388
382239
39290
139284
622420
156220
841526
124755
647256
665928
577623
744075
832919
151769
990159
399070
382334
795145
228397
96321
181634
889174
122032
187439
694346
610986
846340
700269
748722
863982
543888
713971
193476
994561
669305
476436
629971
606979
344174
766173
603549
355830
410738
269867
850069
830100
593174
759912
885050
586541
71182
285198
638909
903939
392146
269701
552516
394548
675832
221332
168546
956260
219377
757332
991347
992990
278401
628495
420499
358594
444995
554829
867424
47660
772179
283906
751497
839408
496487
347341
917369
343510
584204
315918
896679
111654
582407
857978
385020
173900
158755
890960
336767
597614
537226
311391
696275
285641
346188
729655
345995
154470
757674
305098
712856
31081
991713
613688
336356
998840
183263
291595
419800
415077
409886
76273
106289
329807
668810
516892
759642
800765
499145
488092
651836
563723
60268
260154
157328
241499
909576
653675
797360
830336
722801
874998
536342
665028
769836
653353
932133
907379
704726
274467
913137
201180
469476
662827
639750
623619
534677
171729
869813
36672
260914
42065
326714
755117
539258
922938
273188
49526
799056
958901
304821
194448
927576
581874
629655
69676
16333
31395
97282
259499
54581
488627
402710
709498
746201
554764
515383
334746
315553
70827
621467
767490
751091
225300
119954
617071
539858
977862
86847
522001
515885
854365
740436
12607
896910
267277
345002
179469
258567
376183
541205
884071
261079
496249
711128
39214
804514
546678
626500
229578
989161
330698
355135
63524
498149
333498
788168
371777
615582
178236
12512
140276
772876
647867
278055
422016
503203
188219
205480
19821
816956
692049
796528
678841
607832
648529
290821
793748
806946
378102
499538
124474
128957
482713
970137
713257
275289
515819
601429
591588
879580
269301
177569
572722
92818
256772
830503
442646
89285
836275
440798
751864
305208
679774
619395
421851
843742
337038
72390
341132
191443
624502
977504
83306
699720
812597
382132
782291
390626
336653
111283
386629
847793
267545
640
355888
530333
250852
448842
655889
341817
89379
649117
160361
460316
408992
487003
279279
591423
441493
732832
808051
214903
3686
915179
170293
778102
957450
436495
12811
229068
136677
956903
728092
346825
132279
1529
54848
271406
261792
769634
427398
723589
612137
891433
80995
613439
931690
491191
407991
285963
792489
13180
59462
569702
627229
340873
937286
557200
112537
884809
142304
379474
348218
669867
849565
362540
878034
520991
895488
578445
370693
231474
38003
826101
499882
922809
284331
526330
541901
945810
106088
156626
89318
50763
737448
968441
566222
423815
684784
743977
765843
43544
98337
694809
824808
150728
853010
49367
365088
662944
298714
75697
438348
9384
911016
235838
332172
721535
211703
254834
386100
332854
389637
700280
899559
636956
886579
491384
577528
707659
768373
661079
245062
74524
31921
157385
176170
455132
84637
456420
936009
33112
53135
195686
76545
107554
7291
392958
160612
42558
229923
269443
488715
881126
356851
656722
151477
540702
237851
196471
584076
255230
989594
92342
666003
350772
28588
744230
590228
574631
414209
935000
302827
358548
465361
970130
195695
894649
102009
20956
462082
213478
892312
387646
203938
710503
80032
747044
368630
561037
634136
429920
839027
398009
801061
713503
174123
809806
542895
356630
244672
127649
558349
874966
271172
486014
443147
761788
607930
239429
836533
417890
516945
944837
692808
178394
420591
740191
840881
511505
616029
834709
17105
682239
70719
13297
910864
233869
463410
350647
199209
697007
610568
459920
324830
240033
774059
467131
17289
935156
653743
472495
323385
507229
735023
94008
565846
699641
136888
983388
459043
679071
682161
688283
393529
882830
215010
630656
523715
871160
643497
15306
383159
432074
536811
371977
594675
98924
751294
724030
791846
772511
581841
301148
840898
935361
378065
679959
748243
598413
292889
202931
24942
42067
977753
447456
228714
804781
257258
65030
227431
653169
254340
589614
898753
350665
412787
231747
509302
187846
465630
210938
889529
465900
661789
833247
509993
602652
966399
315531
981131
891795
441730
358070
831637
498533
180013
683523
44071
155936
196025
289198
699523
115295
232687
365233
218237
521532
522681
508663
661258
22942
522086
974284
53615
60054
569340
623132
94597
369162
525944
52036
730440
39754
177526
187908
307564
845830
626723
143647
920458
262044
534851
2385
878624
158611
783762
564155
637633
68734
611147
794094
208342
607759
280874
153712
543210
636079
913323
238507
17814
697226
42345
641725
188924
20603
427140
282666
583427
655099
837887
806453
558771
361099
355502
604467
514673
444780
266678
126406
394178
205019
956376
290625
932611
66624
552167
25542
72791
595208
141291
680938
310996
941924
339957
141375
499021
872748
247656
425969
235169
990532
194117
575171
68572
358650
751586
530035
734071
777938
529999
827638
251502
194686
687381
486637
471597
605715
18507
383345
832339
370106
911007
839376
696244
844349
371529
876290
63040
251372
233783
632524
984318
735962
514508
510519
163972
941468
692498
26535
464311
442660
742237
786425
628964
256667
543030
535038
953549
586798
407276
216767
971530
559003
452476
886442
34856
221082
583468
370814
304617
580604
172659
624519
581712
783273
936845
255525
546011
262595
659115
410960
851943
185706
198332
719855
40650
149991
672174
958358
328331
505977
760854
286745
369098
104147
845141
270238
499682
263497
673636
954394
593527
154050
585164
847690
386165
614234
35877
760784
817911
933865
458469
223830
810308
398338
300474
505831
184539
710754
528495
773333
182638
330926
688633
932027
433425
395088
257879
963430
8382
222660
821970
491911
315129
87731
344577
409473
307723
225375
517172
32385
404802
933206
749762
904540
481924
717873
993728
149340
95093
671486
899433
440548
204685
555788
996380
805429
1634
629650
99192
404805
377363
308733
1950
896944
258541
744649
806082
988072
377871
887261
652174
405887
13161
740321
892493
509406
660580
377446
502510
894244
380775
588362
352219
263920
494130
321766
412300
730353
885829
414706
75854
112805
317696
286710
826836
342750
674858
362820
528118
138049
628687
475333
29028
63185
767472
340931
841653
171716
276077
156648
387651
849007
648279
298200
889469
398765
123416
849325
966634
78270
452238
274337
35165
852931
843627
293938
847004
507939
940024
393369
42108
360055
740695
692444
389043
552387
703808
267162
146637
861810
16108
53286
232487
858567
930334
477817
218174
729420
62839
27535
493231
475013
867672
12899
128408
461317
653990
621018
961212
994855
717079
321199
794041
873278
521
988085
726737
413585
231721
940243
308099
22223
868084
243898
641710
775100
699857
528978
428350
934375
771780
140955
485222
790693
448090
96469
473724
272807
173451
203870
119138
687442
621857
94137
272235
416076
866554
791012
323646
895539
870293
216466
220375
159591
843236
676576
306076
636251
525509
369856
1246
35531
744097
855927
613720
271583
885003
21610
185299
115348
429296
935561
786466
799570
820308
73749
303047
598562
764301
801083
957620
887604
2180
870177
552336
777378
305135
148613
137738
320558
206386
360289
234194
301346
381452
796579
431447
263453
498190
380242
572436
980338
558182
936214
362369
323974
12561
353057
151167
730166
719500
305073
751462
737257
468921
72641
318207
237201
210370
884483
85285
469329
25857
853763
414305
15714
957146
326199
225553
127743
203200
469318
808557
187251
42415
223011
779610
154150
237678
457517
298814
879310
600125
4054
249175
103458
190055
311699
514649
648381
761807
111612
907317
999275
70192
766167
742471
355047
425377
928117
681077
661271
458601
601173
730266
924848
594158
790573
228777
934203
898202
344326
886993
450302
109985
991953
414964
129461
416076
244203
734659
509106
537172
659953
792816
189768
545717
628487
257908
855227
380154
612831
651640
35345
674840
143073
493410
525988
303477
821712
959155
1121
641189
29764
259613
71024
807078
903402
924418
557391
319952
996044
327801
377010
855885
79788
676771
265820
866468
891220
708351
846750
908562
213583
275891
101370
526228
459525
850594
251786
529009
108587
719958
582665
49476
305357
894732
603072
684260
708674
14544
393573
952171
86707
353435
729106
231648
79773
773425
939831
127923
227704
790816
58025
399943
886144
993614
780712
992485
685187
559391
678278
404849
869973
792389
324978
690142
938474
379974
42132
948981
901734
771398
237032
59348
691048
299047
711408
439177
649000
163855
257598
27959
59901
377095
443417
483155
792542
934843
260481
180346
480520
195356
722131
141135
840467
240202
624624
935510
855666
757749
210454
487925
970460
437415
360842
855798
361878
315183
823222
302971
652927
403761
45768
864803
948012
865152
526921
244508
267756
918894
155500
348319
149684
883459
388612
344109
25833
546788
541651
460473
462701
562536
149193
612330
311168
934927
991773
546109
969584
690109
377711
209260
637455
22888
985529
71144
842768
844846
98047
251051
355419
570918
761983
684061
144158
872144
308574
726125
574077
253101
426826
86135
692987
965366
875236
378333
545510
509399
685877
742535
298891
442608
925113
744054
103456
122586
880159
293975
39328
270986
558698
357819
333632
404201
947140
310638
895400
601937
497447
771838
402448
105784
980174
353463
79335
144821
854851
849617
391138
918175
71182
343873
257211
750178
985247
330417
444733
12134
970715
755583
574253
97840
367445
120342
504861
380415
509954
155867
92801
301619
112394
312962
862091
32785
464254
694894
170040
48616
863172
809538
494683
197917
631653
437375
535505
3213
50056
117597
236770
615631
66750
717399
325589
195828
370506
531868
193476
19227
260462
610975
340284
635252
393645
518816
276951
830976
88290
395750
51706
867177
277334
203594
490057
851976
441236
405575
672664
76098
465214
777366
810238
22505
41799
385420
429266
852218
534232
349008
217893
383950
59938
445078
399490
938943
518533
524168
454628
774915
100658
898586
909910
820693
393572
135933
796072
312194
646799
481708
839007
16604
826103
145535
623356
498257
67571
762510
581254
171234
879687
986620
203856
850484
283873
659306
813455
843318
444319
433581
63903
344201
847323
768173
889195
340894
405024
489517
191005
305907
585286
18875
420305
932067
105658
894006
743686
103864
780964
810786
290681
375409
352924
146148
284896
919583
832877
481594
55789
324001
2952
408282
243269
163783
963520
463653
458486
237150
446444
719488
703105
532388
997426
876714
451641
94297
63112
681537
536521
625982
711808
923229
288668
101862
891929
88145
254288
230337
249834
815780
688428
707356
831846
734657
272374
608662
273047
159147
272941
978226
440179
733521
857793
689037
916026
273338
486559
874958
478360
475703
762588
197584
390804
659601
840050
767746
496089
610121
616295
143309
436225
393157
798320
807109
230898
102948
32678
765355
268229
853202
293537
316656
266819
982314
70781
689258
220270
149924
139052
426408
610552
308035
988375
527781
115426
376900
310634
725489
54567
474337
743430
238667
693772
305423
36959
436625
16490
912110
350798
825684
969999
864307
23183
379794
272791
110526
190704
951195
893301
432812
822322
706908
992641
133864
699837
239673
571510
441468
959292
833896
215974
298655
381324
562422
917126
57401
35854
229059
708129
73496
346834
943556
987186
602449
584825
626464
458623
402252
600707
326714
883342
664805
997215
451194
382974
778942
397174
127208
558912
102433
228166
351283
261804
106073
265885
239596
866471
422306
985576
976936
810330
602908
295230
716256
310519
7739
868172
278120
797216
410131
283375
578303
593453
594571
537706
928863
585322
10309
437655
694332
398962
817524
978924
611420
124195
115887
899859
570959
565617
106780
289423
98599
873004
819199
117387
796613
509876
977907
892879
743804
462804
935216
524581
258932
108933
840613
348627
784367
629116
223873
563326
136393
893617
358012
899026
686819
73182
575881
266823
898110
965740
96194
741949
868266
29687
551302
80643
712797
79433
887297
109677
165763
447281
19295
613653
598270
291801
750108
457761
683043
665378
858339
820604
147971
743231
718118
824309
293142
705084
820422
272916
673417
680725
76884
570228
354768
640411
799410
155146
52655
873490
365916
255614
99735
158038
281674
864339
848132
728802
378197
235576
840410
139941
277247
520528
881967
122670
4426
675031
680270
481339
768008
666566
292589
743367
749820
94926
82717
464042
128455
832992
20737
200820
794058
806453
243082
77506
28606
482927
761122
555314
850327
275173
667900
532838
148179
349300
636182
913260
888558
602302
958101
652739
726066
317276
509331
490453
330931
645589
47468
140544
801879
910143
783614
783882
29662
777232
263692
707348
915575
801042
427062
709417
839700
715628
134263
872615
587119
979346
498988
930907
534261
355938
443354
780014
123444
786490
450076
505774
805692
989125
777019
273012
986587
471449
246840
908119
308224
551543
986738
631985
603164
656583
939684
934290
212469
411927
425151
788383
945542
363931
216617
471701
188667
193986
369691
231213
670770
370685
39243
528622
959570
795757
723932
203729
583159
331241
816300
226544
45880
115816
776400
124066
71475
362077
720449
409362
380348
628750
624537
486154
940468
33927
105698
562186
17378
8508
203972
393904
453668
28892
517915
435545
616660
373141
356536
453177
651717
660152
243154
592068
606609
100958
411407
424694
773880
220012
649833
579045
724229
186979
823661
250941
343487
862405
158778
484364
557145
110347
593578
680083
560161
634183
269051
796996
853111
278659
398858
937844
352708
377896
61444
235006
693337
317167
372218
109983
715041
2849
696867
492511
40396
391010
335470
896088
156040
799056
272073
768711
250787
509739
356439
486393
315866
137824
613078
34298
747109
645536
18875
684799
462720
430081
436895
104023
481460
10212
429053
343909
147424
954948
748662
467702
535315
68250
532074
815691
616815
451862
543999
297290
42722
487447
817419
431325
251138
571515
363346
576020
205756
628781
202825
552687
88481
550302
370753
925014
358732
96014
407246
186028
814049
317677
198783
754183
371739
648903
446621
417107
749658
393765
882362
571241
490844
923559
921437
808994
993737
769732
352986
169371
843371
574658
504632
278269
213566
542339
996665
148662
857159
809120
205479
782504
606466
344175
568355
736045
460999
896811
606720
468546
752014
517883
72241
572528
765038
114667
812774
86744
59239
548697
104213
440206
573096
356982
676888
832594
529417
457900
252579
860736
946002
241035
105510
740546
151344
346705
323482
728532
530550
863012
927306
178123
950523
449074
215010
853784
257206
624049
370364
140376
994742
64322
211049
951413
811878
365559
698510
608802
238725
97718
242667
426771
286787
181260
926636
612119
34902
573838
651505
545205
273787
770688
57550
961846
584595
928206
858346
70389
935859
312754
910597
535040
785372
97676
335370
942230
747800
295613
922681
972870
468060
382704
745096
852680
650354
273447
288700
822504
271715
786033
459560
876728
938228
689291
883143
153414
380640
332944
74218
933976
784533
466411
185751
56412
800431
97290
191121
211562
950728
924887
824335
183517
474636
739025
386660
138218
800994
426059
290941
213889
914230
218628
482498
691530
387213
920099
473808
655754
738694
353666
781907
907884
285909
20475
929835
537958
335942
707531
579567
730600
212689
10092
366586
205015
787435
663158
206763
278513
941424
474337
728473
887848
548697
468696
748497
914271
544552
401135
765833
159105
814297
957781
536574
679574
118790
415662
555703
866034
337275
754977
740407
347656
628781
413651
857545
872618
579072
446687
910516
738371
326844
479175
890337
360522
313900
393475
107770
568039
919338
385415
308414
33339
830529
866917
102791
307049
995409
272995
315534
704779
587059
863260
88335
535150
242092
633560
464971
31073
589541
513417
458306
126703
706512
126962
691728
207843
833019
161847
186247
355119
238412
839107
646041
564654
799093
647459
416247
308224
223502
651386
624984
189692
500853
508367
25313
241814
568595
720839
208209
632741
422143
626041
210446
947604
352244
527224
944823
802818
264550
467320
102832
529795
526223
621415
740855
90770
782673
653103
649424
400506
508893
270696
371476
558216
337178
241685
795889
265961
902511
366396
931762
503381
38314
638293
351641
713877
614770
420639
726920
422910
21764
328886
41759
475845
135690
765141
96813
214937
323546
707173
901879
163611
309583
735195
622711
545280
861919
140796
202074
805044
282520
707712
235111
683531
592139
853257
553576
189144
848697
595988
688261
143461
113090
127042
318949
259839
96997
487787
582232
1937
803241
460659
915805
577466
569301
395789
640181
857182
350576
156526
99651
148070
606966
272759
694150
826357
195304
746566
311424
208662
110207
59489
19905
792086
30795
90942
719502
948634
573500
314915
522173
227815
153203
996308
931680
984167
156243
222500
243644
404187
569880
943400
900776
410454
881250
124083
661121
331910
986929
533021
683394
139249
61692
857600
467828
19767
451027
209547
253003
964741
162371
621582
976049
854945
19710
800254
83884
801272
596113
783678
749428
291836
655568
821387
827437
732277
196938
446778
760239
571997
682970
783680
550031
475763
523550
868036
55727
976145
174360
306334
374752
475419
407273
794920
894305
746592
377812
992393
725865
190950
867093
26148
826283
797170
966991
603281
577049
968071
854175
682420
786107
710321
293929
232304
722616
316157
547873
387667
532498
675820
138060
417733
904657
64504
527347
303865
396127
161748
52176
787750
959192
475818
4813
932003
437575
651294
851452
935901
75573
344045
175140
44081
380171
764079
880840
341429
174041
690263
697659
861077
191190
446872
662559
947391
204098
228730
757683
130580
109398
828071
627305
156465
44075
111272
952107
683123
994928
739999
596348
859207
417443
289537
47920
860460
685717
903061
339013
314133
732285
642822
761287
353660
590727
809051
987182
522787
785909
294026
122832
995028
646928
234874
721712
15930
719638
793628
592545
604580
235326
988970
260115
171201
413703
186337
890887
672219
970152
637655
13586
307365
565100
638632
949938
875757
418771
682890
423121
487575
288203
718683
487980
181448
904378
762022
798071
412307
566311
212536
258362
367696
347603
701881
121302
678953
58351
255985
100878
961881
277201
672311
326318
238488
185525
704229
511619
537560
111326
282673
759396
662216
88365
172765
69087
625000
13715
635781
380344
382244
358863
690178
238639
967676
127064
177484
286798
381501
972924
247762
37881
297522
572831
215031
291567
218908
441228
402389
566326
674592
88419
916605
301298
735570
327791
544262
883808
963147
131983
311178
596828
537955
641930
749301
647040
59598
108936
755897
293260
887390
547716
765777
539655
587724
407874
965341
415221
206496
593334
994976
294770
971574
846310
21097
212642
512071
450586
91415
118040
401259
520118
234718
817827
462038
604529
753600
581440
556711
237694
159053
88905
256966
585465
343271
908380
837246
870886
100231
727205
358472
