323505
917204
604931
77378
248161
975572
428953
992682
792595
96176
495855
968751
704926
565350
929441
501525
582831
448344
984655
898564
555328
658384
874812
817995
468827
549824
485731
301757
734313
582285
427890
946492
565178
474402
996369
841838
303055
893199
137935
617555
670116
268983
269823
820326
637044
459844
357086
506756
675056
484323
255922
916872
750530
964364
973615
45473
407579
361914
79051
49471
335774
498687
941366
540448
900300
680151
787619
123661
750287
493551
600552
899739
201871
368544
741093
431621
461382
179865
364348
990588
716220
67695
358553
616173
428621
326633
523809
834195
113377
538429
12784
304255
859775
251423
155748
209477
709746
914349
936069
20246
402547
965385
622394
245300
596491
780165
513624
847799
659277
370122
937072
768023
483534
122167
935993
147704
125513
392379
182446
401376
691440
700287
940476
478540
706993
659692
104295
40390
286269
127795
951007
382046
505628
729225
535513
956453
967554
293194
202025
343658
768891
210689
668584
286439
934515
881707
555009
72800
911729
971148
986515
524415
166080
9088
317668
980279
946038
759626
155944
771183
425871
724350
860706
324736
104301
519920
261421
841149
290582
242162
994373
444316
241477
286159
63664
985286
73363
496801
86762
995136
262757
946179
140306
648947
275875
887009
895090
47391
84766
665852
348741
32241
396722
664569
766836
598991
509096
455902
494370
400152
729819
502691
402192
616801
284337
442113
128526
29655
612063
429364
879739
795375
652369
118571
707167
124837
394897
349105
476725
473280
965035
78278
912963
805172
960682
541664
214850
572610
205582
754711
12210
661254
821123
727340
389047
204629
760731
139071
346048
153809
258969
282906
917915
554152
146495
909575
196632
777669
892074
737204
647779
752855
21824
545176
768255
649081
192331
854260
189915
146643
669335
648046
249992
400853
657224
299313
958755
907342
316016
424437
650379
533802
564854
262256
447799
384645
772114
212048
787980
940468
267996
570737
217693
905374
546503
630800
421170
336310
615060
9749
585929
945022
105601
712774
510960
370155
71720
739321
284254
617132
825594
759543
231783
172203
250746
19974
891531
294680
759355
846769
525527
835429
516328
887557
313681
106639
586439
502144
918303
611806
151100
872028
493780
222789
983163
630378
288611
511772
46151
108359
805167
38736
138585
832879
464524
975161
381886
646237
134205
487880
32771
615404
617224
337307
546378
854416
778022
116288
388433
21899
635276
213001
876789
685223
740489
951266
531217
179076
796807
184215
875766
823806
256069
251268
360458
613978
694866
759593
238042
227451
529836
553541
748889
78664
871143
790316
847889
155409
104271
524279
615895
223301
197132
664294
623063
356949
777913
531487
332628
818871
669435
40231
660262
820172
830451
855467
22331
853595
462737
117017
712691
830636
32227
143192
671477
548965
101331
1051
101169
574003
22698
894460
511527
841663
300497
81378
695392
874082
858355
312916
728788
34148
56151
345059
120562
101056
895001
532964
23756
934009
41699
363627
171305
199666
519381
431633
670227
48120
798348
141041
160155
254401
881261
91981
860281
35252
771428
75905
990964
920116
216706
342384
182304
88394
760891
585070
428206
852283
10588
368929
985270
284643
125324
988509
485663
106704
287330
637315
623706
962289
483812
153359
235050
662335
822579
908410
419449
575545
782899
339456
747058
846791
319587
841295
633369
222395
273903
975634
61873
521576
801531
939454
157733
213204
357931
433089
355906
175820
845354
389750
492132
392286
541965
987836
650809
216454
596415
85993
823125
950859
640427
969423
569039
944654
323740
970252
395357
250538
425948
731688
320271
952670
630734
720677
768087
369107
165509
983459
60961
733265
788722
386012
337064
582609
757445
770751
966118
214178
350919
597404
723087
193584
983198
874275
475683
758296
425895
410608
982851
678908
370773
416577
993102
243581
994141
597645
298408
876748
656188
564549
952331
64732
863123
958698
362871
820931
485816
323036
650519
184790
494392
786179
78258
901241
842298
162380
242240
333971
780082
664682
388156
205376
696376
335325
981391
522912
929459
782585
191063
881873
475763
870468
211536
61165
80160
15246
855766
316460
999624
267775
312881
713929
677538
355317
84508
475867
109085
458850
196285
967244
895291
619347
550629
943163
12748
412725
968935
64918
569999
646093
170180
726026
270882
500906
530574
202586
170721
491345
381539
422325
395486
623787
475072
577530
177692
908911
640192
174109
912560
346342
65070
9319
374211
560881
166414
941953
454101
602940
909951
217727
621438
568315
619100
161588
70144
601223
22412
301630
512690
265658
807694
619251
483820
531051
149297
593497
99334
677679
79725
36849
102233
149659
365138
488177
130476
155372
591939
645273
165908
75460
639478
221948
554717
307180
607507
151185
16941
632198
625994
396631
560861
464575
912640
408058
744152
783890
477402
2078
588668
756490
2408
324411
104986
599118
395463
25280
417628
278223
117825
732069
475918
558618
747984
961200
44398
385829
957424
80641
154930
46217
683150
779516
375357
287611
841802
933117
907615
448333
886028
627160
820935
638221
638933
187444
326655
369163
206371
735340
474694
235796
580406
334802
799944
497102
945631
680075
474006
654837
890492
950751
15815
687354
309769
776905
70472
446663
181898
545417
451065
215575
946953
55862
693874
352027
9795
151022
792637
484209
863332
606457
164677
131095
158713
25832
68233
528757
586361
218960
118562
726334
667444
678895
571361
619143
639080
131979
903721
350886
526475
968769
805223
809296
530623
365360
252700
634519
742165
842828
905684
430349
233147
749894
249514
463317
455496
127337
323277
32319
97790
488971
954922
224241
563748
57470
335394
897812
640288
390492
22065
194359
13621
280463
109022
578190
363015
759911
685835
251659
978940
65326
669177
581196
266234
736095
48924
991220
349292
796699
626188
941175
428071
608523
793270
40312
108028
805168
555766
243647
406377
188819
909583
923005
481719
868239
764447
355195
800801
33976
455301
852991
502125
987174
223881
173655
940497
868380
947593
42861
572415
858594
943026
210465
989369
607238
342065
874192
531681
392836
805378
142710
279176
305075
170873
438276
203254
410017
905556
652234
966389
599563
84688
986315
301091
652454
714605
139068
29242
907186
954104
534282
411624
882186
830343
46440
882173
19789
759573
548141
715418
348158
857134
204186
44311
585540
222018
529233
127389
939814
312252
311515
310781
871678
350678
575499
619585
281682
971286
76980
974539
514312
691988
692122
153115
886909
911516
17136
663324
843442
615225
900011
112103
815650
480179
33006
211939
725265
958611
315336
929018
972137
55379
851585
251711
861179
481015
178185
959349
39108
522627
272835
553958
440863
79222
403174
227195
539227
348623
698026
345521
218715
148217
870287
940561
147362
661659
394989
640879
389563
327027
889152
291576
353992
813679
368604
762319
950386
333406
182656
624815
756196
725332
905579
83071
799583
475444
616418
388044
855959
978942
656618
116618
438172
280952
239554
861060
5617
579546
723045
534214
359276
689952
147920
383994
409490
833319
981843
46114
462858
590767
370764
979580
63426
716087
875929
698667
443895
904069
532658
78017
540127
283147
87147
690623
841905
285672
284360
737111
890076
754169
658098
681637
704118
377204
435553
838336
785705
619236
308520
462676
144526
259383
996935
906024
769414
425138
452847
896509
942350
582545
60918
648326
829500
562309
701082
582048
920012
90437
49381
337558
827320
639724
150592
388553
300641
14978
148947
167250
328366
768119
734606
869275
378547
732814
691682
422084
144402
280625
688510
80168
316044
879796
750800
838015
152667
133868
927965
228274
656515
263498
173294
405044
600362
23134
721223
370643
610825
419271
744105
11180
416294
375602
551664
463111
713492
640842
821138
996788
779207
583764
662638
496499
536320
715219
41913
953540
837373
787367
655140
831199
402214
463101
167476
457029
755909
534221
24922
82571
820400
528639
67195
459959
995665
670032
764365
806180
491012
28535
236137
730336
703001
842753
519206
815378
45236
936835
616095
90794
216998
731645
832519
729644
361315
132511
553811
982964
472666
752497
235391
295234
536805
585320
388710
220
837358
401982
688260
270782
34948
601578
755687
255542
570511
43942
649728
907082
760115
398343
629839
807968
348494
695767
883215
272159
119424
906501
890162
421689
26709
253511
386244
744523
950048
655934
170406
912520
343649
948197
337744
875170
49049
868131
645206
981011
796155
11106
371138
613586
148822
194892
478783
26512
956305
6164
227603
781145
661746
631100
949877
106517
288999
574155
631306
316569
34093
717163
588072
396601
512275
4125
692608
299396
43839
165071
850738
384698
448345
265318
655397
125345
784399
19809
85082
774265
161362
697254
230852
741469
264690
715606
364653
9893
928038
282868
915702
290111
63601
57797
553221
83468
6862
155597
630128
250427
806100
477534
499116
971891
33399
996489
36755
29268
137170
414292
32328
74657
169211
443266
512131
230762
626863
73928
103506
732970
269644
884535
409689
227629
442450
937333
867902
554602
62777
73063
68658
583736
971260
707872
184715
201796
541790
266549
966670
802321
25190
488933
932643
626750
128235
566630
877073
356323
298900
744095
586982
397734
638879
340208
864847
733078
825261
669009
399349
526368
790120
451537
526927
234787
713969
304743
851048
931277
846817
870450
994314
49134
759632
976979
794461
422751
928201
721531
999663
304733
690531
990910
556124
772030
853885
1597
119973
686652
315959
228661
508681
15008
234647
747953
837040
649098
382868
407015
55470
16145
581002
778309
809632
9568
302868
409089
15815
860005
416943
303438
269338
611939
212920
275579
151544
915719
717163
719731
132902
699240
209028
466131
574422
143040
823348
739541
162970
472863
656491
732608
639630
364994
757552
936172
119891
830192
358539
196328
562562
564244
538413
609126
440663
627063
694095
824088
53875
15838
39484
669540
843042
990206
176884
628222
170650
372374
284450
105849
972501
431608
499502
742644
825520
344234
477525
468902
442212
300434
76323
458636
980078
987072
864898
310695
153694
674841
594485
756131
653934
4465
306259
894930
310176
344789
274380
862712
326298
187385
650974
709736
302111
320959
453714
946286
682987
723429
40235
756109
245267
935032
35096
974817
549483
690680
6321
36316
460815
566728
844447
723719
14394
847807
745469
663980
58553
56725
839592
257945
148719
623169
953475
274901
214050
930606
420035
717594
229989
64813
354415
884698
808745
384611
674911
597683
457133
2755
797444
548099
427076
55044
895087
757421
790157
960813
92353
621535
338853
271795
706159
893691
916602
669340
218579
672620
839484
506054
727008
681387
604798
185178
355713
547144
245998
702170
151725
240043
297377
473589
83114
270789
632046
896990
824762
528215
14215
34802
437976
759837
602720
822506
329213
742849
293376
372657
496736
676726
102181
793992
249248
354446
792453
115346
101528
117240
71269
478453
857644
968383
874060
672027
619382
511354
325145
352066
343289
297633
722450
696082
807655
2021
702876
508009
447922
558841
181552
934434
949311
435288
758354
945941
373601
28383
12771
713099
747893
187726
384521
318837
517693
634016
500911
7064
401136
264306
209288
306249
869559
360669
948638
292845
255825
292789
210288
524479
954674
686771
299726
354108
379584
959402
555649
573979
483939
922923
123822
209595
969468
611865
807963
968104
705740
905329
690134
557683
178753
339736
894978
527781
535040
347101
117525
640090
173659
391922
309183
552966
294169
445185
770338
961730
359414
901081
253380
126771
411905
757459
681825
997685
269516
219167
423158
230337
457274
178186
948140
755829
595877
453974
692530
282310
697953
557426
872879
226493
425994
169283
171048
858466
338028
900920
193760
384487
330883
25943
908996
192317
567801
980627
459386
304965
933500
740418
696739
139196
735947
51033
937468
335372
223627
965523
86061
828719
290278
981651
528805
603180
340475
718577
765868
499634
9094
528573
292172
218862
806996
310710
166382
486812
717406
657068
994596
507248
865388
497209
4871
852483
430625
918387
230147
635255
882270
212917
844525
644674
306988
708023
224277
549723
2341
987917
850700
702093
328781
325633
991809
553892
983862
828844
896934
753257
651817
21645
213681
766822
469871
370424
560957
624091
489064
449920
278974
88299
491496
840189
954442
309513
57671
544752
837823
327199
466321
226040
503184
431856
272794
450803
758734
270775
219462
764194
60740
845413
922545
115552
490966
248970
347784
880424
162860
768748
862857
450890
549165
77127
220308
537140
674381
484404
709999
778171
266821
4158
246014
908754
397579
577292
194238
890060
155199
8704
842060
434070
787364
45184
637911
76894
467617
525952
515491
139756
843859
583026
126070
666226
619935
576331
100673
991051
91823
71884
795230
797949
404282
21341
660741
292390
270352
566355
42655
470459
598596
600162
205664
38157
872980
117176
546076
293990
59979
68482
663773
709783
926777
662744
385668
345005
643411
760529
908548
272078
606216
466274
766027
34222
524793
270506
172440
886722
931564
548853
918355
247661
238169
333267
276047
912787
394493
583923
287890
427938
803242
935356
188658
249689
131665
637308
212157
402658
816757
717554
524702
723415
71129
58473
393359
878749
983869
196296
469781
456938
248330
227087
791819
106854
979568
997363
906948
50868
601635
87757
417526
770181
846503
609742
139107
97097
505350
215899
973022
428273
167272
467858
537114
27708
963085
81344
142436
738374
345196
704294
885020
507735
429991
536656
114077
939739
108401
801543
230168
260211
809612
550623
338930
641141
317634
554294
250629
140946
757736
468831
223827
156685
670114
870946
109186
590720
8496
136948
473047
261876
463399
904607
332961
660993
775027
586046
813222
449326
62621
60204
849265
514089
889990
303417
181019
328717
228905
350963
168944
856847
991470
868528
591208
878279
553786
927945
219000
749626
951411
983584
524907
408020
935877
76050
224866
67866
822117
958745
852313
434648
649029
732364
604592
426996
875535
831311
526802
344050
791578
378304
133066
813468
10070
345171
574311
561211
623697
576040
97083
338530
513457
734488
266676
387079
707604
629638
801753
471943
619757
924899
799762
800838
716679
95733
172937
370505
825710
391494
151181
274274
9165
425011
77149
530402
319169
940453
138776
306137
329294
143417
213851
273714
512822
830920
199623
728704
738523
941341
145085
966382
56854
436828
302111
643247
180355
77450
626788
691072
328119
628459
51721
520911
95809
949565
217059
241559
199416
685570
638593
779921
853418
54615
94510
700365
663879
415671
350576
782298
126131
457745
935745
549700
844767
643724
185782
337744
103030
344088
875613
32043
58036
838017
890346
529676
924205
857704
254262
495865
811706
536432
936883
653915
523504
791560
798348
544494
202339
672660
762914
255371
394961
220660
264941
43343
107571
927963
554402
463889
646133
566514
469665
189904
698314
898527
227637
285513
589179
68434
364273
643100
188969
14088
568985
250719
850116
540834
480938
558096
376417
139284
563133
334377
186236
618147
248940
778553
259924
334945
319791
528249
94862
24402
333942
712670
210280
754882
694408
525977
388966
97659
445019
210104
704854
637287
341182
969022
890712
126409
535340
237941
952109
500831
491485
858797
391061
297895
603673
994889
736864
409646
231267
379825
795400
212498
842235
789562
8689
869384
389104
841055
563392
457509
781454
381268
793624
647357
316106
613835
903727
362485
450702
80236
188334
501103
218878
190864
621357
404012
505426
351377
339464
268029
399709
545791
141071
958131
118460
609596
455509
588512
383808
464889
254631
603567
16965
636749
656933
70226
685372
403549
276878
939091
807635
146420
5516
469951
912760
700248
426501
830067
276925
788293
102654
425556
632533
192366
564925
620794
741850
688048
52883
27290
294139
3177
510555
232613
513428
467069
180907
341968
774097
101516
16638
133694
942222
359528
740452
166627
759600
7952
154728
745863
688876
640476
714004
131049
127784
963412
50829
156796
539712
70546
29869
56379
741122
539494
432021
420108
15832
484997
214502
336203
42568
176509
56839
801652
108851
774972
190758
972492
296229
134777
636340
997268
818202
290158
702893
348560
430461
924259
370666
984410
763273
254748
126078
516011
604628
328652
45617
274363
225890
275633
990513
485202
657326
541858
1491
244395
864021
31482
144657
955421
370473
47121
486855
461279
164611
856962
604143
892171
213309
544578
608971
959297
278204
11859
39217
125452
510301
64526
255581
865064
609629
372329
856831
675375
927359
416936
964143
825211
786847
633595
536389
104009
916233
984168
821890
787666
827841
849278
492002
379781
592531
553226
277047
415664
677138
99082
523223
276017
703574
63343
872877
832340
680966
471920
398261
462186
949955
186737
508811
602610
507017
414911
710668
8829
475168
288908
549610
275069
265004
308140
176638
2429
369494
527333
978529
241634
150545
522859
548570
661138
373303
977131
606325
185008
832782
15134
646701
459558
646571
426004
435815
769809
299544
908552
544577
927500
260823
329711
532194
558240
652877
545178
205932
588551
722331
149064
831958
5514
647711
42831
920245
589286
341423
43227
601372
331330
806991
885252
380619
723021
611751
256005
368326
236084
949806
687559
458351
960646
485078
269768
914246
315502
720800
91980
947450
66230
773132
914564
595025
713098
965546
529636
954470
563589
316896
595199
641577
920575
933868
691983
794871
499350
731079
668163
602349
27002
716782
330207
373467
798043
888986
82147
916522
678627
468681
551539
481489
707263
366193
629631
62094
807792
185448
272212
727397
655471
205570
567205
455778
911724
686051
438159
697191
468533
869558
611671
797482
771191
770784
967884
54836
518796
755787
316422
822085
579260
377117
932745
15872
234647
754100
980512
651578
672898
507657
867829
957007
206485
192974
815425
34301
28069
472216
432596
827200
604954
865456
145019
770977
815266
929767
909558
560442
948612
272663
343935
124626
100560
869195
146435
904426
95580
713118
838575
641430
629076
643519
638848
957931
757829
300825
861485
386829
821808
243846
877556
526207
770505
636145
75215
661993
137690
51693
267499
472479
208377
234480
997038
262268
97198
895504
334958
672542
280306
848089
411498
86019
74810
973727
198979
531910
589147
387207
25297
329248
119542
802423
385444
325415
358944
540446
502174
947670
421086
273879
736151
365081
302111
541994
962309
509457
982411
759944
106674
190774
939624
603916
443536
588033
17288
494261
482569
292095
195768
821422
428951
71725
432148
697710
276798
542452
608396
106966
651463
698965
882321
419239
834545
583028
429223
831854
480248
101921
743930
72526
314876
807073
555168
628268
498283
541862
29417
501192
799602
61556
832848
129292
116960
676156
888605
884576
853100
237943
426698
925918
16787
555415
470785
256238
953768
941699
155290
538416
926130
386442
160634
446487
490572
914233
737549
608364
399434
68645
884234
59512
742900
937347
97644
593245
989709
797561
708134
10399
157571
569937
579724
920644
928779
592503
935447
189729
666072
293483
215175
321431
747885
467694
416101
599905
815380
819823
75554
880658
830607
976470
346793
737497
808028
146239
321346
148692
161907
670705
905566
737992
30103
72027
881524
405433
976447
946862
127129
340977
383817
660547
420735
530121
444870
432887
631796
679570
491586
702248
358715
668650
110594
800081
382147
527665
945897
864275
360345
30475
27354
852696
388126
229419
654611
923660
269354
374937
47294
838915
142133
289450
464320
318396
149201
820537
260366
941645
902990
684780
760143
618975
787760
355964
453178
218041
650073
731508
100837
651245
867121
489285
396504
434542
563650
226543
449230
147846
658683
966765
932674
833492
810841
381328
422676
540485
318471
671712
317548
647358
701837
164171
108662
584096
788012
117863
964800
838152
322489
249209
881340
95304
27052
142034
714661
507551
698337
173399
249793
282645
116884
863288
374036
28401
509896
194514
170564
224135
923634
442366
707017
73594
61860
373007
933948
516874
825139
597502
345209
497361
405728
171048
49143
621344
75806
986443
486195
450777
826171
380126
434000
784209
611459
102609
479066
386236
340855
524945
994776
939907
914667
786598
579247
870296
594254
756186
774627
724252
544029
685999
344908
722550
785198
286209
583856
405607
821765
62793
359923
243573
115470
488112
317582
381716
582288
352876
552754
741495
671692
35652
154474
257294
650289
272416
629260
20785
484446
844429
952204
417677
397518
739609
583782
741488
193734
402040
954719
378994
698592
836891
264379
66762
474295
319611
294655
635018
399619
339883
183710
812768
905293
756901
851048
45913
441475
566258
952435
588683
498765
161268
232813
375507
626903
229155
327339
710001
19387
140353
318570
990026
873662
847814
28319
96889
885098
847193
727605
563055
304496
165305
935952
715653
400910
967004
264790
519226
318812
875022
449830
303715
291133
584724
315325
528420
797400
116754
40014
607529
938477
76391
922578
813271
74964
702926
504772
472975
760060
362130
702926
843415
38139
790795
674354
788543
530208
870443
570677
196066
337625
925329
369195
274046
695225
577896
878497
443766
95402
576591
968188
632232
676815
239348
584075
487259
869165
476313
230924
124853
253205
8019
478617
223105
60877
500719
579390
864200
695929
614230
567256
927229
4663
901881
10240
156498
747221
258312
910273
29621
439358
122270
21954
929133
565633
652556
572757
537952
834644
719944
677524
387507
825248
834721
177584
528175
978998
523065
217088
877857
344563
152680
840716
953576
839511
663661
818984
305391
29496
187509
504553
909272
749273
958078
104826
626275
703686
696448
485949
739266
403236
568248
314453
311094
705026
87757
790797
293453
627974
629853
112124
68840
758006
133228
118043
410435
49873
185462
386364
212741
355116
433298
501748
354714
156495
546944
619020
183008
434602
244136
610632
103903
53460
558663
108188
634324
45588
781694
438453
961128
463875
569397
542178
973849
92350
805128
885013
554720
182930
787881
705163
300641
364135
630863
569039
120494
371958
64864
532269
539539
732908
337142
172184
835928
257396
154531
478210
581609
912085
3937
979560
391898
981579
11489
824628
532314
277779
203858
364522
77274
539722
955230
378598
663005
982365
350404
326818
594457
919463
198847
54551
436315
611937
178346
213288
858262
874475
863745
766506
788534
388870
159864
746237
84987
234004
665929
253139
462256
994045
614707
117078
288584
242126
8284
213040
757726
328551
376329
947886
236441
854905
590133
428394
814934
181320
734056
637395
332775
585715
206893
79178
393638
577043
981811
771314
532898
17816
325307
631733
527923
435284
55641
736089
361159
374706
304040
943647
366862
80524
800049
820172
777067
397219
30670
612695
414425
703002
854441
184174
193192
967254
216733
83493
350471
256020
103518
131049
302508
507647
344232
206013
491172
736490
812949
930573
356947
461069
679538
416399
957656
380290
21184
958173
205445
318114
316579
509853
639700
870648
812386
969485
464470
798276
559317
990655
182134
174315
17963
386849
787134
336723
804077
570974
647653
368856
542634
455481
559731
224767
942039
749208
135000
203429
985750
388747
862714
780206
406457
67913
483874
564037
391799
801221
139019
359014
242436
417401
93935
735005
112595
30029
528897
835815
407493
540747
224606
518650
502943
298580
816243
591329
986246
409065
242039
626938
75147
212469
762712
483885
449586
484395
819792
754076
372484
889870
758468
96825
265948
78364
901981
66525
426321
998769
558124
262645
249785
5814
692243
632404
930507
816628
113813
839563
880036
135569
920166
643981
255614
203599
414098
12772
173729
38621
855652
581185
167381
20386
855966
314997
25659
637298
574369
45550
197216
19884
869125
133864
828665
241659
869781
383066
927929
214226
886678
531007
26423
71622
678627
367999
740640
860508
723962
965633
537796
115630
516274
403836
262608
992918
958592
212262
63990
272141
385195
178451
216119
687232
797529
317084
724535
606609
780364
780149
482528
942103
829620
918560
712931
145234
143357
784303
293127
418410
745716
567348
948738
363193
413721
19867
99996
883854
841957
914469
974978
998630
10515
454580
208395
749619
7090
972723
148372
329010
26517
116820
391451
771481
505213
841852
15158
142614
530681
119340
402178
372820
580110
766395
990588
482952
344092
990136
456607
21403
168292
108943
898605
988372
119930
476563
141131
388635
17249
440367
508845
444688
613189
405171
933872
704041
380827
243023
480210
686952
210909
734116
808476
172572
368406
805159
776026
330926
998523
574644
391137
52047
899541
332534
110511
538628
647027
632480
765225
126821
112824
732089
786450
253671
849811
407332
541229
317546
409170
837040
172697
806663
471707
823166
271068
6305
477269
16851
925641
715840
309434
636751
665366
219760
389143
35810
78541
941366
864543
538731
30039
781545
948871
685845
795049
143315
144101
213880
968321
443062
493881
653416
683012
622215
900640
303265
402210
946745
965693
794904
472456
538792
300904
494687
107082
755693
231423
179234
888904
579348
924250
11132
766767
989900
244233
419181
972438
712527
604903
990799
931434
118884
63451
111093
517478
820468
662319
865333
538367
968406
812850
184039
736431
225821
615454
492117
553273
672217
5156
765434
575350
162229
876956
560445
684124
206763
835869
94138
937309
885627
43007
408450
388303
354528
599086
950075
945899
701071
256711
732329
639536
131206
632118
155971
725099
269474
721947
424608
781754
926156
523759
675347
865107
590917
735540
459115
278700
956303
507328
943707
179270
66643
878328
450579
397358
291038
765706
453377
714222
703075
584482
507465
791398
222710
406970
657707
396039
673268
315836
877627
281170
269852
528946
451987
722489
594846
963317
404350
72671
258379
398944
147779
871725
840835
835274
354017
538115
484006
164875
43953
71911
691793
168639
975797
397533
331354
734001
71792
636543
741127
106792
783337
976457
370057
993990
22961
9145
441891
111276
381464
282238
816417
604183
184280
390717
8757
556742
730913
852254
593953
625178
571473
259603
946362
826504
382120
966613
685392
948817
397801
300127
213145
511947
539798
970324
72394
249149
339299
489667
42611
706969
43108
460958
554528
884620
954933
345338
348789
71540
502848
857332
674613
325024
419076
497940
288334
216494
493315
986235
155063
503937
770607
253817
507700
949877
746436
9277
275324
583279
110405
885180
577234
595882
749720
482774
227294
806025
522645
160514
711903
50076
496760
26090
335278
183395
623871
284706
78075
594441
231406
319630
473182
527827
784273
187990
260881
931665
936288
705098
675587
618772
379669
232733
98636
113671
58974
112425
627976
320469
373622
238963
877402
783179
274257
457178
338357
412350
810888
903812
781840
103454
685415
504782
275993
1957
226284
970706
659523
326264
676604
395492
100210
923712
570691
642639
760088
620138
935436
445837
13718
414928
327607
583365
993306
512580
256124
345068
631615
966517
377778
842844
394236
515848
474194
90113
6476
215486
287126
681982
329477
960410
153126
898883
944898
400259
328249
100532
865575
448464
187330
716397
705851
620769
644629
396968
596233
964960
56989
141191
621976
919064
588789
783582
104419
472863
777298
246767
245096
591527
542090
763241
595255
279971
246860
283249
526379
30862
889871
566983
363199
137342
236778
57352
357574
386069
860689
378411
67153
275517
465134
458582
698801
664188
845441
70258
912047
531216
106852
838262
73469
834503
787763
363820
460239
899968
923746
760308
797868
467588
476709
228504
108076
967388
614603
376977
150000
550277
492563
169259
711190
960816
473265
134243
336969
428738
465592
776912
418969
742725
541209
795491
254147
973447
381943
534537
755690
831714
864246
861170
807331
350043
168377
958152
988061
954236
989880
767486
308487
143482
602908
235196
912778
254703
21222
312479
920684
627054
9058
236541
928377
17511
856135
734989
492359
949001
818562
316114
964187
997995
880659
677809
336472
386678
655988
744514
153030
887759
194763
190871
424893
152403
614993
749191
517180
118637
151678
610410
109063
397270
807347
845125
803633
431280
895140
582313
946878
618164
862314
769584
325512
130804
710212
385393
845056
162868
916768
780624
638492
454565
185623
137745
915791
291798
936537
70966
18936
776695
250782
211178
371976
501327
323768
498561
453811
795942
417178
102915
321920
854301
508197
936803
555827
806863
780807
384617
514015
578137
27418
951293
787269
298841
723012
598971
920296
876884
539321
18658
888147
588727
219825
495495
769416
505275
157941
24928
498673
76440
443045
933559
992459
211354
422773
417328
886283
324193
111146
226969
290264
365121
592977
479532
398010
946885
413197
690836
838740
330921
961304
956332
311000
994939
841913
636032
847959
637931
558127
332501
553946
567414
97879
657644
595354
117549
981881
679603
328289
953039
708450
886655
757342
284019
187772
484174
391203
226258
247322
575730
505911
424324
654292
25002
563484
830048
398718
670102
933065
672125
395611
614270
554137
660360
400845
334975
488862
37363
479304
745718
261369
206508
481743
994967
507194
717535
458578
706740
577770
360742
718558
25633
343882
867884
260012
926040
7140
9190
970587
923222
898790
343411
476755
634239
477710
88362
553905
117949
842358
92012
907491
505049
545639
890554
81507
669559
326753
503086
508247
787102
85978
618754
813022
846907
970770
516038
265012
616329
359693
82365
288000
332489
713005
440957
540725
525338
219633
511307
97615
976158
441819
943507
7892
11368
691177
749542
668946
904416
529361
398366
94970
246171
538894
763697
63426
849649
476101
387278
542287
815668
678862
786858
809057
37696
716126
283000
566197
25921
467738
662386
8987
414616
404113
385864
92726
593186
62253
100441
89608
506322
236477
306731
100337
659026
172291
479226
141158
180703
640267
796278
434680
957687
121322
896688
623755
829472
984659
119393
122464
953629
940139
386906
19277
50337
366721
600568
637846
155051
954379
711325
569386
458457
726476
325570
800392
670540
621152
923107
995660
307327
529721
512746
518635
111255
949911
123026
256910
672870
39420
49518
654244
79329
866031
270030
47428
170167
551451
666730
695924
639255
354723
784830
950445
924332
626594
637838
690851
839223
69758
538691
192873
26547
737220
118307
893110
872643
674736
153318
534413
496823
695731
192492
319806
443490
936558
851682
400415
775896
272854
794694
118522
582315
186605
818840
583805
160157
418081
256557
321289
189727
386449
30432
503829
687493
152507
20942
222411
263277
153991
215192
498897
882226
529630
948536
802091
97121
599602
321252
988705
333410
789350
376536
686763
835903
105259
796852
885596
417097
697078
62817
358646
204974
279369
478350
231011
677475
590901
641790
716984
404980
151161
816461
7897
72339
427513
350480
348744
957491
934104
561337
390969
362052
675441
129154
739493
661144
396408
126858
219905
628599
103888
379034
646072
572694
17082
927363
666719
295839
941856
970882
727703
191483
339191
804669
682534
744537
112397
722378
746717
838711
629602
466800
680656
235327
83041
427774
531827
814464
893305
568997
224954
934002
947738
939086
486757
383100
576545
996858
435679
448867
495531
230324
302437
773863
174526
969644
774501
843194
398054
609646
953214
993293
564329
928681
243389
35071
541993
624591
230831
133878
516414
768591
946059
54690
926176
408058
953483
93429
853850
174684
345268
628322
920425
756031
558306
783249
198112
179239
441256
74714
201951
825798
301708
669848
944156
149487
259407
499587
546957
368314
986172
654355
124001
633302
463855
978812
732340
353777
165936
937448
570309
470327
159562
326832
357660
553895
409973
855449
175140
854966
604110
101586
592315
903822
808523
838000
475015
584615
643877
464280
799760
98788
181784
333867
815718
5249
524484
734481
121279
338006
137048
330794
204160
683030
723674
444036
317142
95262
962698
453496
599273
392028
678600
608841
64286
788541
622775
694175
928627
991538
862369
738331
359262
708538
870731
902989
256143
253285
964034
620585
40525
232565
390018
40132
540297
569849
891484
813014
159560
475532
658090
904299
216267
571956
509820
187426
66308
134365
338672
107890
11309
549443
213784
148580
938003
489431
987867
76314
256308
678418
680697
688478
47769
939140
514573
947924
638178
796068
143498
619050
464192
901376
427938
706730
527607
18005
829789
39257
18858
549838
747551
346056
221997
435652
80479
434052
906174
407794
401956
263719
437021
947485
640468
342587
892671
527931
105856
306041
682965
871630
667540
84099
996251
596220
791665
998190
235575
950257
645676
216136
465167
18746
59515
936686
29402
400318
173659
730321
496919
172278
897006
987055
568813
944455
152254
558615
528744
956283
648954
102888
784345
890435
554729
330080
47390
245023
833528
639740
778250
9066
510173
919169
462010
708043
237712
541015
644286
960287
296543
880091
490332
98955
117380
571445
642999
308420
70851
678215
668186
190309
952509
889052
257743
608423
418238
158961
41186
465505
566536
689179
199625
815636
537540
807807
378094
723468
963577
657414
163135
148047
714809
591666
577770
717513
598808
199725
326197
241322
324125
307915
477944
649539
398193
295941
683605
888966
444443
967284
934106
827278
368433
141443
824431
489568
806527
62506
379438
15886
874981
830874
860974
340344
299342
390974
825298
152131
901742
595724
767939
176944
556999
358723
195666
717261
802553
74388
743699
104577
46824
654796
835911
777320
624393
171966
583225
144030
453324
540172
375250
585626
424309
681790
243922
908109
837861
284155
790297
326697
637123
643392
206942
869612
520956
171513
236765
843859
542164
181987
991614
182877
203984
139506
15886
998268
727855
749220
518284
523785
40760
483543
315016
151116
794388
663802
692274
427829
150340
221586
423527
443739
4285
140678
771499
255407
864281
326644
332962
300245
81729
635130
692624
165837
177300
242056
564199
102890
23294
393232
863822
914513
606293
403102
300934
230980
442296
453207
592280
958096
654424
450930
152405
335437
150575
876751
45194
99345
316137
468302
687958
950170
284993
202614
550054
917441
985256
629473
511621
506979
98926
204561
324638
1469
668445
978525
356025
153853
932450
556278
680163
831274
161970
434197
144694
537851
691682
400353
850756
665316
899434
152057
883520
796823
312796
759930
762665
640776
816832
313849
298702
276356
613308
602641
995310
541351
373269
837580
864638
823493
52133
618324
236830
257189
111270
735539
346579
626862
90034
118219
673007
616862
931114
10463
755297
772420
534307
613560
110775
110103
597681
995643
52622
729251
871313
561356
587558
137748
469975
483675
290649
54419
756237
111225
962713
902257
857538
464265
576548
66174
966866
973943
917535
573416
129912
1838
436968
966257
120271
830700
698118
185421
360965
170999
345944
973523
249412
103582
484948
319678
847863
398921
283883
391643
271344
180395
403602
617548
408976
56417
568248
728603
792424
902163
80151
854157
344813
118733
622427
763342
186633
837126
281415
228364
60313
575151
739694
931661
425963
539192
585528
978548
942242
888635
168657
677492
746123
497481
615119
663927
69392
828109
892794
286134
160519
236773
236382
300274
659252
79537
431219
234319
96480
207034
544450
176656
765504
549927
233360
366995
179071
971354
743417
717709
654001
552217
458812
913016
658842
808072
359761
306348
708352
315488
416236
527366
448493
254099
906452
129602
900881
656081
259926
448227
905505
680890
310629
746106
366541
631319
239910
950219
892642
620354
267193
259286
252330
765698
422897
420548
283356
480110
788335
963959
12562
672086
307259
711009
707845
294505
546478
577196
868148
975412
311070
399190
255023
74183
847694
323191
786228
653933
419453
493545
407025
734096
384183
462657
522975
287590
814361
402091
445549
229823
529612
100133
768951
789304
422708
164352
257557
508932
206644
539151
819478
171436
667872
655538
532684
478927
836855
207464
561960
200744
265648
373622
876203
166849
516693
556633
184088
550013
397202
173455
146343
988692
437130
111453
462301
850906
372421
627337
41578
686033
807135
439454
702135
186665
455129
489585
312845
888799
52996
538509
194008
647321
110398
710137
972393
928277
810254
242204
779454
20291
7014
527373
568614
589931
318028
780822
868817
884944
673999
211603
315853
547675
773597
436596
357229
806723
421435
768994
608538
933964
596136
540410
693332
638891
294709
272807
293678
331902
658238
263798
997013
79882
589487
653800
983224
542693
439985
17522
620108
31784
549844
117998
650278
755853
973122
564949
117063
706
925231
687019
716454
468094
510537
824654
121929
714666
528188
395834
579541
291772
594231
23459
353211
992642
589758
918989
143787
312060
618227
444094
293751
237198
561895
185058
542532
921510
714413
231212
377252
20519
327676
57705
968170
245382
960910
466511
37942
213869
197043
148911
563282
274086
520497
273584
647678
467858
106928
78081
685177
768343
988469
706083
39278
256691
808881
380560
771226
955419
461471
173824
875210
424946
17758
991267
528854
605177
494257
525525
341543
580740
553639
203341
230131
893887
377901
689793
518220
953182
810127
295379
637650
297321
610245
842331
693730
904115
141693
889313
101339
272070
548050
68256
467309
43020
991229
224057
363829
179910
211536
728744
879493
945641
486294
455407
968744
491756
180401
702873
91112
23135
978139
49461
990618
906497
576084
247002
428902
212423
424059
665116
550576
391657
119827
968444
420192
114620
120226
562518
109280
369910
208404
360787
655522
33091
750458
622295
163623
469192
944746
525082
480051
590901
631922
97672
854634
330138
75775
378885
183538
279777
237437
219762
678368
591414
513678
362848
70101
37408
600723
434362
273065
740261
971563
227123
521612
175352
391728
698079
89047
551320
731498
663519
429045
977866
77756
689001
518048
178077
644733
889077
256730
105719
237007
71636
907649
876490
2062
336809
668170
418474
511449
991741
976048
571227
956103
848930
507021
220290
129307
700214
817931
57994
270005
709018
780833
848921
537023
619905
375518
730811
861944
899520
783573
446525
478577
721618
925462
233181
90399
498447
599208
468739
957893
303249
864942
726307
843059
704635
318851
721772
441647
229498
341229
828863
127100
397455
370151
685389
855798
220706
602226
537548
650387
793370
630269
599702
1014
904999
314897
944939
813591
228661
31920
525720
376449
204450
778321
578808
593707
845771
485340
509516
376911
568086
950522
4199
871161
275937
266270
454145
781134
893031
751045
545471
863572
956885
127147
938092
180290
46929
275915
468925
990891
140923
551962
591939
143808
462600
716869
825342
458850
8207
166245
377720
803070
39012
477317
209322
279786
250672
54951
29325
279051
566755
60270
630417
132374
297229
13561
952286
597733
480971
16990
172986
548194
767287
773457
271128
422343
119623
214450
817342
802579
79659
532974
278838
400019
970745
389328
768195
119874
137072
838927
275829
245214
416285
307856
223517
471260
318819
46611
612466
95860
131696
624672
171067
340082
392189
358219
425429
574449
249413
771111
327137
262427
743042
600626
265647
306000
689333
10729
751046
986339
872377
938828
490554
655400
794960
392856
118356
560703
782908
963491
423848
410957
779772
831344
955959
836007
72756
239751
789973
583184
159201
737451
755145
998357
462729
66490
731684
788040
529289
371273
970170
350392
556874
781965
889528
69285
931783
655799
167455
616478
778403
950975
625889
80062
321669
95324
772341
885411
874824
203997
144800
744567
783979
110274
914495
550738
950969
981798
674497
720454
312642
609206
754964
605145
730216
92066
786992
828871
805168
185612
954492
522596
341371
15505
329108
520428
417865
612994
816257
892465
131094
738594
417883
819808
712068
174934
215855
479150
889306
244619
250956
84346
312261
502749
292684
55306
560670
830933
594722
849450
208428
240859
626923
445303
120646
396303
380312
649720
158252
965350
834699
521005
63804
330673
548666
893190
32615
785600
917770
647940
305001
584919
192016
607333
44695
44057
795312
251248
612323
583156
621225
916368
282443
576598
970392
694479
420571
330803
236537
108391
56974
823607
408994
803177
532682
189821
830874
699147
920646
139273
463788
296581
181086
115331
570030
87842
415722
885670
568644
224628
314764
713098
67000
715550
403398
193761
965828
128370
105332
725915
366474
653366
271768
132575
622105
55391
538079
647810
246043
347758
252024
662115
911186
294091
979774
323942
172152
263774
409727
669807
926224
70979
694188
957932
249128
434755
248084
274193
548140
773012
293544
747155
159210
833157
37560
290053
257561
688841
35909
496220
620025
524592
528744
30753
697311
684854
801806
834460
866825
528186
299396
623209
604006
796018
671436
345278
536114
831856
642644
172733
789246
847264
784080
445252
676690
728100
790620
565360
481199
774518
691681
850057
203225
381463
611799
735934
464
272704
700360
773885
414880
608702
807206
784465
685506
720418
832782
427794
107676
254412
44277
767920
430541
717412
591886
556712
7564
99030
770329
727542
170276
105776
24739
56029
144219
974298
162947
301787
893967
841683
609299
293760
499073
186981
442222
71965
747886
681770
21146
385159
858582
648266
512566
899368
612790
96068
333704
215210
65211
753891
421488
741245
845083
456471
368192
535900
613481
72590
292153
438995
607238
460357
995180
731654
460778
346851
233886
214837
553912
935578
667113
958825
794772
848506
657243
646707
859646
896807
633387
869039
402359
116843
529538
442665
794970
374740
636910
357364
27922
636377
611372
481463
289189
34222
628040
537855
978907
31643
943318
178171
376130
674905
844573
121079
323909
354741
714727
184322
807388
478670
978936
789092
106891
880859
121259
243947
450230
642562
850487
794937
981776
41873
485235
205964
790101
378829
599735
322519
381068
225193
371449
946735
630519
623631
802105
933025
634095
131871
624323
643104
87502
815198
344830
652737
216220
170052
871456
191481
788635
189350
353031
378236
501612
987457
193804
855425
281262
811490
319644
212413
651501
194902
318457
983827
282444
745893
938693
780845
727290
726490
572695
43227
804094
130444
659722
426961
787705
423723
458632
123864
29001
530918
655895
282041
560620
534659
443024
114428
648192
675159
540583
320562
873519
724257
99921
892532
222196
979258
571829
816932
896538
288645
292468
149984
195825
413009
452593
750390
32459
155949
671643
942804
243407
264307
599902
587458
938027
957377
290289
149665
308584
643027
360451
52243
568283
323032
987670
3699
760980
9190
587049
278656
217388
918129
741737
966992
915865
233303
473980
369509
566069
75399
207364
704576
334541
269723
443053
776919
644032
319394
915359
583856
580647
819451
932304
201782
205258
542486
912301
656225
398413
849359
289346
588072
682570
744678
212222
349781
800537
594271
567193
598582
178393
331461
973791
525224
747299
591415
691990
368207
731698
810537
156944
693641
846550
586049
818673
368718
482534
52529
614655
976343
493680
715006
414648
583111
768188
598944
554668
999103
685913
914866
786533
821752
684750
156925
685180
445688
696836
66465
340475
461073
468168
555706
977677
721916
4243
599628
698429
112729
672775
333555
552651
669687
58745
271403
940157
73248
860790
560854
392548
96868
861537
9106
658993
67303
564511
901244
157426
232976
484573
15589
750758
273153
781594
78665
20495
77771
986432
539126
608152
428385
421170
511537
870855
695447
893847
665366
531078
645815
460855
599777
573108
469920
700685
274529
584508
574181
581613
791992
76577
695737
650209
303028
733730
722563
456279
77126
509784
263798
495643
107428
79219
643913
876322
91751
785198
90472
949649
86749
568558
137293
849020
766556
382188
636889
983333
373823
288431
390953
232311
854415
963948
43941
386224
835787
518144
169721
781749
617132
929756
237911
707136
350899
303964
493165
246729
808312
355614
551841
54803
759726
454959
366562
738247
619283
737966
838085
858334
715383
329803
32472
346357
869976
440867
537795
916176
447969
733976
435771
416197
804975
406168
744123
842684
317784
786127
244596
599755
949206
998750
304050
917858
355095
566590
816734
581994
177235
421941
803078
426077
284371
47719
10166
956678
92723
787771
891000
383855
655987
545827
549693
800359
293325
928492
26402
934630
526244
421620
157127
272735
233273
244978
604886
891365
367404
872928
733161
962891
912081
230029
540754
425714
768333
282409
50876
590528
853715
890200
797862
676468
911377
621790
954927
877089
495213
864644
391462
636483
862249
78204
698338
826682
235008
840117
948638
146699
630898
930556
955474
756797
543631
256916
590331
321843
535497
533115
533354
47023
981817
503095
590590
445929
27407
741692
843478
42524
517001
740772
819131
941182
829310
788543
824896
277466
481904
8907
272500
299541
268013
735706
409674
76462
278156
793048
661628
366061
180272
155611
667432
878262
716187
366183
596190
606829
997200
181676
171851
598949
484221
454611
634239
573962
174017
910477
20
119840
369976
103971
741594
969603
43446
862499
843196
328992
908593
698619
870594
542044
648363
628751
689286
179954
140905
557720
599666
158835
732025
98626
270237
73033
969590
815490
148515
184886
446273
458857
95107
658630
362516
984928
963432
700933
692562
904138
270164
577582
886120
232766
161562
661964
459883
798637
710230
708336
34364
606035
790714
243189
653354
761457
567154
821160
748991
512781
393818
608813
683514
168887
954979
746459
790793
367131
891141
863345
245486
677275
36998
20766
134357
200642
187737
80004
510436
377148
972160
137919
997352
327718
333357
981453
688223
570538
59048
471371
926529
464475
750100
343740
661113
91586
679447
868516
970778
981959
563065
63550
710433
208792
811845
1649
844861
642242
683525
628367
28587
596907
619202
316812
51306
688908
313595
143213
17522
395083
331492
244270
196583
760437
196837
183907
155473
504852
122589
987737
384358
177066
519555
652705
283166
718043
212932
416173
204556
217601
693643
882996
49648
644174
702965
413374
334006
415032
48182
741181
494076
395750
603652
673296
970509
773733
941919
23394
635609
263448
149049
630095
22615
343242
706309
128055
361165
674202
502596
19545
881808
519219
258917
79086
778077
223284
924322
474834
641659
665111
567638
517977
266925
435323
279599
418890
169318
848371
546634
36365
386164
169475
825511
915728
487570
395274
378512
484385
10469
495256
149287
707301
923466
948276
931577
436535
306083
381478
162826
223884
948534
908929
621166
555109
80196
408596
870374
560916
213845
99343
942335
86732
694349
715506
614559
219370
16295
152951
677474
491036
685453
178104
998956
319104
927813
639219
793519
344907
269419
30965
652622
427641
757894
343333
386194
276187
150691
924720
701420
110119
149050
546761
789243
635306
638513
829949
628224
264026
582633
642920
267597
544510
661916
818172
570936
987105
374484
21072
594858
577295
443027
98414
523727
897130
463395
933053
245720
693842
389671
702967
529678
896491
850771
602660
207356
933024
534155
680462
118078
931318
575197
400793
254415
417841
627473
310705
360861
360548
10275
33863
477813
175141
347079
436233
441924
38030
804305
406558
867700
478118
822127
270541
64048
646308
356761
852319
978228
130467
882713
867988
366279
156696
420149
545873
520460
196815
168548
918160
928277
173722
784099
654045
958174
603668
484969
746165
772322
188936
544303
227852
37297
161671
225958
310862
458036
88158
689518
331260
281468
291496
291032
433024
245116
950724
71588
484873
603197
869140
80624
122615
166250
632407
728354
882580
320466
713234
987150
24570
127594
456494
852908
761014
295422
795213
255962
537399
380813
510493
175088
769886
116088
851309
496494
875344
216186
337794
66510
406962
982697
365210
53237
778953
762712
915985
130594
232672
153264
385276
156079
524235
325418
693248
236266
732214
605708
270499
192325
703954
594901
828740
227515
435284
856549
481391
79756
320203
654066
771804
423032
232934
314140
706522
115399
913888
205392
635815
716085
758094
693315
726788
715364
703564
588021
838354
424249
65152
824506
866601
802592
528657
745074
689262
478453
873676
542634
405278
911586
519131
986924
903163
659181
557590
656078
621305
219665
996963
697815
615425
847373
750990
610309
516888
520788
31943
6308
450727
124345
537362
981642
540813
854369
434364
748897
579877
468377
54408
442485
782022
993073
777609
67397
141299
885910
679537
856056
944016
965979
338022
671085
624535
906827
791463
476722
974032
909994
830193
129331
922507
883321
167267
194335
17986
243703
119645
47856
104620
783498
631602
572286
122045
193940
780326
697449
977193
87365
201150
753039
594743
66660
120184
241946
457134
225061
439930
31298
598235
603921
597512
168548
846077
773346
682280
999034
516440
371741
557101
232243
272311
906164
148126
102048
500358
629473
11277
186417
101878
381686
876213
414757
406124
524953
568015
386339
635663
892017
680882
363840
482883
806643
282570
518658
313965
18693
913811
480090
929621
36665
702575
719433
439844
399605
417979
281247
289938
321996
501449
454130
77015
900239
684997
155751
945236
102909
50007
501898
75676
398817
713199
681773
989753
278176
268107
21717
104557
63590
557617
9975
819966
888635
407594
459547
223843
176624
555596
698119
209329
889630
585348
490720
424264
26188
347823
281642
873662
594777
885841
895490
90738
283292
971899
218570
105983
563103
346771
366097
422490
535641
694563
392964
190165
727247
750550
719685
265724
117897
43111
452954
709427
80414
449861
404837
434597
708793
540184
977744
261142
135387
854573
820206
157457
564388
958525
240816
267010
873899
729000
81498
502815
256953
180381
886244
905753
729000
935668
485672
477436
889617
205875
697255
34697
680766
195170
963847
41292
578293
195051
608588
867345
907868
665862
161611
833363
381655
842426
159042
722232
799541
698502
200660
115791
140601
863347
176588
199049
285870
878740
902357
983985
2761
977261
946215
568643
254521
148457
785791
845156
957290
366396
801563
74244
962978
647380
243874
630550
784481
772725
130521
96920
433837
390271
739975
900849
851326
31277
894614
18011
3037
59872
224374
748405
356029
828400
795051
268363
19849
235475
747643
335421
67553
423621
742149
987122
839050
652832
647124
454963
473347
312027
1260
882075
33771
545044
208373
720505
328049
82761
274285
839535
537409
951257
622190
622563
365826
872708
218931
771194
83350
784830
869218
579278
122095
534664
730763
898085
453016
853821
881797
237019
353621
458269
421492
637619
485658
813751
997913
838302
457033
775191
85473
943483
438207
58623
938007
488116
828080
928388
265612
803402
202981
321515
574926
585264
895059
512581
407650
958798
930791
485683
158826
310898
305791
284888
966214
268171
822433
929012
735569
538423
145455
213991
372721
257066
288214
505573
125780
613732
830348
917387
222515
620361
443801
602069
807862
879796
528134
523142
883230
990416
721603
977409
31516
707065
283065
416005
35086
285176
882972
638575
752671
475686
347614
673996
461709
716078
670227
608899
75868
258401
96313
19518
243579
7944
320150
556847
573755
74599
414267
840180
781404
867442
449608
131309
246257
596577
515141
406757
532290
415021
185550
546220
570003
535274
332861
691103
728676
681335
646791
132270
330095
525826
392161
33208
911817
481663
538423
307230
652330
816809
270700
446204
420558
995069
731394
765169
856280
82078
190141
31406
406933
73930
390414
527584
320271
374413
428634
771188
338451
168706
817504
105098
277402
179312
206016
464805
233791
209137
425495
962780
411351
585324
55976
300920
464720
743158
129109
165543
902712
922880
431675
648088
105509
567317
772990
822802
66297
553084
749285
583264
387125
698667
75167
400330
835900
122031
118075
726174
974971
162450
999646
629739
387577
515368
40571
714528
56440
143130
174132
379648
14415
854396
246730
993828
423354
65572
167273
543888
55620
411475
746527
171916
968632
877269
360696
18827
622857
783141
768676
19446
729933
262245
957507
83255
968201
54546
251885
932489
126296
526716
153910
328633
456537
348490
289048
597751
670170
960193
107399
821580
368214
728565
747958
358824
61846
513304
384322
615979
50772
580394
659886
876734
196339
646290
955552
63215
341688
98215
986036
431675
750404
817089
287744
114419
803778
578155
195116
500748
521883
188131
648195
862634
99775
540006
164722
742419
94396
108350
326963
150301
918559
160256
354288
145078
265666
39069
944215
710015
716982
360190
180512
587554
181320
690956
956136
382255
780224
465188
222431
955861
158751
916117
506820
432858
967117
339658
443484
578900
168050
334264
641961
825618
876797
98008
607017
476999
688633
677021
675033
786897
259801
478678
816878
955683
583002
59753
856280
893080
885458
835137
821032
849965
838975
104751
190334
251305
485052
765119
630429
983743
861459
774872
959627
656658
287003
304278
694458
790980
565957
333237
682944
866242
207677
475751
936183
74491
666929
785195
318240
183753
287580
704969
586365
983863
702778
212241
332175
336739
420053
61659
832989
961893
903158
746991
973494
271686
658660
914976
482970
830359
429659
105768
908400
959481
551338
892695
601041
164386
598330
50456
586824
527058
67866
165369
553521
682703
198755
498618
127552
30441
460566
907420
391862
629450
253426
818426
511150
44803
148741
677315
650301
501759
848855
690377
790297
665118
858759
238293
402480
303686
563398
670695
433569
643643
143511
630463
620914
704512
79530
338517
275206
151002
902588
721984
944667
694479
323354
195405
830682
260068
421165
683348
889177
483950
296713
235178
384831
582942
310912
766639
235193
346542
102722
174213
441397
521496
282628
775430
204339
807920
302266
446967
962581
987257
206250
320337
620923
470468
667672
668254
183199
133711
373967
986552
121363
876270
84460
998587
509617
818066
830348
233334
446762
650930
872544
683047
935532
610664
736085
785636
833787
76557
862213
473536
311614
107578
133232
137445
318273
149156
60168
97845
739097
784661
198214
788820
939438
131222
287953
981234
845351
50840
349821
283019
939605
851880
596228
792858
826343
560189
805303
189052
492389
683359
950567
75594
211361
552167
971448
739096
789485
640719
677616
606293
366878
390654
142562
284508
15089
192900
241180
335909
952800
710752
352081
121149
110598
464486
26846
717776
858833
308363
870630
457442
590795
486565
586395
484137
432374
457273
999402
982407
482597
593782
790408
594610
364414
205877
564146
788816
865964
303953
179644
83384
161391
814303
73905
44819
65694
78583
16101
960757
277707
368269
842420
14591
608331
669073
446180
783369
977599
586593
935965
720880
862378
814086
679786
176930
552293
215757
347354
985276
430740
378855
175560
881169
653326
615647
361074
151751
585113
216821
325295
385443
470184
880119
213309
465862
953248
236051
303297
960037
11153
710779
977091
247514
886003
585075
261256
561046
801006
397077
653420
168573
566432
319346
795157
888976
917548
252404
595036
194238
215765
29216
323615
569356
971332
144612
38446
943163
751497
810269
182484
602748
995770
455117
936688
961574
150422
499304
345609
19099
352282
724095
829301
282359
283661
694400
457501
63490
691235
325384
527516
512021
786315
120158
581736
953858
637369
882413
939732
532398
84698
704469
376243
175440
892676
274285
897143
103052
30487
79408
77245
495673
357170
749371
788868
581351
354003
917861
899582
543747
807743
435641
87615
976559
500237
749820
408067
176460
795967
483571
432351
518735
622474
846584
557176
306588
344871
483703
590590
574729
884141
551264
930925
940625
165547
506018
375842
25368
498344
398050
24946
66762
237544
785564
951751
769796
954974
420945
205899
609138
869631
870602
416782
887642
498443
477160
763779
622684
34444
113028
421813
570338
457864
128568
512217
538958
692005
151025
257188
481662
924595
198745
944469
370541
922554
861430
744203
37889
429621
667727
112224
641369
682116
124253
931076
548944
966458
914438
155831
464349
7359
498636
840899
338550
467532
654257
122348
418105
342671
756707
428695
618117
756090
404485
381361
964401
181742
442105
539646
218431
675525
349544
544578
676553
830995
734664
545409
424943
448893
923107
354994
111929
996279
460014
693044
151088
914547
691052
728692
458171
768587
36755
410273
192739
714246
19277
406750
425339
166810
191182
9218
443793
766549
770399
521172
577123
812079
326316
908445
500393
421563
837533
403876
854553
473791
652256
121322
415346
143125
759911
539121
299333
859681
965385
133602
773107
575485
85226
170221
193884
101990
195318
792768
816652
57458
623440
139581
266079
157068
628667
164618
454069
683357
447032
867249
719003
581601
601166
639718
516339
541986
621540
269063
907220
65778
246556
78895
656080
805316
364273
934700
773978
254895
20762
475811
795477
118522
71223
125993
812101
788806
2260
200624
753401
921971
838175
20121
256776
534446
235554
857836
481757
727204
271492
609204
352001
750725
528342
938059
862441
541725
494691
324411
25988
664920
229373
843510
70903
589769
925033
337866
737497
323962
14922
936848
767336
295765
400010
343159
21292
84558
934039
431333
870812
252434
137955
579136
943300
394178
993414
604827
975154
148276
208853
474134
251742
403959
73552
548586
722039
825237
83893
74642
352956
73550
435668
709376
693291
559361
776002
927467
248103
591885
801882
219809
693185
505620
745336
848892
