617323
849552
951415
728001
14704
617287
457153
911718
497850
88544
914238
416038
747520
701251
779505
572177
183556
461280
461626
856636
865953
754026
512522
151849
339876
549008
949726
395461
937447
382064
75849
142311
807806
549848
15394
19112
546034
66008
672255
468548
596692
65661
938644
602322
785877
919824
298523
247327
186686
984333
651035
954400
389822
749848
314510
351555
938000
584574
504311
303272
466711
237774
510157
353871
370801
687269
428316
432863
663606
451361
192428
544877
9722
465062
149142
251382
33021
570373
604625
641427
122559
257077
48776
570597
321928
243694
264159
277548
174198
2253
138516
149820
913161
565480
383551
638742
344370
423345
202317
550371
646998
684996
78918
202926
407377
533392
745740
965489
170284
970817
914061
989690
767031
20652
686088
133187
271693
596298
107139
288511
212150
415230
344619
872114
208420
209778
482725
485405
889371
491921
557457
526500
941774
573918
754831
137583
50191
694146
207586
93962
524367
652668
525260
434737
594988
775987
551826
329098
210042
219504
967329
21772
96489
86924
184061
831676
519371
722987
309347
441105
503210
247177
307884
577928
828492
597697
646684
899377
599373
502898
430485
678695
571064
116405
246745
444479
36167
35135
172275
764299
424784
931220
317941
66144
478928
120887
684299
818685
717662
863292
327323
648334
448101
232772
488748
523726
22589
668660
992339
593532
615652
336578
324507
421794
843954
592823
622767
693175
346882
972706
904673
683220
206396
318748
807473
98287
830970
950407
933288
32494
272330
54984
518714
531874
114669
115248
20221
546679
575904
109184
346734
206402
658766
981979
281899
426251
153087
373744
690800
438760
989539
743287
330998
51424
781308
525260
210133
647044
479704
491293
222317
312887
457526
7812
574896
212124
883026
815572
913437
221990
486641
55363
55127
261308
947236
4781
271608
801484
65162
564111
654331
955714
226869
279437
117416
992725
841459
910882
408647
308204
202040
862722
823164
755435
974135
202816
462448
388930
594004
782240
707915
546589
292659
38455
861611
966882
638935
493231
658016
983887
1363
819227
690396
814409
17237
823428
691506
467545
14628
577351
120850
63941
939744
396129
558138
447843
898770
142220
932193
982327
428087
595024
302560
912116
32269
92116
129907
149610
328081
860193
481468
29943
698510
744932
737678
468301
563533
890867
861536
404367
164535
326859
969314
947573
466116
533093
501143
906671
447938
506112
557877
710657
827471
496208
968529
20005
803421
162636
30542
777517
717162
497100
252682
660236
123371
289605
155541
758016
521587
979104
743496
95635
208230
457497
500311
506656
426707
528509
860588
149221
198000
747466
413316
969747
412874
762218
962130
106615
52589
593054
124750
208595
127505
771048
69802
756434
588793
276165
880759
368706
367439
873559
882231
870282
402340
720262
468222
248662
901716
684418
69731
661062
732065
121722
169947
527801
933418
550349
215435
127136
212356
515755
927973
127221
434148
17996
165992
616645
257923
165441
35312
297826
356560
732740
700596
324652
755678
232947
355401
880993
468433
936627
380044
725392
821623
529075
986694
253077
896630
34978
140651
80648
255027
696547
719743
304519
662480
325399
205924
226144
674548
605755
278870
455448
421551
801796
568117
603417
931213
821225
866069
197562
784346
806943
40288
609673
570155
145958
313122
359536
162479
571602
42691
35104
91527
147792
559515
865034
587705
947292
65060
596179
646846
85075
148822
685322
945597
637656
8312
816866
564352
104212
539998
518574
133364
917832
235454
865683
412863
217803
584518
26471
343864
320686
305620
884391
501804
768599
102483
943912
847016
975063
369419
267638
226601
225704
722617
144241
119234
269191
642037
502269
203659
140636
36656
597120
839333
915911
277693
77588
876025
659011
929673
727819
692969
245567
273722
966268
835343
852942
407003
351239
948502
951461
724787
200290
323073
637299
2517
469185
692162
885875
552861
28868
65470
474253
26254
99243
803476
173573
228993
224504
716948
562631
329508
431012
638522
346973
685564
552960
320528
158108
235309
392848
837487
716546
728176
111212
945861
16569
463097
126898
703466
848044
716841
231556
162609
686616
228700
665953
715351
435714
160702
685482
584958
814712
737061
904450
156507
370204
216940
459103
674615
325633
934811
162955
545092
569380
766151
229717
764356
988613
680884
472561
482333
323485
920702
221014
135776
440682
498822
911067
896474
590620
123341
236204
235770
465013
191039
889587
78537
53604
125363
278663
411251
949484
211037
146655
75850
698658
524222
873361
454034
635465
34044
921923
399250
578440
786096
225201
808119
221197
761817
552044
924701
215188
83812
551840
116902
973375
467109
135819
681602
406311
81162
202685
22060
652678
233604
813359
231820
65169
924059
277060
83883
269986
788012
838774
127635
598695
187709
725883
787542
773975
799705
604481
86596
825543
234060
213963
945066
959236
219023
431576
286120
477127
9879
68866
58767
212882
799928
509181
953145
563070
294399
115656
471432
187402
13396
429317
846238
514959
965419
292816
117867
186014
884042
954032
247912
528239
702865
992669
401930
908539
602904
117286
510432
999110
480785
111420
513145
652796
821199
940216
925301
591679
185696
275009
339969
830947
807699
58018
351918
138842
907172
69262
5352
705446
753817
914592
510598
892657
276689
496321
63950
766364
782026
416527
52753
561133
988422
774944
197645
167588
224515
149017
568478
711937
922791
683868
864506
435764
888737
503885
860299
584966
499706
409869
116198
152576
152368
238086
357766
159406
805066
12240
701345
465118
895816
829874
543580
996676
948874
714074
786565
436851
399574
480536
609148
339645
124011
16089
349289
606520
431722
196399
409699
523139
990853
471336
46536
716750
345524
935495
537371
713506
280721
703869
173871
110286
832416
255975
131018
326185
948086
551557
679485
390966
605925
717808
169097
130653
144455
144474
953727
282405
414602
478660
989517
952792
358481
372201
185924
127503
637133
843398
404679
601944
917789
889729
529045
85973
273644
315738
726013
908094
779073
844856
501556
266228
809185
588005
196799
63074
252726
810437
247410
379368
181203
206018
523683
707212
56927
195922
961562
585513
593058
163318
129045
127325
937442
346762
410442
372148
119765
104548
517667
58219
75927
818824
772370
587005
981483
808047
293088
23833
262799
128510
185731
217176
704691
182945
404713
56483
33391
598854
701419
431259
578826
439857
416607
605947
481479
896963
438011
837823
180078
779733
920125
711831
985508
246289
157764
988169
536062
446101
709654
830659
40951
19968
879643
470118
379963
731806
207527
779030
335821
82290
226768
107106
279928
934323
138064
769060
45036
658625
74764
975694
502090
198897
581532
215451
542679
376879
525625
831547
639876
239905
816670
38586
261151
963560
291080
964106
57878
623056
266489
104994
914167
960621
156228
629397
499164
499212
213949
368599
707290
641835
943238
815509
381941
772526
962375
261813
108861
681577
579556
399986
484246
163360
320346
77497
267098
230496
915336
858370
286405
749425
358815
435170
373744
619959
336935
188260
750801
675003
460895
113786
523983
401389
548811
631481
636018
602705
140480
929761
506998
441431
244760
724502
26652
171963
730387
680179
737072
651497
193063
83348
198947
828306
29573
539368
960874
435882
247842
502982
244133
671986
141576
534972
87838
677418
185225
241000
509866
122240
898487
493359
292919
327740
752200
668854
42930
66512
662769
73244
621866
146490
575723
506476
726111
4092
911797
798111
36312
541222
257491
663743
263495
377029
164322
89276
957903
377986
133077
936813
677309
128133
744613
682826
724242
950248
258353
982100
4392
341851
955728
582311
287570
650372
167155
204032
53507
684339
345051
865394
400930
364353
531062
218183
78663
549421
806053
675457
39681
311157
740675
960987
344254
68966
95714
90906
846007
412729
999311
274715
14391
725182
233165
860601
841322
590844
742146
648948
601344
555756
166812
957431
782047
58612
61251
653864
501502
477343
593946
743682
489082
943549
180107
213117
619453
128502
461830
937500
869628
862224
412650
459644
600798
644113
248720
519677
809331
291418
903576
964619
714329
462393
898338
125365
194335
71390
692076
543448
666327
569998
970967
210851
525779
429796
625666
969692
410553
946278
827685
244428
690338
119015
139602
100661
139354
577998
313949
232625
28337
712307
42748
216302
546619
507650
330654
560368
49627
324878
766459
747053
697856
327063
482922
712072
662611
548791
894021
540384
746226
242237
703393
390619
317530
834434
280630
835345
102590
542405
162731
817411
766034
649579
677881
108067
544817
812967
857712
148503
168875
100791
817028
241325
197679
646964
388782
471412
955
793888
404449
814327
206405
39341
811152
804893
952508
646556
271827
590417
188980
671724
367555
892243
484825
511870
69995
760359
887920
286353
645022
837564
875074
545915
695477
39460
753994
52395
864082
122559
218288
59921
694710
486468
290554
189045
545915
536337
415710
913570
236427
284337
732467
559271
457721
988860
842202
170655
116328
960618
675372
342461
73702
844044
349081
875866
815841
300023
926497
864504
464069
412887
873112
318539
919944
182996
970453
153205
154454
643899
632745
346311
446966
651024
439965
501304
591339
964759
709235
624205
496123
589912
977535
982329
826686
160393
716593
50581
619160
884820
109259
285643
382375
247291
184903
25261
725690
708737
740032
379085
578014
564164
612475
604918
728734
547691
995463
841928
792807
438146
392745
384968
431470
425350
637487
320966
224731
555586
106197
3834
245880
548679
648114
747740
164837
857535
384119
745159
719894
488659
549327
867078
262000
963410
710914
313056
62571
841690
943124
971906
197204
708970
350810
260100
577928
954809
168875
809346
296315
70274
271717
433223
809007
281459
447004
847923
813631
923331
971882
772710
593078
921654
4798
712923
782134
744976
22761
434114
573297
954779
108057
289408
916222
662213
576256
116470
928761
777349
484172
553192
140192
520225
55134
163461
993568
965336
637096
785031
707952
541593
354847
743435
299640
466077
236904
322481
855002
394472
973868
893309
727151
321809
171461
609345
501243
635886
395645
690600
496826
325418
401041
228106
553476
271944
401428
816474
771369
255920
763158
836268
703419
77241
308249
870495
916323
10859
268405
188065
620379
321966
737187
174596
720754
118410
388436
646701
840858
357888
105046
231425
481667
713209
488213
346945
890260
246663
975123
686030
890904
902148
879466
147387
950470
126673
769977
279773
664576
87163
774489
183635
873144
804758
905010
407449
171595
979946
720565
873313
367602
904177
254714
180282
301829
533124
54601
509945
924666
97622
631680
512321
247611
830113
220032
322337
957079
545772
296412
508536
989125
658028
64802
724224
79175
487012
745653
437277
29805
52381
777466
13209
346041
6460
396665
409070
565917
424455
7729
679422
129511
141988
386088
322038
864838
961387
590236
799228
488830
809472
546876
27467
229383
920229
106050
240016
392202
327482
114647
315382
9731
553929
402123
139619
558569
87993
972999
398743
33682
74363
902211
605020
2250
832369
278325
923383
916458
134228
708396
447039
203204
346846
280664
652575
288000
644254
407983
133062
221255
993969
970501
690390
658016
107126
869849
58820
823233
207903
479885
627354
443202
990242
41658
873274
530114
40683
67983
822745
664200
437402
327980
290342
622158
209677
161579
569094
308144
575362
530418
919066
579000
645550
913349
510734
24213
278474
59499
117035
733830
231712
998227
849129
495239
411174
799885
44534
606230
559301
764316
70084
697723
960474
605297
675220
229091
377323
449908
15654
252087
785583
400132
725704
327520
427832
871487
499281
770399
330680
156300
492419
55054
138030
445611
487084
640037
960384
944141
250544
713815
720143
83299
636369
410889
331254
638702
634636
21254
432088
278917
508058
768556
534685
929002
475550
725375
279960
762507
436427
172197
773398
41204
41535
325305
826363
415696
50403
287154
943671
236931
848193
624437
168168
219572
719266
801882
901490
715509
350551
644059
928078
313349
336424
171637
645082
445699
902985
700640
113278
445482
815752
422804
49278
487925
605092
687802
226037
456019
544609
983073
117644
242744
295438
889972
673378
43859
319782
488303
862818
616394
431358
531188
581868
370082
813379
711004
121145
532230
994888
830871
563174
937806
275637
872994
4755
557947
536002
468802
277279
870060
130680
779581
505179
888229
885499
600605
364878
390373
139448
615876
674486
138465
239449
602997
61126
72067
294535
641866
593292
293708
273875
762570
841167
424031
359595
637824
20915
469705
120740
281530
400096
443598
922203
126549
609066
229024
755038
369966
922413
136843
305237
173241
52403
393941
734453
508775
530157
399714
813794
458648
576151
608781
91662
634842
218735
725703
784923
499901
613293
651387
674032
369873
422053
205453
846234
60699
869795
540006
553130
376699
286670
140475
829169
663478
157429
750705
194673
604610
138994
815295
804467
668168
412292
278165
316890
742084
390181
617764
876754
508253
180872
61585
734339
82487
602060
178870
598606
93790
271078
635802
867317
883067
963719
413905
378879
5630
891619
780908
595820
488177
646005
863251
149679
921513
617212
771235
903620
681944
633418
678405
162362
211639
229428
170942
544857
761304
336859
477175
697301
402923
725811
483204
78067
203842
871582
423874
91283
938194
365707
283535
298888
240426
799514
374136
536304
856646
90995
881908
978842
266385
573682
340173
489469
756623
194092
980685
741064
183344
199108
708326
92231
10811
118473
643080
583475
713035
50909
390911
142427
675716
182966
232690
193267
877261
795416
129304
421375
606799
399605
751246
611797
906484
995900
524659
885960
320104
336150
120142
690800
238290
560201
185898
901912
349512
420376
462501
993099
894828
917373
364176
986144
7015
267299
594615
46534
995221
809793
437984
149519
862229
735175
791928
487235
220543
846813
22563
189541
215861
302130
328496
349888
195416
137194
95871
363188
124035
663383
831664
544677
124918
209092
302275
351003
768041
735670
177349
631455
151505
81112
524273
229845
196585
769103
797307
268507
810749
970495
62060
533170
755527
560956
737936
681998
338079
427371
388306
775176
883775
789314
979074
411856
763795
197816
917089
468504
830547
965529
305538
656374
313796
600490
803216
414732
992106
283570
554167
612741
833144
428004
757308
550511
834493
165667
663420
214296
554692
978191
67635
242245
163689
104095
769894
654796
826207
570437
248330
894962
997948
248995
529383
121230
651398
661149
57939
883886
636572
901396
644457
146898
384521
200487
982984
990434
92694
167
789483
349366
264585
825381
985810
671226
734472
815180
620223
35056
750772
36116
417424
531149
486076
126076
602482
535765
191670
825407
726770
681924
513828
369847
731304
764270
105866
573253
277061
988122
179820
95856
435595
777164
489125
3727
543033
392851
174088
813814
621596
358704
425212
201022
294912
374450
332181
720278
883261
594654
4581
392480
258120
57413
432641
321148
208045
703950
288041
712240
265746
319096
267199
933368
19594
277268
78526
714101
508476
93307
675405
866891
984942
512775
459860
159155
72470
716343
591558
862970
742528
450477
114967
821269
967868
742895
566006
55686
36960
255974
731353
609026
375602
453778
300095
785954
293737
10218
453206
252887
856565
254628
589289
861704
110136
213414
843654
332176
73172
772665
974873
672079
747086
137780
397188
353074
189056
858034
910685
992380
607303
625746
764876
259099
76537
667602
427994
796838
922259
666681
475851
649154
873788
576725
105337
183262
696265
502369
423809
297317
987065
54177
549097
392619
641164
113983
581830
923766
363314
409264
811198
559462
553278
870612
806503
961066
535749
634550
672572
601002
554063
840152
131293
617496
871107
584058
365151
740018
931269
491476
322032
520129
380030
222389
35138
121460
803521
341419
438294
986693
409841
483658
495087
467072
806719
347126
178596
223177
470884
431090
588226
643876
499565
163973
382269
760242
677715
537207
810140
875622
528694
190606
660687
31143
324686
77725
958099
891542
514848
228808
889247
40868
699643
711931
768781
105613
584403
631593
60980
60887
636356
973233
384597
649021
408405
282295
123574
455764
71640
632485
363273
418130
717221
443196
365433
555087
595111
383158
331968
462766
72115
304598
165063
159024
884022
594860
836722
311527
198933
669444
232123
299026
278472
978686
911620
309139
617042
334025
491009
26613
798439
529270
57443
331147
290275
506945
810052
780295
521691
416189
509039
597999
758436
335400
199126
974269
97200
319332
392996
141051
969107
416024
798811
348380
910788
344606
737052
74907
321951
216792
145541
221811
828020
721557
431628
171743
200389
691966
897931
357144
643758
434599
303818
172660
544724
752452
695660
501882
870425
926672
539151
52256
363582
173703
526359
77491
165081
21830
352519
677142
596641
388930
526276
355227
433386
365034
38837
874382
761967
149241
102118
863988
938135
969439
936542
374657
489169
275876
916390
942234
729788
857206
743871
211609
9780
75061
777806
362736
181496
179493
905814
167399
621254
889987
829625
623610
533775
936073
992187
910377
317094
410176
233277
534288
274022
399090
824470
49622
23158
363098
382551
761094
948558
18212
343931
793971
314474
853251
84958
139760
374297
886220
429785
447413
513809
830542
304925
611959
707176
320220
613240
827940
676166
938855
712979
696208
242952
580829
84602
981755
10830
378056
777023
423859
576608
421069
60548
924958
692499
766920
781246
87629
276023
811095
414341
974223
14549
741531
851418
227260
192221
880185
585410
168682
593617
122287
786585
665990
33981
208968
954070
440331
216564
438950
619997
307672
202581
803003
613475
597610
367992
868796
746102
540152
597250
728303
494984
137186
590692
906127
278934
156887
974902
444816
879760
644235
793778
183915
917278
423532
858770
263839
222298
856282
15858
34331
206263
484419
910144
209568
237900
316260
710459
489787
385823
147962
126283
286987
257729
711778
991288
329595
562719
601271
471679
864355
362476
842323
374104
75936
598827
587997
614889
953496
785664
651191
380981
859696
925636
958928
917395
247059
674467
248874
612186
969038
398466
114419
142820
252793
446216
380536
881240
593685
124371
719531
596942
600561
294530
948732
834931
983343
232857
334965
938250
539231
205300
507640
146261
371863
922627
571918
72078
252052
55913
712161
832667
714116
267325
145586
479431
920955
692207
571713
189324
28816
260897
88873
94435
628986
224759
927729
686119
211620
785702
367539
309918
177917
695970
281787
31563
596550
916172
952272
760034
658554
923476
646005
418777
675433
205317
179630
635315
347828
173909
385697
266166
401885
643969
237130
10703
852899
923824
899595
379762
179422
781534
799784
780551
673894
246310
978813
694189
167800
716292
16683
414646
423223
116508
162688
307323
336530
893761
260477
609304
851057
498717
760288
818058
534333
822771
552338
233136
11846
205605
682212
745651
509659
628549
99782
211750
85424
239414
238594
736807
30638
363716
577289
449
168768
853341
156374
978302
797560
338145
291774
611536
716536
642564
652853
519397
118106
791802
233745
335390
858249
714
662015
606311
788137
780435
295659
617971
301234
765596
333365
784885
268815
383264
478504
636221
241261
416132
347520
639480
309797
446066
88946
815797
290502
397651
570583
128009
497253
936518
665614
779724
603514
690822
188153
979317
976967
573409
26565
139431
206776
881350
451835
905929
449907
373909
652637
970118
340545
503713
82953
563489
688033
711538
837084
204167
631714
893382
538717
382934
998037
380503
146649
849251
449301
453778
957667
616163
75758
83813
997705
995781
634564
189005
308897
115809
613098
516566
830827
501873
946187
990633
431107
811195
25672
733348
549385
816636
917710
160643
409848
488261
614150
23341
280634
602076
884189
691326
152708
524011
396491
563990
431020
638864
371367
591852
427401
988114
813928
440751
55744
94051
236174
369216
718252
90763
470189
714370
608288
626639
52762
918160
613257
897843
550860
451512
670487
151139
507921
753234
737891
400411
280968
841293
132882
236975
428408
412404
873284
283761
462497
578443
308482
544887
169466
651819
331450
790235
606942
10170
580549
697052
86708
198100
838446
653060
291192
600526
106533
265271
315990
190633
842853
638632
947369
849889
501572
158923
745594
40906
982598
767926
623820
910099
329690
724584
522066
374123
590331
341321
70051
224809
195158
514549
7889
656974
363361
570413
451754
465361
895620
498528
956940
34944
571647
141765
772998
698990
857798
450985
334444
878582
795089
539880
530441
273221
883672
325585
827750
540849
854367
211734
565339
635454
926571
758967
659451
977128
341459
171282
151220
181340
346929
53038
762407
957070
851822
121028
110964
906720
807059
80388
196976
226773
234453
319671
971262
677405
936530
362016
696287
966483
458775
189440
826772
853854
353822
898592
144251
35601
642656
227596
545720
411837
745956
481919
826070
157807
243613
441048
857482
326027
853434
676359
792347
675642
691438
807754
838513
186477
845168
23193
48954
126241
822911
530
745923
336143
879142
161345
730237
511169
177966
864596
390848
626584
496817
268426
767155
595391
392668
147817
738827
990018
192965
49111
190858
992127
841730
151809
464290
769228
874094
206380
62884
151854
847331
888260
332477
685984
976062
75127
8425
372714
785298
475823
613149
5017
725230
454589
900777
731508
728549
126120
59010
656368
167202
84155
3650
342681
944623
539603
275230
207087
225178
246236
212739
326570
210230
805018
49958
375649
303154
64550
564455
132385
456539
731029
222592
200432
483750
482786
647184
584633
716238
636763
792620
737028
70307
61005
176482
306159
122074
708478
181173
464065
359799
492519
975313
700526
994420
722516
436977
143403
885613
738636
319606
835294
19996
410441
251432
355188
292629
65933
105372
94187
988356
566769
709893
410303
253453
150899
741390
134376
834632
118747
886371
643493
32086
609526
607869
153934
355274
683275
293424
135077
260089
538908
809781
775641
236683
355523
417696
313767
688950
474242
417773
672725
326814
690574
359934
581305
196931
850869
790787
610134
950229
386869
993742
485868
180523
991627
718739
157748
680933
150739
776743
340226
105221
936583
891004
830811
625913
889433
388
308759
220462
669155
936694
145662
934810
662323
216225
396451
581437
380442
346756
830955
523739
799553
475272
566335
92198
34539
923235
307583
625934
991045
282299
518720
373132
423121
318265
910703
620046
407468
189055
305143
13563
974278
722088
122908
784011
233548
651029
211599
306331
853600
703461
768870
581295
982499
369392
546112
492104
707972
955152
663912
230010
565945
627627
419097
431221
591344
815054
707141
523638
396665
458831
862046
43457
597236
492309
349019
371174
740403
389599
746575
657880
741064
886625
142726
697855
576069
866276
716786
834312
77491
385454
531832
929158
321656
391451
54352
753147
795709
832487
5859
869707
444999
902808
148713
546071
70654
536513
341063
825646
843599
244427
459168
778885
427745
331116
337040
749638
346469
199627
970869
8441
401057
764437
690384
226281
640760
535096
888131
825418
687320
843160
739807
461551
129187
576215
474626
6964
575143
696867
145341
399384
12335
379610
255251
660289
319106
923383
170636
58275
952931
963130
366595
573297
225016
973159
577131
638678
134172
529113
500307
461945
424778
219885
642388
42817
876119
458925
568657
343052
764030
230790
37184
962893
204392
90418
943560
382322
82312
561025
850958
418365
136647
106732
683632
997308
225346
201104
4012
780479
930930
4407
44268
108026
904289
987945
580120
55006
798207
53112
943087
336459
187267
233279
615565
706539
962820
54291
507595
88789
539219
610108
714336
294163
681007
261391
582769
853796
390488
972277
455497
977685
609521
227824
236108
104436
848772
839364
99786
587987
411286
106120
590592
398243
860475
310852
932745
762316
113934
149456
564238
22237
565877
569743
185188
136485
346561
817624
476821
257375
237362
831053
548972
227658
998215
565017
587695
18322
237815
686152
735188
209867
599372
988987
946283
737053
24837
229853
925454
509201
202929
235467
962198
958408
443629
207838
2707
635284
568231
49913
212392
188135
909258
548001
553951
518776
995922
713168
41
144992
590908
120235
640404
429181
831975
509257
175563
814768
684947
49870
104649
307508
436799
622646
619453
470774
245171
172638
410375
911082
373878
586778
514935
187177
27227
190365
96864
840736
45104
469397
604640
795865
660540
751233
147718
846668
748045
904411
110582
759000
975144
23643
42056
339624
455328
119956
860345
767320
845750
675253
370960
195658
304640
824636
331240
144297
875823
573356
959841
335692
187369
528565
519371
887227
154604
372743
39135
275943
449096
233319
284144
234955
191575
293124
458320
665103
154007
826789
438997
927635
968483
168154
783321
952635
305538
159070
248266
366644
659808
898592
450034
668326
710080
230555
446581
3093
5398
708949
133289
137792
165193
378137
741144
665996
252861
178765
629547
692591
280176
254144
813631
414815
551146
234955
425579
405750
377148
836612
311866
354604
930100
119163
692136
240773
572596
532247
374871
116139
736916
486451
80261
170827
432558
290057
695384
716733
35999
831972
19768
812567
7810
260563
905331
858289
768415
879966
486357
48291
885188
697084
88316
924966
468363
440664
688510
69012
942703
185072
980826
120957
898510
543930
366812
105080
57814
533350
136530
232123
420928
807817
980860
15796
758664
394749
620252
67178
312112
140443
188506
303859
829667
245251
691170
411955
815794
649470
773588
680910
723226
154582
709997
364811
631045
36044
848281
763444
920306
777992
70147
300594
613870
614264
573908
251562
503266
771670
825562
297637
786882
503773
61081
810530
839592
280937
122182
522700
925839
893034
928093
125008
203338
378671
967746
349404
937123
518939
486064
91862
892398
142433
141404
667666
293501
41620
632016
440383
432914
158962
634296
160042
970858
37384
11273
721854
790092
801127
721147
776902
809023
757373
173283
850367
689700
609551
399995
672882
673640
133430
193995
676959
308569
606137
890720
308271
871156
408849
835397
90426
348145
969887
503297
886658
594020
883191
470237
634646
127671
739428
14149
577544
122579
165715
858712
832387
866780
914157
625479
188483
611260
894724
506521
507794
873226
910509
501283
842753
76709
774338
673932
908913
507580
887957
974256
469337
608543
921190
987554
182814
558594
685655
584444
960728
578139
830706
761267
67679
389550
787994
26730
832265
35756
934705
405841
989880
751349
338073
982528
381889
640238
779420
353094
703780
797859
148690
650543
938418
460951
943125
932907
814241
311724
697179
234826
236903
209246
588661
848594
774767
854347
935818
381133
123836
714011
175257
262001
117206
305620
761626
751186
739034
531580
721774
877417
485537
776179
784299
112025
105433
508179
489234
757681
390769
394629
884407
773825
19665
125810
163494
425513
558217
997537
388454
356376
495618
309256
738542
696046
620622
794994
371753
944981
461984
944565
53340
671450
561083
502081
970736
269546
628673
355372
125601
439410
173400
137178
613729
465230
786187
18081
737541
458149
551495
820054
585766
755629
915702
939897
188522
508055
541935
698232
803246
370853
185957
810208
520581
615533
992916
287644
612741
211012
555047
415326
478792
346888
345290
757991
959645
562289
517215
928570
451114
529200
478304
278523
454075
347385
308156
877626
966808
588514
519518
124478
570226
167838
182326
655950
155527
579087
830075
960245
225694
428418
97409
777946
424697
96331
469338
320223
229917
981870
859912
437651
131882
603180
145782
906623
887559
284565
527043
954390
234956
629649
997494
310765
334872
879761
528156
909373
380714
403820
231536
563976
649688
509225
47105
959009
964749
806724
837245
82667
824280
97057
598670
72366
658808
123471
590207
984932
326949
331023
457194
743849
48827
2470
41253
863618
681090
950646
447365
494981
936876
939381
189290
591992
393860
896143
65459
986052
949543
161697
204769
977285
14159
626441
638499
23215
399006
758840
387174
844259
634819
699007
155394
964826
7504
33750
736055
250111
978115
103430
912520
803069
116304
990037
711090
565199
192711
476643
142399
492755
937153
906038
158313
941678
947714
996358
258894
160716
883030
753220
825773
527620
877058
572102
895862
118676
547973
559728
509618
447837
206936
805289
145616
990193
881868
55253
300520
682301
459860
10064
260105
697435
602250
334938
856006
135563
641191
214963
870429
318622
239922
452222
275490
613519
854373
628769
588460
442469
799471
41918
156315
150892
617006
992928
226089
154820
324442
182324
348194
562071
19014
997675
202816
901436
572884
20445
192187
781744
308191
474748
391529
636849
888754
766450
510605
792331
721839
433851
42792
309231
708287
394833
734668
672843
42214
858769
196815
39050
964916
484103
714570
322122
671281
782695
392204
274565
656259
601527
372665
137235
287152
420948
133572
605860
443364
280730
735647
679024
398857
968199
755459
696877
194577
435348
857917
94033
207346
888994
306278
745048
701683
808474
955831
792198
122910
123574
550469
412687
42716
839060
276532
286618
137448
272182
765248
186533
347998
889761
740297
586472
97308
666485
842393
648237
437466
369018
867332
367608
605039
706129
656637
808112
549213
384490
215844
181495
350918
457793
219392
457148
589426
82985
319830
203585
81245
595025
732508
429636
2196
490509
785946
359557
196293
934823
479262
899096
641985
472898
536984
841321
303883
663075
740720
935145
390002
628281
726218
140799
332293
982870
365315
216039
5999
263772
898810
565425
486876
326529
834821
495287
752446
573854
799540
402188
401728
334186
818164
327325
17960
588783
603928
275830
400747
649824
110918
186394
282310
305911
790235
228263
503833
795111
597716
476044
529364
191674
159811
273169
29783
444255
302560
631045
751528
963432
841346
605043
450222
788181
44047
582915
369736
804005
736970
313426
851914
12579
691597
634949
173589
815497
750778
667832
269760
399371
716458
764008
214455
529323
4240
390911
915677
610370
995528
858341
817648
887507
523164
563716
603832
43188
857334
132445
309563
748964
139
561446
266656
38903
854714
397318
519627
784522
510251
125478
335562
764621
952195
217671
481667
34440
407305
50338
977671
241361
276045
778316
323639
788141
661450
942601
489957
435914
504997
53606
553787
627163
398552
777130
944275
135116
858940
918906
895580
656069
717797
435823
810320
634419
983969
82480
127896
726053
597510
759328
722154
282676
895804
522263
977354
90564
397428
115591
316145
22686
613444
981530
933178
219186
192637
887860
281280
989694
609225
502147
34025
300407
372539
980970
120602
97570
719707
863337
885860
17863
808822
215603
503696
242994
440534
115935
252507
827696
967306
177139
554899
412317
314567
577904
920378
143356
324969
760038
617697
15594
287072
677405
183882
253597
389728
646305
213663
272688
468109
290731
155069
456524
268521
612544
805377
324142
658756
12583
831552
875294
862992
502204
272656
735949
968979
106612
475322
232441
899239
107097
789767
585329
241926
890350
722355
348896
435932
65470
681159
303535
572514
667584
212905
22617
471369
959716
81494
84878
89004
148518
917010
70381
683588
81112
86169
978030
891034
669277
154221
697029
203524
949827
247631
422725
174275
390727
761654
962345
645846
151239
500529
697681
958596
600386
257766
109331
145103
186733
617423
264877
886136
506436
35847
499643
602648
868718
393309
375320
15526
388065
84939
882583
118588
474723
241826
455545
658703
676359
95648
17991
794923
276501
702268
42371
485686
254686
808114
743410
805528
1042
76305
618224
54436
300764
447687
795980
750832
998218
850441
683855
518546
419077
310570
678341
426019
8097
408491
559926
305996
222795
177068
170928
779617
601582
878204
498294
760166
96365
453638
930950
299713
50718
470547
170318
685994
739229
728078
363337
910802
250033
298643
125757
387246
848827
282788
6017
472061
471191
21596
693730
440932
238457
196572
375204
997925
204743
835462
238204
576387
540523
272804
560289
504856
782139
124161
291023
901937
763148
821980
855442
232099
632389
971546
308790
924228
504297
109904
671779
830937
997802
513387
649831
360393
248112
319379
872405
945697
205036
428009
640962
102026
842310
740466
75192
157314
450927
526746
774294
775308
579580
695298
301976
266522
909659
193149
774841
612441
595987
357524
709933
311063
288613
772549
530698
371882
478067
703123
644280
36418
403164
338962
26535
290570
450927
745669
603776
402761
215886
95021
159143
283985
262551
320438
547040
914752
404145
42716
778419
5329
121123
931495
257814
495337
900387
387618
637490
407938
816856
782781
37496
401298
793997
830364
453711
359880
369435
96872
291488
255586
815889
950662
86681
836893
553972
972809
800145
772107
573657
145375
586902
239088
825245
616692
746665
179260
911342
802540
217995
298571
664063
332690
121475
30124
364535
506912
623051
889296
845305
160913
564167
311122
645958
963556
710831
890158
533560
526386
220855
792038
784843
956270
440576
641585
886644
157913
600648
174002
863022
146359
277004
380134
5898
737041
983108
991747
33718
138027
52895
487023
222321
57814
85289
611440
328861
463004
497160
60514
597711
51988
10118
597096
921767
480452
531576
983941
106323
616657
755061
439467
786201
617385
132716
187053
831812
56429
348896
962307
795348
497531
625159
501702
758104
230579
486664
330548
704258
194870
963282
579279
382033
937901
557041
417008
305453
907912
831081
931778
702994
373826
662651
546775
269633
296191
740051
316190
935696
385685
119011
376814
202824
13390
760774
565236
923457
962877
739304
875586
941942
611968
823518
152796
107086
786188
858329
270637
256639
756471
74725
972087
885214
465759
530632
997864
510237
638420
158417
252414
485307
79175
146638
122523
596404
590069
226610
593428
534482
927733
858448
255315
257924
529920
108913
931054
520224
238959
237554
660114
613708
706546
151274
145446
28674
943669
308864
301733
434145
90180
450164
219538
182020
196532
511532
87929
663140
45506
240976
926370
569980
304028
54374
531200
560731
188273
393515
636191
305499
796001
752798
199973
265581
765687
319369
397639
555725
365373
62390
240720
870652
416189
954246
966497
88393
868696
755288
285955
488865
138393
136734
712174
618573
539321
92617
832192
609022
554965
313014
81587
699466
846799
985898
234841
25618
168473
123113
85209
979413
207336
186619
525020
328654
942132
125785
142549
305985
231167
910907
223600
405756
711875
271735
775101
919059
878722
964981
70607
553932
373150
409861
468961
394803
147476
698367
160067
629526
445442
662550
553035
623346
504361
170221
23680
511189
393638
98247
484855
670931
132068
916228
668476
795960
585123
47954
957191
623274
176073
66445
343859
533701
203187
340619
258846
807678
438521
243341
505587
512667
573389
969997
976653
167541
255342
942577
971717
185514
319112
947423
477917
410011
710391
53090
496146
571964
71608
411194
486987
9053
581557
776110
141341
368327
894786
550902
16219
595728
73641
68463
677141
605155
636354
53721
748560
884443
328711
334279
674709
734304
832712
445461
852407
641801
325616
748294
62649
205367
521628
670302
923569
611532
184846
642358
736680
912030
849968
302540
404851
819282
672511
431471
694440
796198
378859
251197
133686
929899
423729
92640
218005
704818
594224
166985
432250
60241
203297
59180
634701
530920
117244
171922
255619
536190
466175
859846
537346
784651
624506
227312
534809
285257
860109
791988
152237
658322
184110
236049
971259
190859
632872
695384
563392
939339
132783
343273
623629
326980
473973
784532
539541
110585
309921
112680
297275
374153
179003
826357
66848
774408
728888
342084
124381
553882
245639
526646
327397
665906
791764
248114
440954
616552
63378
821356
73181
8498
788984
385019
607304
197069
952879
457967
789566
796901
949843
614601
790583
751048
175067
371357
869717
890533
612076
70238
765467
150757
406037
159519
546769
488008
645544
665532
865922
74023
50127
817703
146086
181915
81789
28443
117061
72730
992664
454496
493691
732352
397728
663305
615955
162069
609143
911953
905153
439447
845310
117920
724583
746657
205929
333838
82603
690191
724307
613256
105996
192105
76231
713606
278627
743045
228691
567953
415464
916710
355720
731773
425856
225049
288475
899295
715843
260938
391946
854124
778627
515905
395702
91336
608693
357467
38882
150752
678690
438421
124110
156700
322839
989354
911625
333738
703463
85588
939864
966598
928100
942260
944601
661166
416128
952508
25574
955972
121043
481562
263571
921990
618291
869347
822840
249564
338609
787367
582797
140783
539502
296692
324827
987062
621770
960408
346614
746279
637971
812060
509891
44285
35334
639043
215533
154287
330862
190505
159297
841963
95065
521834
548188
41584
668978
720661
765945
834173
880042
148737
368660
206079
131569
364607
247281
448235
28340
197953
26920
554960
75713
873175
176731
909150
365076
302080
993467
284892
468842
111416
352342
645667
495739
930934
818447
595836
751823
371231
951399
189179
554035
600448
131219
146319
685786
933266
319882
469374
435107
878196
618946
980386
714630
274113
856163
996296
115603
557534
8442
535115
531483
788023
280498
526269
121175
544228
29076
383678
29916
235133
780374
19074
940954
526714
320232
515590
782871
763014
414328
937780
302940
292134
541490
722367
695812
930638
741832
757584
707237
136866
451256
101381
983691
459319
805953
845291
830131
473826
722853
364534
83232
973868
33403
138095
627139
677332
537415
851679
201686
739593
754438
924221
265229
521073
622828
714732
411502
959267
817290
176051
176207
167668
744944
698848
86715
840018
167516
497492
989025
841
306281
927393
912430
144388
748695
807537
684076
180336
117469
782846
533446
963568
816542
429208
763990
181237
954884
204562
427168
815872
753484
14051
393002
712976
585696
2155
528309
481538
952817
439469
722942
448196
541690
927951
415621
785042
726755
292078
60670
195378
102829
705011
46526
630746
369287
393272
922522
632665
295609
211639
920363
554374
736875
492792
936181
645636
952588
343426
382616
61677
817110
787818
523241
675923
798205
333792
148099
235265
216513
555916
985696
522638
891444
769629
723216
974299
764159
198370
897651
824400
255043
216712
723855
445388
346980
779164
634697
277028
535178
921476
314823
441472
31786
166560
955241
108105
129197
385815
423097
898699
209918
397691
995242
741949
527947
438611
25479
440803
793015
678232
262648
225383
590364
189232
129561
991858
263663
755080
814279
313773
140415
834323
443845
898409
577676
343102
801218
635624
777549
190666
864503
14459
990107
151515
236518
818254
267955
573161
708220
21040
510787
737516
226200
824562
792219
822142
786778
786670
548894
465270
600633
808808
586933
11730
155514
11312
716235
734509
472233
302862
185568
833193
865512
983026
837664
978431
184751
270735
713632
646755
725171
513728
692727
193014
231191
934629
10003
725290
712269
410951
897727
30421
705179
463101
97559
439036
367223
735801
908669
791460
431699
62171
818503
62424
801327
819889
920179
867105
677256
842268
691562
574744
243122
790763
682525
140583
584034
790463
384519
457608
506082
517923
24960
105697
85644
432610
56397
686507
570287
490910
387633
412524
533528
352452
911880
641523
358335
362652
816170
83311
298812
810821
408197
268829
197758
972239
533177
755072
510387
556352
582150
132755
713099
816004
440767
900334
940316
405010
690433
154756
786327
554595
621980
97732
729571
883085
233086
711859
802801
284515
817957
117958
883791
162201
544613
987120
611061
777341
309100
676380
426195
993386
245075
671463
345293
616741
497637
278169
25462
692423
318283
813093
281169
64534
482107
32861
742854
434925
980201
397420
282171
261426
90408
622720
728298
520830
26730
620744
713791
841094
247715
52538
400953
806800
283410
151893
181140
816501
250930
213155
128672
181713
24842
595459
936274
299455
290960
933225
746111
217882
838712
884228
973508
406961
46499
798447
471931
73754
82793
747094
384570
12093
84262
173459
526904
578646
9606
333206
991298
419920
815664
670148
767815
783224
442366
200389
489445
512581
850562
31989
454627
860427
854816
796419
972605
968020
118919
690109
640574
17575
912278
15851
714967
147514
458512
788784
246146
725596
879393
486869
998558
289276
678646
922180
657253
115876
952836
928151
615135
837501
533608
203524
18967
399140
216280
436666
630930
252540
91903
634462
315667
611592
999190
872476
68049
452715
610811
339119
69074
546921
500479
743126
157816
767559
384066
84691
631496
278856
637285
367018
677367
909974
31558
956787
816019
96320
884608
874520
356629
327847
958029
570633
190758
712584
735665
647151
105768
275588
691522
496762
568606
819700
390172
693826
71783
820601
264312
142080
877123
355225
932734
197099
893112
575197
991571
929688
880071
746169
132794
163094
602763
227426
23248
731455
632768
136205
595920
987811
301205
225883
301534
770834
883642
85700
133311
633038
178324
503118
884277
638176
979152
359597
459363
188737
390645
50738
200777
935138
187831
692008
285064
610565
67048
401165
131743
179503
943724
290826
729301
846338
762011
820075
555395
926213
269962
857588
450890
277730
247854
107786
742625
134306
688315
980607
49776
564022
25131
902748
350512
83222
272527
493638
603793
113601
20918
148293
418817
505293
469990
722746
366962
253760
331350
739011
375491
66817
657465
461448
810620
510678
606039
604005
54932
166134
581825
110656
700139
550113
227459
88270
257466
216353
327232
986544
298110
983879
335425
742700
143821
51249
221364
842684
565789
275385
221611
177066
937096
614639
971311
147599
631908
123908
618106
154300
637841
755168
221188
201137
5520
734966
742521
58013
607233
177604
922340
551355
294859
955889
945400
54699
951342
221217
921497
351741
626009
625581
576152
43907
290145
113621
118336
876068
372481
521252
676756
226062
511586
922888
813365
15955
454016
138592
555589
703826
151193
373297
374925
854637
338045
266498
411504
538865
458953
487368
198413
974332
560959
372876
123451
54143
985973
705906
361625
242828
124050
778074
129044
820985
654954
903376
221713
252416
670106
619713
453185
84928
612638
227979
19336
841623
105192
652421
649162
876497
225382
83695
19681
325819
414783
931538
951094
142818
74075
350289
595930
793327
66634
364543
320246
53137
867903
705369
938238
684098
68464
841642
314325
635235
466140
517695
492232
332881
358221
94615
490007
726575
27163
620492
601331
816694
567312
13691
146962
592223
799161
997748
485260
614185
432098
900976
28965
774672
219183
57119
257725
174103
449100
113030
801815
407338
61575
801970
198316
519189
650435
679713
635635
192513
800982
819921
515494
516566
617181
704622
584184
859869
101359
846123
501737
213568
583732
632420
305897
489879
434599
320272
444047
932354
514614
974279
676042
768706
54985
461571
675558
605778
708449
349547
409855
138786
191573
452140
638418
600836
307666
289986
235459
31497
68739
396798
705772
265389
896251
837627
989550
165375
849187
42186
917689
411513
158391
728069
594370
220228
233510
124574
878402
775944
38848
985289
679708
702697
364343
104907
470661
669783
246660
576866
162058
437737
504329
989887
114040
461136
726062
653041
19065
711514
369377
395325
574507
78517
837648
935200
430647
993356
559389
908376
200554
46184
590688
233067
884879
568949
339407
573383
788620
445636
613013
831099
954328
695975
86617
245182
689275
794191
982700
994381
994719
444274
646570
139149
297721
182905
831411
810273
167175
402727
193706
696779
136570
592218
602023
560236
377968
972056
504306
343152
513694
188605
359315
152578
939523
468907
21825
53168
900482
988851
592075
953091
997926
839058
905690
239412
925074
599301
561865
616462
519020
403762
211056
61429
931241
783770
741541
238000
282159
611410
862201
9028
130152
786771
577935
361198
140233
489843
926949
205810
389806
501328
272352
532144
44654
364457
907586
457665
925636
234019
309797
448685
907776
956870
618553
549544
279587
495514
672377
203232
110270
709271
961182
916198
931572
693443
998709
165397
913570
829316
103897
370036
844735
630156
702135
815035
829286
672844
573675
43044
306093
322838
678904
815263
546433
296704
790060
640374
473620
913640
419513
608658
249013
848835
775677
289072
58318
219997
860392
669559
153608
770708
530626
806929
378060
816760
136791
770845
828267
158483
524722
18838
367629
192653
464700
873076
545391
791932
528395
898436
841916
929346
475887
971976
660966
615986
326469
744687
511132
967710
830723
93211
828549
820812
751131
911674
727033
844943
639302
464961
92511
957697
514721
98631
560439
325984
739147
254413
10117
179889
90830
283864
736616
205766
473275
959133
658118
878095
929066
129053
904439
928931
742376
690860
459116
454583
743355
360399
791517
212963
552756
732654
661298
441052
218799
902399
982566
927492
957633
891606
40002
239234
778378
21532
345179
370542
356219
44081
652786
304303
64996
686185
793908
703736
78838
285065
497501
67561
854687
700407
59749
198994
205365
184126
420575
491781
225542
659654
531438
622479
711694
673426
815456
322752
961642
85361
69965
539279
56023
693535
635233
576897
465961
266463
273138
573382
123862
750531
894811
508181
119690
589826
625459
743600
451034
708314
867481
298675
708081
988405
805455
535347
292957
666232
663699
53890
457087
829044
292600
385828
52577
9262
290658
341366
787448
377262
795061
485295
187133
338917
217402
776911
596598
195081
17240
993186
424435
542619
347260
502480
363507
275966
213094
759556
248028
783055
900345
898523
128701
884846
456115
611440
681047
746341
698917
635405
882479
558778
436809
168078
762061
978937
726677
510981
517337
491399
530485
457793
329304
181206
527543
258687
795757
292702
861729
869452
909510
155155
4716
478562
560246
906559
290658
478886
902719
740415
106668
808623
779023
824152
57213
793145
478889
218258
176258
752851
725005
224751
529064
355022
973199
360830
99316
895587
520869
275809
504234
41339
440034
726197
31403
53736
723311
537221
518939
577782
482798
864448
179277
947091
577388
227976
643750
333333
669105
302424
51811
947392
347409
157646
82660
234828
810281
559926
403832
341372
42069
101765
866278
218699
584946
195055
56926
884847
879652
491964
906644
388839
618223
144757
868418
128793
553235
368823
508919
607573
370233
936037
518951
257362
702286
69483
581504
851599
39000
691807
7944
35208
278117
543690
634029
12967
461198
609203
291920
867627
693893
703593
97187
660478
766487
554379
202758
678832
685482
292905
878349
568266
157000
89298
87773
980195
785286
319631
747818
837217
848594
461957
180178
639115
600202
742186
549337
299964
96790
975981
942127
253948
106091
347413
853294
394508
499044
402576
916602
283200
784321
314039
663417
259926
548968
664878
585322
987945
462849
730420
706158
784663
397363
399758
404990
817752
839761
763206
766910
557211
999748
869245
991220
695681
628872
185867
210665
507196
700899
5170
862296
662614
898662
257846
301472
870365
846170
114310
134662
260708
547447
297953
406425
988743
613178
159882
440132
121204
98177
463215
720069
725661
10330
587909
571436
442002
26179
166191
941201
208941
455856
573110
306990
825257
221915
866900
834812
560208
208861
5348
855788
181100
875233
199677
374670
5567
104412
627911
525851
51666
719812
653275
461548
772577
398720
523881
425374
564466
361707
119355
138204
974388
179422
196790
484942
27580
480123
347121
571179
45690
49506
208850
665569
472593
741388
926723
415309
459524
16153
750376
901528
848634
813194
446099
129502
332156
168036
908268
150667
614554
450694
187089
971253
447875
466980
841561
695073
150915
914156
474981
950536
761953
630919
37977
954874
721423
332041
927386
990289
837610
659788
313904
957243
472812
442649
600975
63299
115115
917350
333515
273925
225586
364396
908318
644154
184951
718225
209054
399826
380330
153160
129370
407318
883870
654992
931766
363470
166932
105925
929802
228374
35452
623050
152946
517892
693504
501603
128773
166560
61251
391003
700954
751782
579778
319897
84525
306747
893202
903900
519010
616424
874154
536748
135590
441080
551224
530698
110577
549628
88992
469338
985431
663768
296787
548812
895419
46294
883522
301005
405400
173952
510875
705590
751302
285493
541299
867011
9454
149480
266292
201426
589533
724313
303370
100588
242442
80128
805447
668184
778025
224418
650232
574077
560519
305842
392261
194190
291812
672506
238416
498933
378787
961372
653438
18728
659597
360750
440308
841279
325104
639742
431629
561088
220333
984496
764968
870172
779124
44375
884214
369452
783095
320937
508289
100329
607776
461540
667728
743608
998699
495597
454729
446839
511219
670497
64098
781900
726409
884858
219828
846311
997882
251178
856824
684689
538757
307529
515282
653962
872930
706103
24112
298811
401049
754084
815502
711375
610492
157678
458170
80926
1871
771894
350861
332518
495825
614765
823231
911018
895839
484076
524038
647983
660444
812255
370312
505704
420145
919728
152394
233772
892461
943655
874568
949859
589409
346196
395156
740479
818821
759593
248729
905601
446299
340841
267948
816961
397121
137107
333490
344763
838774
434090
531731
966361
237986
986397
484172
775335
247700
520163
953381
610940
887715
308010
425354
705113
308569
341762
957204
257140
25345
492985
471861
206750
760555
177681
139965
39671
798774
42328
479367
71677
641790
400179
13563
315519
266207
479312
384837
557455
259801
535395
832138
667588
443838
128284
662924
272820
570910
318163
601850
852458
853265
515841
92014
549744
601595
814110
751965
665585
192953
282194
451290
657022
912691
765887
449980
429511
701648
426067
887200
334303
315064
191296
258036
371800
844684
18550
274288
208206
229960
294011
49041
671065
762127
808142
797710
468270
484056
70056
763023
84347
538351
217183
296963
149440
977905
389674
467975
480054
614701
525743
321630
915954
274827
304421
637208
528991
266918
753720
730112
857054
35185
85111
101650
638738
186333
32836
724460
172704
874118
209619
73181
160299
193333
176338
934205
579606
584450
852438
210097
466637
459683
196723
635862
935828
506561
692898
730589
440632
268833
845083
571538
735592
962377
802307
160372
736027
408264
543800
254458
374555
739817
330312
225694
123733
964117
845591
497581
672277
182459
223929
472983
798349
62278
277964
748842
306204
335485
589640
588791
758630
824845
334626
949197
862165
640051
742766
231485
198692
904908
454399
28225
969235
792952
316702
22451
569318
686021
495208
284267
73089
675613
183208
252001
350642
821830
180644
501245
185023
666544
347360
104943
789206
861234
636518
692147
978361
50206
440769
283154
554662
555494
252385
85835
769105
329006
107156
295434
926091
263952
651631
975939
959079
457789
554469
880295
303772
344292
21772
349924
885111
165835
796123
972050
488109
892429
786266
654995
46377
185731
38493
951937
650713
258328
124487
868432
757195
660344
485142
435542
387365
911642
579675
27341
885405
963506
484312
258922
247995
455267
925543
484764
528496
331089
159352
500597
644950
617999
553835
327980
613751
50852
364925
840263
360061
140069
614351
166369
812708
315884
233958
821218
877361
309859
218142
347611
634174
453777
885691
133911
973775
124138
832026
842332
967740
390715
739722
341539
919209
949541
593497
77662
968654
35677
928448
204403
567062
70126
307332
588282
969097
64821
267927
205999
384487
855788
657260
636949
952074
573404
545879
260010
684918
364411
437279
532520
229386
49463
341823
417078
166563
136850
280118
213423
948665
624551
605882
769733
199096
719581
747355
742126
727667
558154
167155
599656
391946
852798
214119
144763
183355
420867
876786
441081
429911
317267
856786
372393
720043
682547
796997
212196
982721
868195
332412
266210
435170
825913
104162
749009
936783
11066
819165
128149
957323
786029
126068
632284
162362
184174
937674
669105
955381
314498
614380
436751
906635
597670
323554
146953
897985
456588
52205
531018
751420
541368
231600
720672
720686
289094
138384
101965
323603
608364
745247
892976
222061
962973
324738
882970
258125
163645
396922
371306
431924
69087
35122
960347
412810
61417
818996
941979
73354
578105
564561
653702
733054
343394
666519
98143
12250
589910
751244
726134
201135
750211
545987
134406
764087
658324
830654
3365
158613
101517
145845
924021
629145
194201
397648
849732
285833
992012
394195
882636
918891
699272
494359
267187
640748
909826
884944
973920
580358
753173
947505
81609
916295
487293
858270
943430
705794
438981
788199
444157
723066
219195
215233
495360
262826
573171
390089
243724
635513
596384
800794
431924
243876
18017
584705
774674
869855
160004
108549
413603
700193
476828
630973
394019
365798
37947
520625
201616
574044
302195
126672
47247
332575
56786
910509
296732
857337
179030
908197
440195
154030
29860
480255
87343
111435
964371
986270
87175
947461
820835
602512
643560
622818
909921
895192
215964
723307
105208
783356
941197
648783
76636
2699
60068
517279
562709
274429
598714
533579
397732
804336
771983
38866
940076
133554
127915
981225
617528
986969
91
970371
321734
353731
102049
532227
965369
733833
679524
536910
118684
460653
821015
154854
908876
178617
732526
229102
467821
727534
857635
270952
175688
864733
221441
592466
228991
579281
105183
362717
298359
165569
968167
528744
342330
418128
69217
99511
703580
829044
669774
306939
23805
132837
234825
533603
656601
189172
109344
690531
25526
501288
616594
975136
133177
842802
158878
18808
61429
94290
933397
320037
769232
744180
848207
297756
41083
589750
331847
521682
653658
295053
485199
686432
687978
241399
696025
830441
146496
106812
302187
304835
259647
916828
505007
356839
968165
920697
693697
372689
667975
970741
800657
715750
191954
14349
704541
310112
14312
805630
745346
457861
100385
727218
873417
830431
134141
159435
474475
79657
801657
610869
351764
583984
527750
395704
737599
722806
544668
659828
229611
511427
629987
147937
3721
175476
96339
883532
648030
954412
573709
951679
92951
209529
783432
138640
168975
693564
258542
825173
745046
229407
290383
841960
712861
755724
137614
382330
170569
532305
309816
133584
10648
998504
554194
68328
149034
240108
251137
613495
597039
878804
931463
228996
476253
199036
84926
578709
76946
947282
255139
997744
996514
229700
444676
383097
358666
571214
298047
839968
382902
941015
502401
767905
610154
283902
532602
724709
884677
253068
399478
394688
652716
498357
395830
122098
509891
536288
758109
607883
725892
131364
384816
828449
640331
265330
536024
409674
69353
25066
475165
568664
400195
963197
533140
144145
336000
853135
529429
7747
714334
504807
785409
590261
899064
242389
581228
351208
333944
888895
518305
269955
264876
531331
434970
505136
491361
206424
62798
817192
589307
448916
119423
324377
31460
671431
375601
33074
465532
970775
631302
297001
654971
217684
887411
691375
218579
368456
847874
716655
744858
376642
257972
422439
758280
35262
597233
996829
975306
841883
820833
944587
4008
560374
932800
186658
300072
912570
588658
104278
105251
28872
157549
93154
201315
311122
816582
402192
765458
290390
236478
183980
691070
498695
850402
672391
91389
14856
289103
790221
697322
852163
373046
866306
113498
639436
475339
452827
492138
341534
118909
414985
564618
788753
425685
117578
366890
38027
88366
546883
116324
512676
785501
49354
221683
726368
392780
658831
357656
358523
578061
539440
733615
955923
224918
458694
893381
95675
474656
975909
462142
773348
743859
755194
281362
654191
100701
867081
164435
654995
655563
565537
19137
915654
305453
763933
905706
790467
944719
690188
612022
101550
581084
44306
673329
80970
451022
742996
615765
800528
5864
99228
996656
676747
302826
875622
833944
109728
670605
497132
155949
876169
511422
755462
80175
410254
625983
562783
481629
970407
459200
131880
502356
6634
881815
848349
338721
198323
63883
197814
822514
346234
297656
684051
426238
40805
603499
566315
556054
22595
524492
447775
879541
955484
176056
73672
631076
946219
325942
95033
740495
475244
178527
647136
299840
776959
206908
26131
784779
300932
313917
827190
709438
441287
771494
225556
505739
367294
52335
877494
951550
196258
159830
772265
52702
844369
722858
702039
169895
833484
514828
208523
848447
807782
762438
673249
655588
399201
92580
936869
20858
642970
298642
218403
24948
600777
526543
594780
554945
588487
815562
372647
206129
36986
337555
851300
852227
544475
274089
965978
13767
123642
691792
697410
703315
379268
76760
853954
663524
14613
383754
972515
296983
416796
227053
823590
606792
447176
709396
948340
859923
893185
844375
507195
427672
326031
151682
87889
899560
540492
614702
409312
477661
597345
333769
521384
464389
773843
707864
116173
238411
704026
699797
232924
227798
43966
441130
16205
775003
410078
976940
578642
240563
679467
778731
105384
693889
20155
238668
584252
763477
948201
447614
572440
976372
895113
908979
462538
630131
33367
104766
471727
188365
374855
694344
622851
18748
877098
329620
436099
411093
479205
347082
60786
898523
435625
933335
719815
558463
80532
819296
660279
733485
23939
708147
523016
697205
633642
337344
504564
68273
923920
336378
781588
547229
276433
587988
553769
166369
802138
454492
90042
957000
406339
166083
196660
865165
287865
101580
625756
31928
670977
934517
75127
171773
204536
618693
116826
647233
488527
885468
888451
882389
444194
813077
343935
536704
902656
679774
440903
114943
208160
721520
638510
349398
317175
615489
331577
121356
773088
361452
73712
8836
959838
41138
197117
208872
982080
45841
976003
853026
725149
953593
329185
982263
276315
700789
726962
571249
226033
185794
627001
342633
544560
341182
787617
352709
162479
948891
30101
510057
835872
292414
685289
807490
410993
796027
338614
763924
26840
463197
550859
97743
190633
714590
994787
669093
576266
635409
738322
258611
962659
523881
203931
56554
713867
581813
817077
48304
160831
82292
566989
813519
494983
82000
741867
831498
848298
448079
268562
223794
771895
274445
876884
707991
522235
993328
657384
224686
818568
786079
835493
972605
831128
648564
895715
218511
312438
713279
275302
326397
870219
972226
284952
396639
557923
532699
782563
86140
855944
332994
22211
26594
673286
977291
657895
411305
120558
905014
550452
715348
664338
737176
221425
10064
373132
130742
514560
237881
393309
642644
453298
990320
942921
267564
13519
183042
124757
384045
900992
997090
87747
800628
451766
711498
422823
787818
877633
524045
997711
349592
272813
588100
639106
443615
220567
293003
451491
924874
418489
10186
555243
924472
659829
981678
79263
675084
970723
433243
286503
613825
210919
507758
725692
522371
987011
628852
999061
210374
385774
538703
339
775991
875961
622413
823327
482205
502443
971750
674156
49874
638597
948230
22484
890593
175958
355853
320988
39568
465074
208410
494658
408799
183456
493989
601145
183737
91396
991813
835063
145557
194027
641494
834415
12872
452842
524109
266914
528242
786896
908979
529167
791572
91525
300223
97934
181588
305071
638951
629386
706091
203153
933530
736382
702807
871743
154544
270430
517269
60671
224059
603862
502253
940963
140949
893846
714770
985507
101905
823756
293977
712918
384404
261197
797318
384948
900223
39476
162241
162022
123682
266210
99506
226595
527732
689683
159131
760326
352885
527532
755167
377042
997614
332174
25082
643172
545357
31222
91433
804772
283548
284662
756784
138933
567078
951579
925375
558463
365482
793768
938505
643917
122949
906055
89989
411060
752373
690477
657006
400686
712839
472272
810281
663938
869822
557993
80974
991324
950422
121268
654630
410032
326841
410114
76468
707970
442592
598874
285250
779901
536183
64096
354507
626649
843952
571126
381378
602922
978337
225873
781040
964462
788227
839724
746406
391059
855605
229785
291192
510183
891689
309934
854521
916148
272058
646671
229891
325400
902195
863835
960350
662364
301883
424061
786543
371578
817299
441155
516258
412157
170950
152214
367704
56609
141724
361583
692717
157238
867409
907514
334460
569880
438528
7335
887665
518219
876458
122635
843747
90482
394274
721161
980243
842204
796027
941630
665980
558647
921815
977856
871157
315555
414116
167471
494220
471531
512558
160779
542145
584323
45063
177345
616326
540924
454302
661460
699593
941109
213855
878331
369909
133722
516798
164983
289245
980681
872523
182450
248790
882909
515535
857921
204016
982852
584539
727140
526633
163047
462360
245799
229049
36196
33275
115891
527605
705055
806480
941647
917209
155917
33780
616930
371181
708699
864414
151685
346820
971792
791846
835766
647333
688387
598372
891757
525111
531898
423767
103855
895485
638652
802317
706250
406898
209466
394374
882659
346141
99082
881592
287227
119956
583005
773839
706004
14958
783937
885916
577467
398677
950784
73237
992633
412181
857331
795888
140245
554326
857054
637884
50919
124401
737478
176319
546514
630075
280247
946941
585832
365577
401863
80323
779767
657263
438573
217141
579418
582311
537823
787225
887756
801019
868621
124011
346945
752969
368603
223274
652219
520782
73922
694279
861624
473709
88061
309025
786110
220312
862788
992320
305565
293762
811558
847281
558638
779810
257056
541088
204521
723918
539371
748850
704866
497582
390387
688976
232146
223600
163431
669262
750755
126076
967409
258384
530513
626573
446197
460042
47154
188
39686
65288
208858
226731
240076
970767
968999
663031
856025
829524
597151
204354
511758
698315
114151
671466
225835
272947
964790
542104
570267
280406
375990
329242
151899
199263
830087
543740
348115
359353
2136
83714
237390
501004
829522
820121
148580
982148
932076
436112
127754
299313
998838
387050
532819
474754
405227
936140
334629
504424
228892
827389
964084
512580
711657
495631
174190
768773
397707
177461
388710
480869
753789
696314
262583
773843
794415
688930
590803
213963
225240
970391
901367
669360
463668
241105
579433
336131
188291
402099
119840
549993
649555
373231
28143
335728
635650
531228
529226
471360
46584
795384
175504
968701
198822
455749
492157
339957
100128
299747
472871
899273
211985
707796
740350
448689
795307
643352
397991
377949
225782
742322
487634
438322
294674
642027
227069
843444
574101
194171
831642
191887
536596
82687
520071
380031
670309
352040
643344
277491
16103
441834
766794
607805
178374
198941
686020
70153
480473
705327
513217
950889
189959
699394
148621
193612
9532
340079
342653
720921
273622
937877
269023
639839
114231
945138
574233
816139
941961
647502
474521
984741
344155
163297
227609
354420
694478
490430
867167
637126
235180
751504
235815
599401
992180
609167
865240
959600
381938
127045
903319
136534
47350
581153
179882
695475
876888
947218
626499
141697
74539
216059
671531
947939
483736
264627
452688
232529
386650
823497
408665
597635
88037
861156
639923
55694
381476
712988
796532
213437
909099
627763
685436
578748
615907
962597
979937
650764
564120
890968
812388
214486
334773
935516
892182
553994
893151
734920
357587
632578
788040
617044
382595
41326
727771
236445
83490
563794
631515
919054
389258
16148
950256
147879
934233
243652
428801
433572
849662
250590
575137
159002
260176
261442
493081
559557
467618
541046
468328
333073
874687
611628
94868
271802
95584
389211
484659
420369
188210
806133
978792
858911
521986
160227
683280
161889
474695
207823
858835
691400
677082
495614
37891
534726
897604
601559
134866
42782
347728
644531
555131
128166
312634
972594
406788
346376
314331
405925
291614
659372
145632
690629
123439
756070
593160
892788
41954
308262
787461
943505
822805
775249
384285
33668
416926
356933
86400
615112
518858
249821
952801
907425
374929
830037
167856
249553
633541
707542
644589
826370
614138
196217
213808
791427
399283
774057
528434
63582
127539
641266
973791
230852
296544
58974
198832
842843
206522
202370
315786
346490
655485
552415
716981
852798
257190
931076
885299
208305
542659
927427
150085
610615
588686
778450
546284
440854
205288
876645
703128
202054
511538
560023
798073
780040
243421
589533
504618
18141
332477
861701
169745
268299
109204
407048
95740
316432
89639
170791
899362
816430
604018
442330
348686
241774
53067
546486
376607
913318
584140
540120
315123
677934
306915
464535
884015
569956
353403
433283
267847
448868
645987
505952
310747
914738
419918
178465
606303
315129
123469
820494
13512
727714
807268
249297
147820
62312
630907
356125
376703
450094
605969
105958
202560
367761
911584
563437
66494
932562
26620
521332
13967
692472
554206
579243
228044
957146
422336
167335
256371
626903
372037
628486
2640
678874
909347
386147
860524
501712
312295
83526
335640
348743
636603
183101
107028
277491
938053
330672
191652
986715
87252
268870
31448
666544
382546
666373
948286
506437
166774
114872
806389
344470
527212
657334
602461
953244
525787
420209
383435
121419
359396
502594
569113
999315
650800
478454
77609
221078
815387
882859
430449
614672
962211
324050
472421
112556
629236
295334
358731
208149
917924
661970
611505
435425
535497
434420
191434
843262
5603
894141
849360
332070
683917
389235
566781
63305
880531
136563
349220
678837
753411
563028
290900
747086
64592
986755
796246
314999
657708
716679
769342
809667
673879
964563
738825
256606
174358
334572
131919
702861
515316
858740
183066
877846
825726
833733
444923
898534
612689
556408
244127
502495
96187
986917
313096
519196
862049
635385
512377
969130
297654
960712
274516
643466
94347
51377
22268
116153
13706
166757
175009
183589
178041
891487
983181
886959
319077
874420
245781
221965
304185
597242
568933
934644
978488
293725
623709
711155
959665
96591
108457
237784
198662
993445
433811
518322
666978
819782
882939
219682
674401
249740
296469
337744
250931
675982
565738
213810
204505
229809
719509
91466
816197
568748
808354
375873
737215
942783
138752
226782
581992
676085
142933
133801
201312
181918
11475
928552
222283
151976
269862
754063
401728
825957
577589
948390
362536
949747
200830
183853
847459
342223
670380
971699
82967
137287
667939
861411
932052
515693
708111
735440
381982
887262
32616
71640
894925
280502
815566
163770
306252
436404
226800
916938
387002
45256
455335
732764
363129
673629
918671
89885
310603
703162
852615
268311
587545
740474
947050
7685
909081
805144
952875
522582
830089
906152
886640
18789
239023
255304
656556
731844
392131
339451
128718
314239
50774
688414
193403
348434
308830
334925
361309
562155
145466
326061
163169
459765
784509
370272
793389
71574
181517
679402
944987
597697
188605
346968
14791
566220
302558
160389
529632
11948
657639
935871
350834
91133
642986
350108
458210
785241
709807
474334
887952
533893
668714
834261
184311
315790
908304
469753
627344
833516
226966
894721
971249
788321
444553
419409
312024
137290
597383
544995
389019
35772
745030
448927
172409
447536
271956
263131
862534
210882
572544
994104
361925
866318
509329
497831
262074
613475
144146
215500
489363
691605
628905
13050
284574
666401
751374
784228
459862
686452
141765
166407
93509
507453
360999
582468
358230
122287
346567
617239
488271
922858
266747
661059
350768
948476
842274
889653
292418
865865
589412
682818
167390
89515
408760
994597
612049
574307
395921
417523
952881
454880
239777
580539
217921
994436
248493
788181
680392
154906
869527
259773
371714
26401
992945
809646
721316
579738
611997
6181
391177
772246
290768
997840
777332
31315
251003
137139
616158
523637
976257
513509
333683
957854
103541
756360
813258
164618
982184
160396
747155
89466
602512
481139
259573
683629
208022
725944
408361
173502
761851
554548
107541
579410
211743
862312
218711
576836
317016
848559
312083
312302
495207
339027
93826
272431
441709
923537
11209
200459
574534
257846
745780
351365
916291
877302
330592
574333
227082
858455
293806
368694
320193
272529
399353
175777
39399
891569
254305
896534
515918
91851
83560
723003
809741
484061
790862
454928
550456
545627
672197
653430
103717
471005
114415
442908
250621
868508
458030
432405
559586
681787
687918
802597
502716
279805
642367
441823
829825
15475
413691
571046
766993
848077
357331
228921
218433
828552
431907
295020
583083
921598
631780
278607
748377
809340
585631
160083
25115
179092
631912
116039
751300
425907
833948
186500
900213
430570
357769
598022
799584
431089
487974
383544
500429
509751
943560
218895
346535
153906
195620
507429
522786
466690
411411
950942
450088
657827
246509
937681
268027
414871
7591
554717
702460
38039
74104
211485
172307
821796
944439
612163
343724
592301
469391
233556
384161
763944
900671
331131
362368
696729
747322
667095
950455
499918
644306
421519
594252
376817
492422
32632
202929
53598
643090
340916
600283
250872
955367
968745
895546
689258
116862
39681
955015
168885
844070
56838
246324
124199
332381
421906
786029
402529
463425
56082
462095
623896
560532
396832
951657
47272
856473
305778
879349
166769
696283
536701
968720
338477
935335
225408
681301
962020
250584
927561
485757
945818
874168
635277
569384
43315
46987
223582
397659
218092
423024
511053
679874
251003
740953
607340
230884
341692
529817
642172
905262
958221
412603
368823
366301
136075
992441
975846
883648
167761
712015
888260
233659
179042
511404
337709
897326
238345
908583
448517
939816
864165
419215
524106
472088
922211
950868
87371
967132
397916
599781
184406
792377
277950
323664
444282
568238
785257
568406
583077
151661
616536
222351
949098
940167
764800
720381
224145
856927
847041
404342
388390
675138
799569
422118
551970
766396
543643
788516
60476
447404
439230
313898
226899
208252
120042
587283
399313
581222
498532
157763
463422
149508
564419
12057
299829
365062
572460
700203
75913
309484
711535
634539
973001
16134
939983
45223
769661
962298
153019
159475
525911
445611
407009
799688
528584
633102
426376
427598
666254
819587
663746
216279
987207
935129
992525
44409
838182
622815
730493
139840
16871
530045
961162
832945
85031
393412
105561
720771
456978
448614
943669
873818
429584
241846
828147
194371
233267
146917
297516
396218
450060
352442
957728
12392
446529
265622
301982
112718
640374
611474
912387
995634
545728
522066
842692
116704
614724
107612
651616
364250
953185
834070
963087
869536
228390
416581
658336
864411
117243
388758
991043
923623
675097
615079
559570
1225
441664
324843
85096
638411
694682
997073
61182
89025
285713
194767
848281
36136
193667
846105
221232
171852
749516
247376
163204
778707
287720
773026
491712
302464
46349
555916
938309
855026
391108
750569
196060
164405
405207
765115
928877
633159
439945
923736
370113
621764
412658
819216
928504
876791
317405
641509
144240
142141
902978
331970
815852
609463
16150
229277
59252
78793
379314
849404
980183
992347
32554
271562
645958
839697
738359
688246
659901
795451
636120
362061
744376
585068
824282
348165
227125
912469
941330
969973
278018
749671
852759
311975
68879
830845
648944
784768
52261
164368
152317
876709
141008
516526
355774
317327
211124
494943
422495
961196
783107
504236
828396
377334
604564
25151
109249
2844
248702
763534
53760
906172
941722
811575
584796
896802
628209
33316
945315
491358
681757
266144
721726
501991
51288
533142
746201
971458
216237
41049
427763
96816
134989
71318
19914
699930
639714
924050
846977
941621
110257
783500
146501
585697
813928
762560
465777
379129
246698
268893
858486
819060
918367
344467
687222
284805
921598
609903
462331
262184
338306
410053
502005
756333
983973
593437
215270
632273
395024
715978
6806
996053
124054
334177
18925
672079
905650
891881
418578
943464
887262
73557
808957
404653
772031
639071
828621
226427
99556
645740
315216
825174
247414
641222
609768
967607
273466
749360
537506
749871
381293
710474
370964
333722
577131
432259
206032
373123
245338
573310
318888
963012
94417
940904
576262
190731
807796
238641
7828
450694
486242
933298
781105
597799
353295
90941
19074
192164
54258
237986
546824
673367
954142
550854
895962
408538
367935
731528
783545
243346
371721
529870
389630
837436
861134
858793
513258
315682
54074
190764
525863
672758
507988
573126
224566
912260
160544
100504
59428
657095
971906
559091
672383
891457
325753
419100
716905
634319
60911
319733
585477
546579
724490
34094
102719
288262
482924
72402
594222
427304
630307
764057
813636
228686
511465
789029
69713
73611
590329
738188
528029
443963
376147
261564
843160
532000
715502
622670
520356
134268
169460
667957
151816
775477
