478301
953846
574867
907885
664320
521873
912655
717245
987758
698234
673314
441857
572987
161346
88520
734725
184350
27273
951746
596847
58208
92692
989753
514091
25390
44498
924670
850784
761216
775907
277928
412949
903221
574195
614395
686276
245151
874259
300209
523751
118453
960058
634089
591024
193232
153152
665661
842164
725017
300910
136284
391513
294944
788362
829435
863926
383215
873348
230046
763122
651817
967814
539451
231506
153760
728110
536800
710149
2237
599819
576984
768408
136833
765470
883275
473847
640227
282903
927361
988867
264510
397892
551483
607614
809313
726001
124002
458714
263692
769881
247666
716926
610386
703773
756317
112262
922499
114656
680636
79472
40503
738496
901372
111710
980366
30382
10817
491578
551434
467749
435171
521441
706407
551579
271388
190795
682334
995970
633243
362183
47441
309424
366550
418614
769691
460512
824464
495421
148458
215353
625843
529667
50578
164231
494205
631173
817324
268733
687470
847538
363548
242603
227467
491142
786316
42326
404652
207461
930494
37619
69115
698626
954457
532467
812380
258887
180422
69645
661905
383378
181763
61943
898210
804421
132825
785238
580632
549782
898876
315743
950418
445358
7240
487541
494624
228523
335134
656081
46351
687667
522756
465351
906825
983888
585065
662848
605284
681039
641583
280577
417875
63087
343840
867156
831412
377937
855779
612892
858846
125461
879205
100623
871372
884276
871120
620859
255903
416290
504898
139252
461484
498495
442400
564727
332489
130810
854556
801379
122525
54341
533781
220279
613727
967611
732229
651372
303633
44869
918132
562800
29351
777675
710445
497119
689230
247737
506858
102339
317856
425706
503004
258024
371354
955798
982876
809305
902437
625863
68795
997365
570593
517280
436201
97857
438550
839525
683262
403048
96546
540816
544439
861287
327178
163114
5689
677271
796641
907939
739028
375860
726460
594189
804125
61739
513880
569358
766117
757292
492874
732245
917672
226765
700609
930644
688192
375263
229762
132872
804453
316002
185567
240617
476302
186987
535845
82195
829537
53624
919765
690888
260876
894841
843327
73615
526814
236789
422661
913302
643365
78909
761196
433478
249910
826226
176234
178157
527552
437337
39512
640848
105630
610983
762905
701407
727215
504433
259855
939362
122008
748218
831822
484735
466601
203690
396999
462226
827017
381416
403416
418410
950726
498634
250979
741077
338742
414490
642687
515912
57739
391486
434545
173144
720399
613819
821200
405193
494563
106419
990816
667173
590616
720692
195953
648493
77692
259621
122989
76119
913088
541309
944635
687113
600326
863075
566059
400280
681564
169081
39385
614930
483138
365905
805807
59770
229879
592289
544229
361633
348834
115649
503046
607714
704376
38563
136183
439063
713126
117429
564042
608034
717060
890458
31203
399949
355727
671713
54767
59665
660268
529838
789994
838511
937832
539500
723161
640085
411975
989537
801943
123964
788084
308427
740213
48971
791551
586078
933962
544513
872512
312888
606262
696431
660237
980901
490684
788999
806685
220945
985468
668210
985833
188570
463593
723283
9617
89076
658437
823926
161367
129342
417299
315115
905835
538027
494025
989873
350707
468775
327956
710392
276525
995976
269548
35567
541223
762257
468903
512814
28187
916020
513737
320812
68921
642734
89900
600886
732384
483642
34237
129990
540504
967848
473427
407958
454937
297439
113201
458171
136828
251395
140240
233313
313781
313565
202527
399668
541136
288542
197920
32911
105605
49393
13063
616985
807896
502671
512751
394715
97095
290499
773895
771703
587587
209139
168645
983082
519535
173669
566407
409805
184685
164335
396863
842553
650114
398153
820494
285250
57216
361135
701563
141994
708975
714856
229249
171376
265862
171893
582633
405403
96510
479716
639447
111059
707002
900564
174044
850860
105589
974833
777166
428445
40052
909870
216577
226466
228464
441148
66790
639040
180381
213211
952538
779887
20093
552423
555953
154909
395814
281703
557753
132559
694381
893002
440076
480946
267665
1173
483095
565674
413338
472242
976384
216596
166344
629332
495223
946021
999777
782385
979744
55187
347595
624281
568223
702920
321792
66284
723271
761871
878157
209618
130398
933556
802047
799492
653614
212983
525991
413306
196862
749056
816771
716853
679566
419697
915857
592413
814033
133771
849561
200540
736836
235167
366807
143461
673300
551043
977459
285510
838121
435561
45655
340919
124991
445705
340863
723205
231038
632921
233214
785437
55181
764307
350720
755182
536047
495199
505832
788859
298058
400696
611169
249660
764768
104368
717307
378436
704731
284021
264768
273808
936504
51782
43977
147245
687675
16038
800113
101629
912520
78828
322626
505413
23046
525997
182270
839436
340863
201712
636487
725967
225641
122008
885681
709793
771966
838574
459354
547147
508742
864737
97386
464950
495405
682196
414636
12142
206873
141239
869189
678358
669076
526392
760493
510584
534786
397696
424973
61655
70633
600366
574151
834964
462982
538815
42381
349969
533647
236032
455244
588952
994176
26091
316708
978281
705839
669698
374834
868043
453367
538100
443294
510504
944360
133353
910130
504433
975729
689755
64375
731145
418379
811176
898429
945454
489580
878032
929701
262633
742520
79863
681739
774127
669736
983259
238992
162295
626026
102263
116478
496216
417374
798761
119118
841750
839950
964972
135746
409521
862628
48189
511119
677859
38487
722182
692301
341353
688534
563901
374570
812824
956546
886139
468984
181372
665906
660714
577195
184259
191254
480615
472802
769428
282502
576190
988980
899125
874711
717962
783472
790653
923169
115851
196989
343920
757799
902679
367806
68927
952719
314526
3795
347428
867148
325568
797214
577801
779032
20328
261828
421712
13237
128160
973468
348065
555021
805383
349830
344652
800923
217192
626775
57473
740134
459288
135186
656018
843895
341572
699189
163604
645254
9854
875558
269047
844999
725817
13195
541211
844898
885527
682755
735165
534475
180074
131844
54920
564341
283922
648040
219928
837600
669265
928450
542834
992983
553430
458438
26546
160187
611387
961299
603689
253094
476882
724781
643956
388661
853907
814438
389305
12255
437915
101628
272896
295649
278712
723856
504597
679642
985626
781751
686738
47845
813893
527478
359623
925556
129656
400466
471846
863526
160354
336775
14293
35262
762818
451564
353800
581274
11939
808073
302838
543708
151437
465336
549639
885564
310549
286822
954103
179722
876714
658957
97042
806264
947263
504398
257064
382838
808936
860572
452534
903471
973442
772213
316115
476847
90376
703288
438829
483015
65799
510331
771502
458196
33269
18486
977320
953382
469272
418136
715114
770243
74910
757597
608031
461180
804404
39183
325804
71267
705055
312275
782018
455976
280568
777644
688181
445516
705702
829699
937834
498361
117634
725133
366645
965278
236302
276646
592978
810268
573759
359436
517565
527441
784580
630229
780458
154545
66091
257768
352555
260257
269823
51160
968358
777828
551345
261725
294670
931119
745340
991989
208466
6395
542205
117569
18535
390133
382765
339334
424218
481598
184900
521716
822093
375907
326343
279273
789697
48637
72305
893463
179073
580169
418656
461623
209956
511297
753424
604517
244427
952863
975839
832552
89354
485242
370454
430425
760042
983024
247167
896310
234954
669934
463176
403643
648090
494895
35824
982079
776612
183745
653428
401970
874225
449128
710541
264172
808347
27732
165073
712915
876117
925550
245960
446265
318852
299043
728217
66366
362650
18550
684492
380048
786273
378584
306711
734089
129527
429914
456502
694248
656178
172575
983498
899774
535156
350914
320583
350333
117200
554976
908088
609881
604901
403354
896408
699246
863975
387014
850438
375198
891158
966924
144365
292962
887841
493848
723171
922154
361441
752960
661206
342470
79804
598143
683437
375858
195447
979477
45487
337205
712538
489616
242775
920747
731965
393568
925074
342164
327232
617904
627244
516087
470071
819898
275105
706406
165998
762702
606520
83458
508850
705732
534971
143299
49582
939983
840524
985695
609922
44976
30021
707063
915882
932457
848761
659139
255264
236544
584260
182269
864494
26302
682309
407034
35354
627415
206137
123500
651118
586982
519950
534711
303036
395873
74670
134651
125963
945725
810983
437245
974761
751044
521971
97095
962191
660497
668132
288140
834973
839113
133526
663106
336008
769067
814474
746465
336265
244971
81962
568165
771357
928067
699755
327385
699633
712189
925601
690215
239071
962744
656140
615506
229586
644438
954611
16735
844992
235697
875465
589510
547906
123809
416547
339654
958034
629240
325093
994940
380524
723879
638189
145921
31699
730015
470205
153059
649708
500685
142411
659837
477144
238491
465704
334689
306523
409049
311198
228544
390011
228255
868443
607579
179243
74972
135586
82335
881303
354018
215695
208737
621728
229824
488725
372663
619468
738971
805518
101016
717932
629092
181995
866326
447487
964779
812346
149487
641632
832922
619392
508984
541389
163454
481013
504823
326883
307467
120321
637963
257875
6329
959028
855200
830101
336657
213659
461830
752283
964511
963039
575602
63276
44406
644937
282361
699878
736734
420415
777707
457023
646607
679673
599206
675811
203688
485822
270801
197022
141987
628266
49483
119123
863958
505184
576827
35336
868061
160683
997374
222546
118463
636082
852002
461953
776398
533934
451460
601572
571937
111348
18780
964782
467172
945717
397010
704193
623291
806704
411620
740537
561973
586563
975540
539824
875481
811022
728674
489410
617530
460651
265107
710159
443809
714091
393110
912584
447930
451937
982096
238123
729418
311261
968917
377249
880570
161632
715522
614171
604965
33026
217786
943761
389890
390356
656108
827458
877109
802874
210879
62124
874002
704841
22378
943886
598595
9870
887312
567950
854554
843374
277707
140359
748424
591949
495924
960992
327032
978139
247695
623606
306528
640779
478488
1903
71448
833631
128329
802744
7351
232110
981649
594133
867906
826672
837228
832366
869395
45125
717772
897739
559734
34145
230224
27996
572155
706925
946017
523312
739859
469313
292936
86471
499242
217710
444317
554508
753002
6173
709791
139173
572435
688473
988593
142506
322738
654445
785189
73157
974113
17349
850907
936918
842568
843414
736102
503889
588236
597641
982099
959440
102649
735750
787954
873539
768216
369685
512907
690392
722123
910476
437576
566826
735314
823150
980877
692151
187111
74813
79826
423932
227845
984682
815890
628657
430118
177845
235529
943336
809887
916417
256133
758029
400343
555831
794520
741113
473014
949897
313938
631505
34726
990728
660553
74282
277880
278457
439414
556662
565314
772260
630304
198870
75956
842385
794273
539509
215061
639067
626164
767707
626256
501338
816452
611681
619507
642238
637384
499358
932290
126777
392783
533311
196162
434960
879623
536000
364736
490079
899322
550039
414561
326284
139802
579783
591401
590511
981666
561596
835227
820547
224015
869169
739983
583569
209936
533092
99844
219854
733306
678160
590344
549981
610437
410567
342784
255020
719941
252142
962861
61951
583431
514007
861938
566876
593106
153068
300638
969448
697201
813731
472501
740579
160492
562138
456965
366358
97245
354282
434322
859532
939140
202303
720576
596561
44661
448638
19293
380930
122193
426131
160181
964955
955357
609176
150785
34357
575529
553699
504280
189489
46396
171980
129610
103668
103380
71215
839608
932442
703898
71873
693978
304862
703937
781635
456827
296284
741198
626547
936742
820824
552149
197574
676585
195526
748266
977710
32681
138010
3857
463014
280115
415074
246808
119750
415572
646953
734935
269187
861474
638850
461346
724537
397357
131800
999172
239362
891945
853897
829804
711059
910565
431744
713739
251909
128246
895685
418651
20230
523761
141239
840207
685053
184817
571996
615605
237870
913173
883423
311604
254686
623203
761592
578600
741484
996463
777784
927253
502740
608819
401972
498967
159412
582860
904860
555781
243083
477507
106979
414081
913800
836407
638627
143635
669424
18500
834225
520048
910880
831618
205609
376170
658789
981436
10981
886406
692370
125064
29765
112767
661968
199703
594552
105285
539152
427303
395383
513127
877534
234187
732879
567999
476580
189593
286106
435435
851145
561342
48919
704194
855272
695163
743945
199171
787713
963992
632134
735687
329238
230287
953134
226166
394922
95439
719834
895832
762915
626739
436407
380830
728575
789530
358586
713609
433008
413019
858220
681283
530688
334099
749047
902455
770897
903639
978693
683974
168513
57948
779173
531214
652895
160079
285977
795438
769612
688344
403340
502885
311840
429716
406163
704505
670239
463149
42722
420506
232798
220231
418
855580
531941
933983
303282
152663
597611
115319
112415
172950
169025
540294
685624
5423
223492
871101
965493
479005
540524
525496
155600
344040
49635
983871
905240
705485
857796
530096
208840
309078
147189
403618
394460
279990
310803
7036
383605
766842
618435
759503
902109
48192
963559
303202
152621
113165
206408
755861
89206
580686
879134
540898
693970
8761
621470
561791
935272
303556
23191
872849
273821
779401
108107
569455
849929
734641
364576
567415
941930
32565
595282
511350
78471
446313
744643
175731
15393
338097
708307
866385
565362
916936
371681
347240
485943
948756
67493
830630
150342
581006
843344
742165
424548
613852
908565
502306
319634
88694
497177
73694
811797
11959
644382
893656
501531
56034
659019
410079
131304
613401
207737
310154
160593
263799
593129
159329
746734
710519
109825
127676
21235
998112
144812
28741
374715
660400
666890
159049
550816
491214
160399
540130
840986
471760
972554
191849
583123
974675
429863
921594
274649
384643
457083
442083
187234
521693
913661
847513
424990
948697
351009
280789
744934
821284
713584
126445
726197
341953
852647
608378
743102
952028
676326
83461
557334
769072
127321
231608
616044
781385
195930
364737
182074
539178
343209
171916
738224
716031
168473
69810
504383
85190
655667
352619
824762
997253
705177
48894
529133
177518
862242
422605
329603
153829
99701
152012
331000
706564
349284
443239
809176
233423
241629
604225
344908
669674
649374
31332
642251
594251
876527
250658
422309
712088
721219
980333
610480
602298
721992
524375
767771
325928
833978
317419
782030
188891
39219
726922
805609
22381
538064
793739
915665
846214
800667
909820
637107
926198
210967
434988
953515
763783
36512
386512
748908
388896
432506
918654
713156
498167
853605
478231
774964
190897
7986
411713
766546
411505
257210
650058
917807
423310
643629
212479
594944
241021
866230
419755
665084
39782
992129
914730
35747
381134
93290
836654
734943
482218
217575
744904
997042
75435
694780
119113
835476
848544
18055
634435
652160
295396
906245
721010
223091
874999
815989
242930
259468
449876
316499
460164
70404
347998
787305
985050
151096
958118
136515
346251
524920
195992
94650
830101
109781
408392
838693
164407
209256
260074
378340
19627
425737
877422
356544
249259
132400
826426
134655
87218
574042
497218
892965
849338
296757
962310
854950
882024
404014
515530
876968
595722
225959
654396
851353
960808
152931
603079
933466
42987
790860
96820
377480
627102
833043
179168
227410
795639
873970
985052
383118
915889
473979
749707
242574
763858
377847
527140
369239
419519
353545
122975
845976
550506
216634
205803
365622
586347
264777
372226
33494
600284
452912
762986
710060
489731
669307
149298
675209
572650
472235
904275
188199
412690
997639
388921
90156
766179
634403
906046
918175
774885
156476
902897
284018
93636
471241
610022
274210
872582
316690
328651
50622
899162
600829
739489
683889
621643
242850
332753
346742
793020
183641
997540
306276
131450
459681
69327
971200
328172
864902
550336
796016
357558
697016
561141
951190
411864
715424
156962
280773
729518
130876
19571
780980
502292
63465
141777
873475
803763
707403
836007
162078
483478
57144
173055
527701
346700
566998
983706
623637
189294
384122
516296
187387
269359
282913
917646
860288
672971
676536
742703
653138
836896
838153
746046
674314
962101
510497
225396
851702
453267
244250
565972
17705
366516
512019
3327
638446
817523
595497
739058
209301
943419
274968
940163
371495
787666
70961
516442
378095
919684
867169
921408
129615
75490
717316
907420
378040
843956
331200
980753
835893
554876
654968
541112
19688
423960
48954
223970
785404
508406
986974
837405
813279
897696
145922
581908
455319
11522
636780
610303
741489
101203
935063
674890
814290
698142
222772
582121
488664
777007
650244
925047
380931
997861
938431
544202
819852
235763
233499
535135
954257
576867
123819
835236
295245
602918
937297
725404
229140
774140
505229
759305
853751
338151
330800
548199
113872
635401
389201
89024
475469
368501
630177
933755
243952
885719
209125
446748
50058
376260
415128
819954
270069
370018
882541
181171
568025
756747
384366
879260
264303
450249
173478
937337
990505
869199
236302
485042
547248
311001
543284
634251
72013
606881
283457
648566
923502
332406
573856
1083
717285
583235
217804
918814
565168
747387
859827
42161
252650
35039
33362
645152
630753
846557
630730
420566
462459
228804
983589
827208
477925
947378
162118
112196
55227
573382
927234
308039
98424
76938
580162
103250
312139
918888
429258
479092
543519
922148
560287
585260
457423
400396
49220
380334
353473
963989
881696
139912
2843
926963
694572
656002
865790
110165
729875
427955
985577
548259
205546
562864
656423
972801
86350
186213
465452
377027
497723
951833
999386
757406
628390
445117
317505
184242
983908
647372
627612
131724
297545
293497
479231
785508
97409
175475
4104
589744
582536
202623
212935
244054
50777
734810
634608
729902
944362
594527
903811
261455
702863
781991
420350
988493
626483
143555
355629
334592
924514
98735
614364
520557
233586
771528
143236
553704
752770
246722
675850
184099
364610
323592
807014
692000
599468
203563
2353
908092
422379
276011
66523
968825
636696
644218
429536
964496
843371
497256
690878
297367
514561
506079
60705
457014
885473
936007
292949
142008
648293
823389
985869
336327
956741
501610
865299
774034
133974
693866
70671
560488
408784
229131
252583
748793
536486
132848
700130
189745
808216
925295
808979
70757
898509
977398
225349
252506
402871
665406
866341
829436
958318
990781
75308
872413
72333
632882
702211
12279
57439
961543
111504
356101
469915
959797
115511
890712
305073
953043
195455
503204
758602
82228
165212
337696
216021
3466
421622
290086
856351
930021
908088
421416
776026
407829
569166
746482
663437
901559
38875
205263
93763
773154
74470
701346
980759
59401
774412
375379
652021
315840
669299
243847
498124
956396
337191
131600
69130
340638
773419
482963
199388
136250
548438
858530
874801
146278
702727
948967
44089
600053
532499
537297
322704
812925
187739
678256
712701
526172
411719
767096
798307
413448
607723
937903
866071
968843
159404
796883
560935
89168
822517
638316
100536
639664
39746
63618
358037
548794
509527
633605
381754
855494
181179
426601
177838
940682
769072
529039
859254
625227
695625
825389
53116
578636
233447
841618
714050
609975
688268
301583
977325
777646
375994
368579
555788
889000
473357
602971
583230
349547
269814
50184
375361
673980
571925
995596
495066
206683
891149
736998
601920
595587
643010
332557
118739
361709
981799
535732
120348
69130
166132
374814
82086
393216
452861
536261
714151
175151
681086
446941
796284
405893
106779
56392
622345
648079
545356
943621
834681
130570
253930
655662
787046
432751
561608
537701
377819
592888
381062
700640
914150
68894
436728
308013
707766
41050
455158
984753
566298
67194
52251
919859
666856
832705
207359
266500
776126
36400
176896
917039
710507
853966
224053
723494
683342
866046
900744
999422
272927
527341
686021
566854
876535
481971
758826
470494
944163
225088
81319
117229
920562
180816
909141
478855
256185
615793
951085
444196
322000
589277
432292
810104
104005
47564
407034
49950
451720
275003
665661
888892
794310
918958
835125
278492
642736
547196
823998
385358
236280
890161
265331
623003
126814
67779
573437
914258
595332
834284
225769
772367
88180
201658
296729
715969
823044
613199
977548
126007
619769
786509
892467
972231
430522
314694
449477
646320
658808
556580
514906
204583
893928
250729
418965
802595
886471
430207
129110
211941
620057
795146
307789
72227
433837
154954
565296
750369
276852
178028
559963
81724
306148
41558
677606
677791
304300
199347
681604
294892
902831
66962
825118
420349
65062
933994
320315
371278
287543
931358
838717
745062
103936
714615
668913
125709
614437
645154
141433
750367
344190
773764
875262
413548
683809
862213
155033
412140
169472
466456
835404
371873
540072
377286
142587
294314
133024
635867
515668
3956
116815
226598
154173
310965
631936
337164
374297
523821
146601
759447
314036
362543
249705
956053
201996
228698
763946
264258
996089
458974
646309
796270
201483
29397
171162
544014
788503
45497
454923
740705
600198
587873
400745
472243
190521
103223
534434
378478
251542
858623
386739
824113
785527
771517
504599
102302
492020
806791
797877
356036
795752
647661
9577
940273
660418
210996
956589
309771
291010
968320
802030
138575
147258
992134
896508
939461
646314
492556
259415
314567
963820
457018
665510
425111
427612
270238
432338
888185
813770
731641
308116
117329
33117
93054
874665
749
565498
238624
230524
368135
863982
355782
320638
992447
224559
453561
969604
288335
189792
315576
950918
157389
722331
4264
733813
561422
739648
215789
525351
788647
352421
206982
421314
18283
8022
186901
449423
879967
237691
443340
963862
111703
533449
383449
822867
437801
646677
593155
384937
34975
673630
338136
660065
460964
990460
414142
157199
634586
169307
968726
733007
841357
538008
466405
252664
851095
81436
959483
22962
397647
14132
683603
871277
672971
129447
281688
373864
364426
309546
230858
92058
277028
64591
766895
936987
924678
550915
519756
617646
229458
332879
445701
264762
999388
775184
44147
132134
969096
451137
94450
875449
745167
926400
128521
976118
368080
100142
823205
582650
290684
42961
849775
249791
292892
844712
505039
535628
416061
701623
880107
723526
765166
626805
131576
552539
372732
751380
443491
568897
580098
926399
704302
52629
980575
698611
722491
850879
365658
123746
221861
436632
613703
153625
909701
206664
372859
445218
329341
703383
14079
546656
26648
878730
4669
465395
738423
498911
807588
697508
561762
456384
870337
263116
980766
195469
788133
946518
587629
289598
826833
113511
111989
816268
119469
562141
473226
341171
48064
790820
785224
261642
509597
383426
349147
843589
540012
754735
784060
545643
21271
151321
431319
435796
4870
614908
425469
949369
898276
120808
795117
493912
309221
530511
990198
943864
737429
266807
19873
306722
275064
10880
304021
339860
441585
486102
128346
564383
391020
866814
728850
415018
987118
268440
210267
906265
433795
980681
644439
181451
134016
789393
793264
508183
219691
166694
860141
253439
998925
578305
72627
919493
124464
347948
82170
94659
119374
563426
560423
780718
257815
476613
677479
56514
314490
297414
537395
307116
746444
207737
899631
551517
558865
97107
138496
5581
475406
471676
856531
996380
390060
355696
246168
476392
122287
44812
175942
564854
457346
421960
773143
421703
2189
450407
981480
821036
952820
480576
514259
993737
100623
661680
964248
35471
879650
815533
36952
916283
353372
685094
396424
506738
742318
530562
7164
8107
453863
812025
496949
262046
509568
699133
786113
540399
462846
461127
269372
217811
810784
447125
972536
552884
331650
163030
760604
763131
492313
130716
951151
463722
566351
618368
247979
183840
18986
481196
302373
17352
640662
360320
904619
119654
182673
896876
927833
651983
963838
249596
473022
730039
385240
197775
784978
838618
713704
423537
819937
123276
619044
989154
663466
770626
63240
783638
224274
741338
859375
174644
433733
434895
521437
816398
151613
370573
135752
371740
124302
816107
615185
397447
649464
888373
993446
896005
473594
350163
512033
377269
781043
418662
278742
486159
970121
304065
582681
40882
183895
39269
238534
880411
771206
866268
283399
445489
814516
406943
670068
553267
58700
24730
352084
952977
375700
41441
93216
984214
776044
134095
889809
524920
127842
355342
714382
616873
655084
939800
35272
651236
899532
734989
517688
817224
635632
346688
378687
721461
903035
87317
290918
484970
455210
914531
215017
124010
931017
621329
252021
327656
210013
436528
330904
610207
476240
158608
802248
612326
678809
519182
85208
675138
156250
993418
302910
189020
293922
311843
674942
492723
424661
251372
842701
698597
862442
715964
46771
830962
459576
162102
989081
516852
402665
451622
55632
246775
140880
171248
835624
491111
905705
15230
841355
878033
684114
914299
962633
891692
490136
762836
385753
599204
219791
327832
388851
910977
966855
299407
21545
972284
827134
244425
877061
424065
730599
689014
648242
307088
747822
533132
212623
807151
633227
247473
882917
441138
592827
217204
500832
248283
319396
187131
181451
456851
440604
541452
254956
172684
408908
101069
74768
927818
872628
76920
122300
992903
510777
550996
314448
277272
960973
839590
192314
495081
755421
392722
16139
648046
451264
828284
936088
605348
401536
179837
277111
819006
697861
675983
892156
830444
158671
862609
344344
66790
827242
981074
20595
26016
96396
650488
814696
176673
969853
356724
258510
403468
519745
744869
644188
637354
906903
977552
559676
709378
387373
550932
139875
60140
142476
744303
333892
49271
655790
229257
917126
737103
139710
387620
482381
404892
713085
478814
278594
285969
982316
76962
141127
863029
35142
351980
357493
29714
301278
998106
628688
909704
163605
983906
823937
32534
549555
673954
271025
24248
213065
415625
765412
692574
295864
116653
849440
126140
445144
984204
306722
913927
913209
662485
432545
675393
911797
295552
667893
315903
652706
511391
832069
360059
685766
130418
59213
185573
913345
841863
727309
491997
683721
950772
887895
537501
897582
142951
396133
361897
398655
859368
421841
263381
332438
334671
165070
278620
594134
259165
997936
176021
7341
534025
207444
240418
332453
10360
386126
976646
303161
600377
75058
575752
842840
974914
49058
609672
704496
218183
493944
25686
422329
706857
323809
589262
675401
811734
371126
240232
516310
601135
515306
592428
930522
246099
161822
235393
331976
4923
671516
419198
465424
369388
646761
16877
491539
224097
147581
116958
753643
396877
450005
468685
295763
379606
710925
771622
583418
205291
606559
438286
309545
901628
235321
864216
130687
363020
361629
405847
747292
318535
605617
607599
222338
490277
283644
972912
160389
454971
650687
396480
502892
948516
267064
612102
625280
229712
954708
285351
958293
281718
506361
464220
119812
297379
216034
705745
645493
236736
321885
876171
352894
947710
848997
706011
886141
187594
817798
166610
538906
17816
721073
323512
735603
894681
480813
231643
620589
781300
488660
864837
200278
972835
8811
890140
14820
203698
823256
16149
930167
647756
784692
532722
417374
303924
42079
813400
390054
993929
549941
913206
579765
549919
642967
412648
517485
894729
69466
880100
964450
798679
820550
445337
277833
531079
450998
13962
797097
678190
936509
667999
725837
895154
229676
321099
852075
65607
865854
938182
855714
446690
272943
728544
276470
828987
747597
342109
797930
782003
484667
550065
320684
894165
783461
347842
222017
12362
551767
966008
837996
290843
518769
424855
228683
795779
943007
311710
983114
642954
856975
911080
10564
907713
840715
325220
331900
130229
398805
144843
230121
296360
287745
645194
82944
871873
462287
141726
562812
502526
955357
224453
561184
493609
674214
443975
895825
270390
659733
475767
712355
631461
367485
131245
14911
952419
625362
939114
554251
504635
425143
933666
568359
958046
669743
531046
241669
11595
263644
36200
713510
663965
222666
745524
946543
889776
264356
807593
845347
977308
532596
718625
309194
693711
841570
706469
443301
623972
178774
10235
152005
773823
372602
454577
135405
644453
159389
335959
871994
548348
297071
383934
774020
533848
695631
812091
39127
624279
564921
5587
265564
840627
860460
559744
444417
801276
305311
444921
791809
363797
12696
932912
807196
158925
344369
122994
120858
317639
808436
222907
673614
318494
635412
364129
447078
848154
706953
740233
575602
945491
313756
106677
67023
243240
608976
734052
17274
429868
287750
844837
362194
913381
190282
469526
392945
902635
453283
190435
585876
447841
893689
446446
473294
435205
607628
867169
193032
130447
644752
825311
747349
773188
394662
511455
651905
723956
431702
991780
963992
661776
408570
48670
509979
22123
794100
89785
57542
206721
739413
24139
284896
609793
211001
513166
891804
198321
311199
38981
965168
25779
542471
141101
320799
156970
798424
622467
149074
50170
864865
250584
446064
221172
911550
248341
723652
203215
944485
320826
243059
927206
565528
149891
607865
458050
570468
20136
544021
823649
357399
200123
456743
738259
538683
936503
992057
209978
115457
699395
722306
647409
689988
475762
522003
451567
896541
533978
711064
277080
880435
842008
488671
525078
632528
154385
666101
91579
660714
298774
86245
886745
398071
259830
60572
453318
467056
293546
156886
534088
279194
10452
322684
338643
248519
839978
808088
434964
825205
866443
220311
847659
922803
660836
326869
858674
557126
231889
240247
479051
664446
706167
545414
366653
220859
666082
898124
277591
353380
513606
540218
710941
48057
563190
480811
884151
913439
533638
231451
178337
683012
941646
492606
664369
340414
945417
78193
766150
335868
707954
69168
163022
917960
350309
399717
441699
637178
370096
549567
346823
630911
515621
218796
415396
557280
384126
3355
326869
920158
333746
748053
263358
250417
871277
745115
653445
137002
165054
617812
177381
201577
801959
450008
362188
94398
781796
300322
25578
59685
126768
562740
246584
550089
320435
333564
321291
876656
763293
224966
664628
981619
862600
57132
666640
944189
728579
594419
196876
503354
393441
297590
412480
423536
348099
183577
154495
6411
471466
604481
368572
793740
423844
908338
599300
484977
968165
164879
938080
262298
714095
844985
679919
49828
127125
468192
850091
423731
453548
156862
436720
991479
835690
414156
432425
665774
371812
960414
821929
524613
463639
27217
340370
541843
124035
307410
301364
727190
320131
471380
632191
933771
698476
972596
405356
326877
512163
911313
523075
748868
225519
937145
611389
663101
538628
926429
291841
843230
909771
84335
519645
904017
815753
777601
442276
451419
819790
750085
41509
639382
162182
2926
149831
197092
917300
504923
880657
283308
809722
351945
155593
464833
164532
13880
172705
899380
699245
371059
394258
509535
225463
124055
971016
71398
823340
945636
195142
912300
848641
736146
689951
504476
829373
289359
303064
532807
79874
208241
362593
778101
267287
951905
578052
331791
82035
207006
105868
141055
474947
840274
733009
195065
916448
819579
973392
421408
677174
222583
435482
292721
40593
997487
833633
601033
256650
689929
280076
707681
176854
539556
227404
109628
519930
240865
703530
607094
612269
900539
403536
93402
205799
459276
123735
628913
412354
55428
125724
2728
269764
785873
655359
754726
172890
117277
83479
280952
439924
7129
868604
951678
434936
829188
766549
795905
670946
416732
725867
425408
833265
291447
303296
344639
667067
54397
908072
220069
952193
166158
898126
709401
116488
287378
404173
936704
730334
162975
616421
411292
811918
881249
184431
57418
800051
177468
998003
404466
806483
485333
763340
418352
625965
244204
459479
577684
846279
372239
750318
938055
271856
558719
16799
299049
225696
731000
933801
926771
139255
258122
666483
380348
925382
404429
421829
728948
380080
93443
754311
644316
895678
912
911152
306091
633928
716530
314451
569385
976198
407850
118502
237768
830621
224383
434499
682213
745615
94605
943384
919654
235809
273738
278167
336760
370144
740179
511562
602591
775382
860343
651763
274497
106460
356338
994057
205748
633391
790666
278353
508345
5013
712663
349470
901462
133311
312999
707216
635666
595369
179047
471403
312529
305998
241184
458518
965275
3846
21517
562941
289065
428248
627719
896949
396986
636813
947717
983719
445808
332341
507393
219515
567552
386564
855880
654993
232137
432434
948104
366000
727858
204987
719037
784562
298345
702351
807734
45569
148740
351924
723073
381996
111430
905587
438613
604628
780561
363486
190615
245712
35258
404475
673343
773547
966963
163846
207547
951245
672686
406389
605940
658779
446204
795864
389259
444114
203423
359685
792704
484705
824890
685225
440510
388001
725997
924844
376435
86323
171798
306055
134984
640478
748649
85416
279980
497928
630083
603119
230287
73682
651615
602842
634567
740293
789710
93295
475021
717940
977588
441724
481708
931451
39132
658792
73595
742579
624733
485519
884862
956650
792837
623067
142906
378237
896983
601872
285646
32984
204746
582957
431279
266726
238730
281004
662744
829951
969273
107811
10856
801631
937903
248613
557218
872009
109857
723789
879291
431625
576619
815955
542440
265003
368530
643075
353583
944812
62952
38023
474037
59132
882966
955950
59580
724636
85846
784234
368459
382248
623147
756712
258852
311129
61835
55114
561066
885679
680501
890297
328543
726346
396579
280944
762790
180431
604816
860775
633643
97068
884752
633089
917512
992475
171167
669029
496193
124922
157917
17554
471388
737322
898138
449646
105879
664946
942685
148630
617031
425900
784481
870242
429717
430488
633624
213845
547357
852501
736835
337870
722705
313673
119519
684989
692131
44782
528970
917304
999035
354955
567726
431025
124176
285257
989106
577647
33968
128330
361905
296669
888969
771292
849830
289311
662391
204097
436824
244865
576607
857961
522262
829813
79863
856580
68264
302408
546812
592467
18517
96140
972548
261848
374733
989518
248374
922783
700507
311745
592431
229420
315227
21441
773825
815394
927265
346495
668985
705720
754261
779518
993145
593245
545407
133979
154597
545979
161497
700775
428183
90854
901185
418301
762123
801699
757232
216999
334076
514061
107713
773411
329964
369758
138460
714344
99244
978676
137947
311864
106227
240506
944307
516989
103863
255061
103133
761456
237618
622939
411325
971324
374972
176802
24744
944994
843866
185446
675144
824046
846597
935924
604006
46372
763913
703431
789579
779674
447343
250194
138969
413756
576937
177239
789071
61765
602709
718536
175813
807255
346500
744034
210109
697966
398241
426840
863550
55399
37604
799424
912659
218232
296756
723962
521468
117597
477716
877371
288784
401036
38804
639123
650517
384548
118520
180605
227159
901064
560958
811365
593670
108665
162810
870114
832761
831454
756138
322413
856687
352895
697883
603288
108142
67622
863402
492974
871091
924587
610798
108361
56326
643858
13279
540483
769745
355342
441819
265937
816056
27858
906117
376282
252206
359303
361845
560368
420453
327700
343283
437183
274497
117123
329432
939014
930351
779114
544796
998726
786387
503000
77768
303686
619075
294504
694165
622122
7639
29789
770745
346558
121705
852868
659118
719250
260759
204595
619657
927849
74217
979340
93348
297989
6608
474154
214347
358562
248557
339050
517867
235685
114153
392895
930666
653090
650500
472467
122721
224522
573244
463410
146523
828589
429834
390507
514050
25050
724719
583882
971599
932126
839563
788770
636475
306290
693274
634769
244970
872715
227374
195196
780728
554866
17646
523345
239044
631476
505409
903319
824610
168391
188737
169311
249471
741127
203647
28135
787478
130658
351978
226555
254479
798607
512096
805392
159687
307541
54593
493665
887194
208891
212208
282535
282256
805701
263183
956046
556944
4527
536784
374099
100487
71383
821285
565186
983497
958093
349309
456401
180155
955933
786786
173828
487616
560463
296723
741074
886259
876061
933945
937908
871610
799761
339812
458069
462062
708972
687268
295464
668004
79257
539901
548370
766824
251433
887655
24597
57363
520322
826213
843186
119843
941033
838885
435585
269372
300405
687132
481293
175354
181677
629033
638076
871133
515525
417138
83193
961769
529890
997707
439445
265057
832589
159029
520961
603660
798583
799259
60138
809230
699241
554550
253988
689611
871446
456239
235857
348639
649674
996927
859395
52205
514520
115686
878310
979335
120545
274697
644904
141973
919019
73512
246442
14092
397611
838721
422943
334825
307188
127553
678942
773808
964495
468869
847894
919616
81056
36707
939454
453007
9677
843963
691263
576425
182489
627518
387929
875337
390374
187149
631985
584120
198450
264942
625381
526565
615681
270946
124036
939248
474150
491928
412323
702459
732291
721604
998793
990600
777965
662149
23842
309166
567554
962132
312245
971242
426671
589862
985496
335278
939903
849722
206517
6003
697314
78101
931277
244386
290210
66375
211577
10921
682645
161359
279481
912341
196645
588957
539713
40361
364352
764250
132670
772086
924180
730036
302402
86519
552671
173259
689949
865219
17140
188977
370379
987990
975326
363217
829044
961168
415348
252799
819229
89594
406589
616305
965286
844924
823746
811693
46379
651948
606878
165323
388529
813970
150982
123872
405341
622709
271828
705665
955004
868735
3632
284944
21960
768379
750684
100229
537752
102541
422818
243641
120303
426280
422849
528701
802280
78647
393646
666468
727163
413432
403096
436303
77958
588784
125626
141310
32750
780437
149060
860739
900565
371109
60130
860187
852289
437364
370640
676457
208769
882805
25731
993996
889541
761278
380762
944343
336798
896291
134215
892660
129727
642406
28175
398770
269907
977701
610897
702268
949673
499752
907366
863863
801543
41560
780310
452036
508462
775172
571285
621654
751261
45568
431255
23121
341215
751280
524245
964285
440722
136699
846451
192685
364569
918162
553211
889317
898029
39368
62280
653630
903802
303950
523255
632776
110159
53502
720209
74103
717053
688074
303726
809949
98585
105644
432861
499231
527096
203981
608913
982916
742803
900159
219693
291990
486785
498787
160389
223202
581520
298392
384201
359909
800508
787317
484513
236403
908716
748425
9540
146822
118922
199508
328762
781266
544571
158986
670068
94755
131507
306380
54593
616253
474076
422927
556519
805985
108141
235991
800393
941795
412925
793735
305590
522619
755743
548200
991381
968793
532838
613834
826888
169696
795996
912396
167326
636720
936760
867396
799910
652384
695288
724124
839504
731946
683995
267395
214713
396252
110454
21340
279323
596590
13235
782052
612666
565499
838906
213079
536758
302520
722250
509652
423953
597250
320968
518119
729574
654217
21388
921879
639423
337818
672724
785855
261662
538970
796856
282725
95330
668588
433611
913188
358200
817100
581615
492346
845344
519899
321973
860886
752386
8800
814397
416123
956979
676393
797040
785414
853097
567857
99643
778504
333720
131753
344170
163616
784001
334895
225889
679604
466635
336055
813152
545857
310440
661419
27765
770945
692028
654681
50800
47373
196868
451381
33499
971219
234220
145741
26089
600697
592030
794667
276197
375440
840189
968186
581732
774964
747462
493879
10955
765411
99904
22292
212490
375809
529811
757702
545873
531436
292758
767355
387699
581887
577563
82552
713181
298915
556604
143362
460276
120651
697922
72177
476125
884303
582594
26333
81048
355812
762257
486272
780470
27084
905784
577943
437198
919094
466004
282599
601526
376478
300732
629582
849440
431334
411519
26380
789561
87473
141769
99981
443345
93582
283245
991074
260867
323854
753741
517866
640267
357677
886755
40229
933504
305826
631644
203596
282028
421288
351953
695316
801227
372932
502877
796030
104729
107900
974928
808552
458337
856437
856823
263593
651276
149769
766588
176191
337583
594389
366361
882158
58444
817671
675113
60394
256016
307321
664064
277962
455477
692715
982329
669785
481799
546809
562695
102799
863779
477422
728511
33673
988937
518233
173848
109584
904988
970319
426653
338318
782122
983996
578094
277834
27365
113950
797130
814017
146900
773756
45519
219725
593611
880769
912113
797761
886907
989919
832681
928458
947419
536355
811039
264927
981230
194369
261396
448940
505332
48978
647813
980368
846136
161449
904505
539167
990966
174021
725720
216296
390893
221315
348092
642074
189063
644127
283257
869079
389911
789886
576924
708199
333453
773618
208524
151305
507493
45133
557222
135232
256504
948463
534409
387048
952820
505136
480774
48073
386203
942238
548850
371057
46476
161410
17154
921224
811846
397396
100060
323755
294749
694144
169285
491840
180185
806655
865560
374839
741849
796511
227192
437046
342581
45604
856891
25037
837622
458181
352190
763713
567948
231617
24139
579576
553739
650167
330821
522633
716976
196308
458307
758415
547054
855485
658379
867858
368108
18650
404217
925150
588439
473002
765983
540024
456726
228698
26631
421190
569228
500528
670084
37929
201256
885835
628632
602098
42618
317440
459729
942643
200970
158660
720517
30362
34346
733289
528518
634358
268358
458189
25881
776207
437283
510444
111635
118295
98765
48271
363131
955163
325851
123538
435899
391315
323961
567575
528082
496803
272768
915845
551753
207247
54718
942902
12861
8133
108329
577257
99949
688335
587860
101986
19857
587497
958326
104627
360169
312605
246940
702481
386343
17324
220583
648439
605710
987910
436520
679881
419429
106
365836
477054
906610
864522
905185
648150
974588
273986
262713
715660
421590
596725
942146
722557
3829
948617
883903
834763
773264
780431
45955
947141
723074
612946
918607
259285
377124
638287
322608
939033
334689
246426
180285
930070
834884
38518
795968
459566
10724
20842
717009
253636
999978
38008
741886
552062
922014
922241
578356
642071
193144
464167
788986
879870
185810
216085
514554
769194
670269
956053
100890
519750
186603
818282
359259
924525
852774
840243
939950
445001
608027
531959
93816
310855
874887
555464
238303
171859
660521
692664
708624
87536
674760
752754
407821
327675
337976
657372
711227
35841
395052
417523
828234
699804
149477
782145
904695
647874
449485
796761
617346
473268
267059
443937
70484
889783
104638
663070
747170
733901
165448
960600
866839
305288
877472
14600
529150
822464
725818
982090
810259
126051
934099
419754
207422
249444
904970
709384
42329
639057
929804
987907
883798
158946
374045
190667
162953
579302
680130
678219
327836
168363
505570
824854
244729
445660
753333
910476
366350
732662
723712
32686
362675
295342
638741
911723
45447
475878
640842
998451
912396
130655
581710
577685
905449
461458
907109
216488
397214
872528
501976
163284
92095
204891
131317
375789
294577
890046
908237
787467
803578
464810
544989
403961
350080
494257
641417
527642
295676
819091
666586
581400
982530
748538
308920
166747
90612
46798
236934
576628
725555
631489
709918
228439
72063
981955
647687
218750
965741
438415
929901
391270
422571
452774
159020
281047
328047
936627
954559
625677
593779
995892
198987
263500
321356
939921
180765
700745
692162
479205
436612
363434
713569
551936
379578
195330
148410
237114
332470
713525
425949
663581
209151
116630
475410
979032
159004
73791
175511
668807
65930
698917
30869
487615
205025
7673
500759
187891
571815
27223
52166
644396
987170
183473
560541
223387
901265
222596
649907
144667
724458
341606
513297
829472
202934
579576
55550
136353
188557
295951
987868
157815
922474
233900
221138
22766
993146
218693
856898
446402
339830
851142
867786
746469
423207
286998
294631
998355
356823
997579
124619
184845
717427
317940
353048
879383
9210
274740
117426
598827
556927
501256
331444
245782
775071
266522
46323
852618
877832
632757
120093
994342
274707
776957
961777
205001
432096
659871
194444
65122
195477
49492
876074
809823
898800
92788
199371
984653
396523
805447
524434
454504
750091
715179
841081
579465
399324
243439
226755
213902
144289
85103
828370
384980
6184
352400
935730
978261
671475
735557
522517
963432
869686
201605
350877
743621
536690
461686
584141
387903
707511
998657
682475
48295
772436
628358
171330
408656
263263
672056
132745
648466
102082
309095
369400
585827
701983
92502
74488
315444
794409
24681
543032
874636
9200
416537
342393
239710
481493
224474
560361
733598
924646
37832
983346
579059
603872
856193
721679
454226
763769
560334
749595
422750
253137
493586
85430
585426
634625
735633
332335
407059
151371
313218
716309
189552
901687
500517
546324
372083
996341
466896
28686
717624
700692
251317
831586
537582
400202
334937
563900
377951
52604
940839
437046
902582
996064
482092
891988
699234
943886
74689
73274
486311
727496
458339
976397
711609
283861
422009
717279
466105
572287
761799
766192
429180
585959
242245
982079
435760
70237
625088
81825
775727
638737
688458
147829
35272
866961
540099
245475
817782
650523
514267
211177
251977
972471
649984
806776
292705
898203
718589
793375
985981
816168
572208
862419
747767
179034
970421
37007
807967
946043
845072
664104
685897
54729
662183
300580
373684
689602
198542
622899
598039
791825
912554
179504
15705
21564
924182
753066
545860
445334
165743
720986
520169
919639
296352
453575
900168
848194
586986
385215
573030
854538
723535
494621
68513
742506
995413
268210
286223
169092
748486
393732
639536
892584
19452
765814
526357
754238
343261
582009
892703
105868
221252
239794
594367
373982
802724
638368
375062
698293
48520
737472
399470
611947
808695
434618
665106
809574
561318
942988
59755
303235
735708
753716
264587
311249
929453
942925
602978
164746
349327
971860
133115
309390
422751
320956
40418
875232
997054
461043
922497
317493
963283
24135
947074
521488
6740
185351
81656
730220
938803
707150
273164
456169
398982
339522
515190
745923
219157
464758
251076
628805
114892
691125
317555
452325
10060
679229
874241
783234
159672
76329
666602
938842
78851
61816
762544
603122
211813
684462
121749
165082
767356
452779
129071
925410
974904
733265
619214
778527
353740
294940
777858
6097
400931
950467
337832
312604
478787
93239
520855
488705
996852
825441
393805
471641
888565
953391
735510
294747
809659
204644
35271
244644
369952
74579
416811
361733
238811
680119
352837
623271
882645
348371
84559
651833
584553
711201
229585
468964
937789
744591
910591
396848
586462
524127
846550
143705
334017
610662
588635
295975
442073
145885
786581
721128
695257
711619
436698
41631
199229
989320
182135
276350
514102
810775
823347
905388
216404
609881
60289
948376
343901
734563
44170
321003
955076
305485
52169
561290
713249
206638
729444
968589
882227
485415
583171
892616
602109
663597
366135
345057
452856
47756
621926
890277
609868
36221
75748
494129
463978
513728
382241
996940
479304
865343
573011
68566
547833
598254
82603
162199
224642
344618
552863
724311
68928
209863
714899
198577
546193
443579
60188
850568
424392
571369
647344
528822
300695
773759
567739
180941
702651
461905
455074
179527
210895
895608
759575
810974
806801
727805
229319
226953
381969
951517
702835
799915
837568
373151
319452
407736
1626
289329
430102
59703
688532
205445
189084
621924
17626
786875
802811
643098
296180
898956
601650
64052
729574
336413
518924
103714
234530
623726
952269
145272
718691
438550
778514
2097
613143
923620
490320
256992
287273
429948
663320
118037
409394
935057
975616
926062
662739
114317
280169
90427
337871
985232
683395
9932
442744
368776
826348
621512
581824
509073
453304
124403
51924
21533
10196
395879
165288
105751
524127
895351
533622
325209
750959
483030
552227
159913
354119
551869
223389
68041
319660
103768
789074
581606
487248
267233
132604
672823
895567
457736
261026
907110
636898
426969
713365
191749
927904
305447
293923
621424
386095
557261
126170
948436
267942
777908
788935
781085
986560
898463
485209
690494
105306
166523
221369
622477
473543
767784
531757
25105
103380
374410
211062
226176
885447
311443
581958
409307
540960
861923
668285
124526
353230
450373
970529
668101
549377
782811
844620
262672
700130
308510
775213
780068
320123
471093
215720
249097
243083
210535
638454
746505
658058
838437
719336
872284
191926
488538
98127
49742
228470
809945
252579
113290
862849
724951
819003
282018
332368
350877
890991
707697
700813
913728
143408
631828
140112
158090
487723
422496
538045
867215
1733
900147
458779
822000
831661
784838
37587
205481
116593
807704
609725
797301
453163
686516
956603
228733
552169
76610
683506
673707
750835
157776
582931
869349
40683
832934
651694
811417
638633
490880
849706
201611
83171
164296
580082
944612
376580
814123
871429
42713
691676
212742
26585
330663
179366
345923
816292
91040
406882
149681
994735
398508
492959
383251
263649
784770
887035
492603
604054
565984
193305
14793
286865
219258
97747
929356
475087
595757
842785
908819
448146
424849
134552
102446
574027
117284
968603
899162
407637
18823
507307
732061
522779
975649
781170
676906
378741
707348
73771
280248
860001
826092
572481
872082
529635
23402
664518
302660
666602
547461
408315
536944
746583
17985
518728
375638
173210
955433
922131
616466
657887
883937
868628
412448
927479
608614
289598
270438
725183
569457
320725
375040
739206
245222
792208
371549
301803
678508
557168
812384
155456
334366
604788
117020
124409
154296
220879
386671
913447
224215
756024
111564
45286
434497
762037
650921
590286
785906
499328
407169
611785
708800
274
372075
184598
938683
33218
186455
266296
601068
328054
705681
706920
305312
422650
175667
907881
749752
699676
828266
966266
244142
934150
511661
583817
629829
122978
788837
550469
621210
418796
113515
313005
550295
808917
607573
720071
566024
649728
444131
185103
441970
601390
43132
378254
190137
49547
853988
225890
261197
9381
321550
839340
424057
181305
454864
357529
16735
915430
991453
887409
890192
558574
647217
992097
396438
133782
239768
301531
457093
504064
772966
787112
563774
129215
843239
46194
380259
510413
904916
994588
793578
9595
455825
285584
125373
43452
996468
18908
153374
781308
971361
960228
983006
656569
753952
258814
729701
745824
955397
912446
414787
136312
262175
598661
247069
195381
959195
220249
223452
672876
805212
675655
414312
113991
159124
447125
374517
792653
624545
786700
299386
193845
588006
750247
971545
336183
323275
826076
988628
321096
708283
640720
663860
931493
571379
211755
439838
288788
925293
737565
517227
698588
407876
532189
616330
117393
620546
230276
835996
507459
915623
467680
449423
833265
977678
831652
977835
617195
19727
933544
257042
217374
614997
765714
825477
202224
43589
909681
750296
824843
93392
857354
743449
228349
831051
663189
444211
761766
500814
462876
56697
410634
381838
924652
27595
819845
777832
330859
312518
982086
236089
838921
767673
927573
607794
279552
327845
132400
319983
79136
83281
264792
912739
117892
899702
501109
731181
505937
146750
595266
265937
557360
191605
597968
751519
921552
242067
993885
146354
47048
258887
839041
939400
15191
478047
457183
405873
217811
39727
95833
566704
939442
609737
478090
38675
932507
421317
750702
66856
159945
112973
418823
523869
28013
195757
101240
334704
64049
6861
907746
4460
603202
897771
148408
955149
265128
74648
214271
786044
696938
723386
706212
395548
824166
613787
967939
167574
895199
528715
732175
864525
511953
914742
931396
830548
283670
572798
568433
351583
749265
582159
336415
9846
828929
690761
951873
300575
318150
124009
848952
667285
121723
230740
698072
364008
264641
142293
771502
859042
770751
284416
532387
273537
246411
549639
597318
769528
877503
206769
304484
410232
688022
162824
167566
530546
27180
305540
94878
376865
878758
782484
288471
90625
718885
894639
60716
617342
829551
672056
198815
697285
9941
21551
627889
893751
973393
17030
229631
239530
831185
241891
16505
149927
515334
506682
817075
103822
798895
531758
847435
576511
889424
966475
881087
123208
589411
6270
791813
408428
118332
667744
753640
1626
866126
947407
31070
661843
306344
547353
516442
286980
193676
811220
387137
948090
370144
10629
833491
8335
848280
700754
825357
930001
874229
140992
661257
213091
535963
548088
701799
162305
20007
616089
938903
278454
775363
966154
619407
125113
540787
341778
778392
869316
595369
479866
847237
95081
400152
627961
646426
148786
861604
677792
938450
789398
472638
666218
229208
316002
350684
22589
303500
496274
906810
224549
92715
205031
692911
195715
221545
451408
623606
750943
776338
413879
730566
917995
779411
718594
595487
965058
979636
4971
732640
700851
398054
855230
173622
826657
824212
950267
609652
422056
614649
357983
422797
864969
598890
99904
795703
516603
246436
675175
726826
526709
185244
71329
359933
910324
478867
52944
947323
424584
520963
286943
816447
175381
320760
719389
842000
242589
821679
795630
967430
787110
738702
692189
887327
298119
78422
88824
626471
867754
243282
341441
870600
496010
137304
746361
659665
213117
93346
104169
489082
393632
625932
447088
117908
420709
463105
904346
453219
50841
580118
797865
184993
798430
472383
431625
977682
618136
869619
640728
329350
397464
313170
742608
260609
32695
934321
944837
635080
558434
755706
659446
170169
112529
423551
149393
536854
288148
166210
359202
183120
634805
432267
668100
975203
402646
147056
881198
543363
100609
441800
741595
103625
261037
613887
262691
966308
123527
380358
162004
732905
37026
367020
376071
812985
289779
692220
656739
121325
816520
33018
563030
819715
731689
361401
72645
667049
993072
995548
118329
237222
582071
125268
632858
694887
317558
224007
75019
957247
730682
898091
235510
359423
68041
131411
543496
471648
854226
51052
685400
528413
129665
479029
656116
919794
243572
25271
842528
127136
766142
858745
163891
754666
660022
785904
299524
999493
525001
623606
635273
628260
578087
545776
969238
426782
259359
697603
853057
40992
222802
250597
7191
428374
835235
305505
737291
655771
705494
262372
314740
669707
60582
6915
585586
318324
242171
988683
524134
21104
501434
147177
89206
324918
993240
723188
353890
398852
953489
256489
610778
399966
514700
185788
485169
582930
912561
550279
100168
697840
456602
161189
692166
112400
782507
89408
933464
524615
372266
531167
35286
61450
503159
689432
684290
901613
806017
559035
8918
689558
22717
36011
913072
90022
823378
256649
137945
965072
253269
203552
943183
887893
610476
348615
286522
403597
956575
781124
382114
790123
375170
50922
716344
58935
794905
735220
729978
547751
298326
744828
786557
691716
575488
976639
852578
638908
13260
89564
143122
426365
404775
185514
888178
104585
221517
432760
366206
181115
266799
669744
151061
132494
510578
38745
9222
959298
347559
925631
940237
53723
886266
605014
467935
963806
259009
247404
684502
454400
306629
762266
596001
859110
302801
430871
885163
628108
382877
320859
336844
418992
381539
923844
942308
99983
732930
913221
941825
890741
184057
972451
226407
777834
481735
107619
11841
267404
543433
33306
455155
717029
11427
772372
281967
95392
66996
13540
222866
134697
183166
481140
733376
64456
380416
669767
251013
695542
973833
632791
206673
776430
154429
939268
631706
687290
282947
939074
853086
767430
315636
59423
795127
193492
989900
173895
4413
417697
677776
855141
712263
596262
650047
458413
196149
149389
380588
932612
869166
817338
266073
180623
953559
349224
932946
314935
118395
544005
158581
698967
241042
76556
53797
492197
732019
654703
52563
126126
607623
834476
379630
581167
935145
621916
193240
883661
59836
456117
629708
887638
309571
198379
51847
62901
661925
506172
142670
626389
613824
405353
681534
659771
122181
261348
671192
103010
30712
64906
732136
853147
78517
959337
6292
744994
775951
428929
871992
917349
28786
497494
536533
216911
263510
760069
13362
490254
921905
852033
772490
413729
871464
145090
374640
966572
744261
645646
898060
525281
417948
612494
777794
72151
352713
149822
74932
974055
85576
58295
130278
181273
655611
871066
598783
897469
785086
148204
609985
190529
605604
524020
421366
100831
748199
986467
668228
384627
773179
614695
951089
188782
863630
209266
151668
503749
494852
198660
973731
176625
413125
719528
640439
5108
585184
86076
214863
633023
24067
424163
242905
373700
82395
39084
201043
71774
712200
65485
683537
394711
107818
657757
416097
264225
986330
289930
282447
496504
942417
278343
751868
466477
684063
624883
286927
480825
7437
880848
316960
665603
470330
740304
399460
805492
458500
335855
168404
856903
601191
2189
101930
844385
72848
38114
212572
464911
575379
683322
924560
120757
828501
307802
905662
534870
438274
694026
79968
939267
174692
790295
479986
8050
135772
96688
568881
216831
409652
173520
223021
561967
725758
659432
199297
875567
270095
657791
629920
462780
784034
659419
177258
450369
380936
55291
904120
9493
257739
425956
645703
19448
125562
636597
388693
810779
119494
801364
842759
574950
144115
766078
212372
519021
13944
835575
242850
817183
447820
367546
805216
538003
272527
65488
601122
560738
699274
80176
572541
588626
442147
918878
439238
854045
41429
994825
719449
43702
690102
126809
14006
465082
3517
512415
834628
766381
59152
271105
102789
296367
293898
590389
730382
833888
388621
519153
259597
851665
488623
611199
634257
951551
70856
868884
482120
161581
320780
742471
202178
686914
873283
735543
258084
95844
198850
81092
749184
993044
872796
947531
762015
289947
239924
972836
808914
305857
637469
182690
628762
276530
973691
376724
372445
91573
54900
530306
647514
606503
591000
818459
854130
765977
919884
609289
950582
8215
219949
774668
257066
895644
328070
761875
57948
639469
978275
310914
768875
855828
380987
814515
357457
447944
261350
426288
637291
154246
455323
197673
661280
218745
203067
445013
88276
378081
777056
85606
184994
186589
473243
184460
754038
809694
730839
955421
622923
984963
970739
858278
293923
68373
713317
112943
567696
749837
127077
366748
646607
974577
107751
84540
473440
540851
334029
223975
716318
184955
577378
640026
417902
612916
8086
436031
462956
456416
247945
902483
881947
80781
501482
828833
93126
969209
720815
590987
683056
627376
256216
50846
522620
445527
765715
877601
6642
554686
774215
637763
125094
342394
382902
407259
401358
466185
148213
150393
278400
643694
645542
255067
176713
262205
357171
726351
180431
891807
189917
653465
541884
795613
367924
915876
589959
855492
910200
721863
594522
579023
50894
609147
575519
302777
872695
163807
425812
612015
156188
721758
525830
764228
447775
587038
767193
835236
895571
292053
584222
103624
835130
822321
636118
300412
198457
733981
461468
138837
939918
11371
2933
601761
709594
958694
289759
404723
42981
200797
230439
696917
788990
582203
505939
506582
646305
38071
269548
904967
228691
256452
724466
697281
779273
144365
123398
809849
386679
801164
229150
664696
599266
2237
885906
758246
908282
659851
868193
835223
454598
14685
64602
263210
816599
220977
795042
435238
895825
314735
716699
251023
540134
644101
658982
256687
476561
474709
562154
479580
205696
162004
708920
189412
157226
862320
875255
526797
759092
800625
322447
957550
450280
548694
376283
214865
764337
92715
278947
648741
235738
85460
230368
655125
610654
629289
93515
650202
553639
936090
71722
635197
684493
155258
549089
664568
788692
412918
49370
366704
798591
193651
856823
724733
328736
926789
375675
869166
804907
690224
122885
990727
374697
389893
297472
719402
465027
469052
917229
73590
222962
291145
311497
183866
753348
924180
696607
313321
827236
873913
844612
235131
993310
695297
858473
745060
939159
241287
955165
185242
727887
145809
227908
258791
456752
924392
680998
303479
407137
316352
611947
945569
554684
610737
210676
701042
846660
174876
643396
257411
429687
533771
894267
712211
492125
170585
178462
615662
930948
361042
64170
886137
282702
859344
868262
301810
858560
854611
936316
337937
616018
751192
377401
887888
961655
788816
23117
270365
453201
881704
78651
467094
301316
110372
500804
643015
268915
591453
228392
686689
623302
274130
103544
563105
686612
323369
27759
353462
886351
248180
35060
848024
918590
770635
913441
704354
72383
319297
162776
292827
473097
321983
602517
748711
900352
103284
194155
177709
454057
383853
479004
10374
565278
786534
252181
170927
805255
27700
180629
334752
660938
358485
872519
35374
569027
226893
731557
423041
443695
44574
141597
96626
780139
939939
40628
583235
793474
263135
575722
401091
85448
369877
887276
818778
715501
552582
490580
81239
49600
97299
455808
996338
964277
400319
93114
442217
528925
93907
154891
476551
669099
377494
159669
176868
331719
920418
581213
913236
124895
238898
580909
641567
983908
763816
655133
829538
614187
362282
662600
504364
130176
748937
293993
341657
333559
848831
728079
612261
785910
182038
209725
919648
243847
443992
997171
881661
177339
837487
138064
724637
597849
796234
410781
398569
795394
313852
464912
950347
977705
77573
78022
190145
460519
96337
16191
277562
259255
564309
250910
136190
237939
345164
652689
751218
279721
789402
435858
300613
470069
510014
431948
715836
84417
292975
714199
304774
37167
637759
56838
953756
475042
943840
14005
58181
576550
598864
3417
704929
708889
813170
66038
895093
127467
965294
905722
674659
311541
705846
353243
195866
140402
781914
582658
450226
440746
378441
833839
61981
146431
974091
699371
189436
384045
932486
966792
238009
877879
78457
984904
70847
325902
668300
354736
712395
541713
283984
574792
744206
141177
764214
379634
678161
433934
460044
558036
260074
469447
851658
992591
342733
882657
473859
392213
304772
215178
631803
191540
498216
771634
373013
507252
704652
727294
333334
397101
698777
919631
390439
887358
189593
26855
930153
794634
642127
449455
957771
403245
209256
777950
233766
796567
406264
872022
191210
524416
932487
94342
823517
518529
419361
978838
829602
260315
287572
579664
986566
968324
164921
748120
820610
265562
466184
713946
567065
985422
711206
935818
251971
56932
725768
668561
495588
665613
133215
291196
423309
496245
22239
392667
375077
320121
989644
396865
135759
467432
109066
415156
565693
912938
10947
325349
833262
368368
679264
615446
135792
980567
536002
275482
157646
76906
931939
187239
346872
372071
461083
320570
982411
922707
294297
741994
754038
89900
630031
177310
13003
3017
350616
621069
377555
459225
444211
287068
626174
653232
914387
968982
20520
649695
706664
852558
534069
634462
767239
559421
48421
798766
355975
561178
226398
322098
469033
579032
857283
799338
525867
600725
201208
24443
453538
864713
948442
942861
36699
196930
914882
475379
968295
391333
363151
497938
678358
536179
631015
622784
686606
720876
746261
231832
511452
907213
57928
859244
656600
545621
679724
782157
753322
232050
45357
934407
706857
919297
247590
315329
628512
271941
314071
259874
754768
914170
300266
171826
32363
674048
71563
849895
411396
622872
906340
870032
542784
605202
87597
939323
767249
462188
328907
326186
292343
372155
429906
379694
298620
740745
391374
295504
789938
534530
474416
981165
285822
452468
606056
18398
359889
197872
739776
251398
588342
25865
524088
280933
744732
215430
397060
804771
346135
639220
927888
235862
537055
725017
533024
637096
499297
294520
695118
519258
252405
314494
64800
988081
7928
358066
730837
342456
992114
427876
788173
961144
598455
125692
31803
374417
116366
660908
637756
312899
892709
350525
408294
388491
357444
69924
443576
159188
500116
587036
407595
51538
669644
92348
902225
508390
672465
802787
328921
915211
297751
834376
138932
44234
971929
648762
301740
239389
797402
945774
654657
396629
397492
400180
838119
683257
219631
211402
778100
461844
114334
642165
135916
397166
856597
227889
280238
778884
774489
135465
8645
738830
483305
318192
895003
734828
149315
124077
809694
428215
653037
588573
919684
97913
336005
655074
449613
53605
509602
974570
20695
767972
191715
935528
606564
806037
401530
507658
326052
637386
938650
46547
62372
545681
440400
790108
909119
476684
860583
891516
584668
317700
104583
998349
556886
153403
695432
381753
441950
146776
158484
696522
221529
582046
172219
950683
494886
601683
186466
944702
745979
605895
845360
336622
139141
758227
995787
151737
96552
479421
567494
101759
639783
84862
81187
501884
311352
354563
207485
319092
533173
288129
895743
917223
297033
124922
351588
362519
641246
707521
790108
650201
947841
274889
723221
218389
594036
567758
61121
464720
47179
515957
702657
291845
273359
62375
136634
842220
137559
993735
636976
550156
797791
295522
358581
872885
504628
204543
40126
817508
518015
94241
662253
291482
939094
608330
978304
199364
122755
748478
962050
12116
484715
899110
303449
839154
165396
698790
503451
875634
480484
716028
909011
613124
402904
886366
905856
204206
98481
859133
837308
268535
42942
658404
937265
375871
964567
859509
892328
330056
780839
916004
712287
309533
615682
169431
143950
78488
451808
154181
707067
903967
208501
345660
790757
764130
560723
624716
864976
238779
628083
815281
344893
515732
692036
424591
264331
77484
738760
5581
134036
549285
657293
40854
845374
648698
437411
183546
286673
478626
470698
98978
66417
83486
390175
737289
152372
147115
284617
79834
299448
728209
307630
553299
982647
553431
605805
879615
561903
2706
105095
442841
118243
315870
944775
628786
961227
69236
163605
986975
822053
668004
97568
169659
247449
274852
693858
135284
943675
364064
101312
98751
28700
6479
301089
226369
610832
39503
65520
884082
780527
389288
384816
797851
927059
960384
681973
534815
885781
199435
792714
453561
884008
107387
886501
686462
659683
895550
581729
534691
923577
986683
962732
365359
344440
34066
302742
446836
112504
558615
199561
58465
748053
992589
748709
994860
565123
18979
353740
843315
534233
569418
129645
69083
266219
194468
167294
530957
825625
528014
474940
884153
730119
808418
667388
154177
314817
211842
977278
700972
176812
179034
683074
343931
537474
8811
664178
134605
901829
167986
928476
353257
173500
225567
480193
416099
979185
786416
867284
766786
912714
835101
464547
718487
835009
945167
926551
963997
121804
104579
56523
986974
598834
785450
170570
881919
52039
984900
394169
41429
997051
163040
302533
127509
733326
964181
689602
883862
363931
624888
847609
3529
809555
613186
502674
339853
729915
194811
225004
444114
664394
176654
29389
461273
757230
930271
631237
542132
152578
875012
47291
316292
140483
952722
761821
785182
641138
105789
196078
176172
394815
650921
265898
722847
9056
983962
129882
696843
812308
907901
225740
892686
824108
994139
95527
693466
701533
6283
832304
626852
349565
169766
698631
273633
681860
296941
362930
983585
362012
962120
850118
131657
936250
929640
894544
327547
447343
472624
540584
173787
332975
699465
476068
478019
359276
145381
781052
908781
716181
87562
838861
586644
307642
480584
295218
794515
748814
49425
809238
581693
522431
148775
15079
742813
19873
456914
157351
660258
428944
68523
570767
280421
445406
681503
54493
264918
501773
859684
626549
738732
12474
384360
233886
334936
21611
641848
228223
5832
466588
604282
965348
436919
97751
705176
375953
110114
100536
238061
795149
81636
671566
361056
76838
940760
466806
292942
366288
91006
563624
249336
977550
707993
802298
290184
995410
125330
726838
596344
903344
206825
801422
555372
602085
39214
755445
65113
87964
36451
528161
523076
902773
4129
223082
141769
404949
81339
239538
684064
739301
578815
627862
367126
977878
276629
314596
740375
957431
546097
486736
45717
244814
333123
744244
109473
786377
464096
225806
138868
614920
37933
326978
521295
617259
671661
269007
447955
600212
31841
766333
588832
693122
77225
837667
695670
567247
723475
217161
597656
744379
448791
957946
49947
999228
752694
331021
842049
614312
191567
376514
592519
326833
218835
195609
492760
186744
254070
78828
656070
102315
598796
778410
991221
378999
496504
772494
700986
786730
656964
390380
683898
539100
218661
530055
11559
326032
377032
694037
260484
464066
977511
277387
619594
726082
300732
458328
770809
304145
677491
984566
895904
995394
965255
289773
389517
706787
939887
552920
41857
183428
248100
390224
804650
8411
372032
842032
569534
796641
398655
780987
597198
547391
576891
227886
573351
410670
184240
717651
566880
21021
410473
404047
728973
959724
18764
391681
788689
684264
420839
668362
396586
121174
85749
407258
931061
432944
25868
24179
786283
220185
15907
370498
155794
426286
935454
69820
651133
601334
804350
551970
184152
199825
77609
378178
69205
444301
175553
554680
169935
232881
602981
230910
740921
511818
52189
198499
221975
831593
169839
155403
865214
913835
161213
537248
705542
827095
474647
151383
670648
872591
899671
313401
650251
712350
418800
141694
896712
217192
44126
928687
410396
471963
323482
461000
108732
856687
132485
315913
309871
522554
823468
967917
635526
526728
423301
206794
885736
913094
352190
58666
603145
808104
593087
578353
374627
735286
605365
108579
686294
611743
82301
153008
251366
777608
627086
843005
876845
992798
693807
507889
394575
877520
870741
269571
382054
846897
33110
993120
45992
162365
348442
556189
829434
189925
7595
265518
438569
321761
783038
184754
493107
499696
544819
486987
505190
5045
182370
725754
214181
164844
641417
997613
225840
292999
828551
195290
371103
205206
675620
900816
122029
597828
578439
834730
805367
336359
501023
632182
35254
374726
430343
82732
121022
943621
691691
885936
540516
232245
588476
393351
786621
526276
686827
727789
531293
346573
405376
106431
409255
72368
836689
324011
721704
397245
617179
399630
975840
456080
143078
719312
976532
290755
444390
289268
30523
710106
394491
658371
614707
469912
101377
213595
129013
956472
963687
645354
597630
748073
135659
131080
171533
906481
754888
306816
993210
253901
380573
567643
999994
125271
845910
412381
654902
480869
75748
903155
80772
738812
328658
357455
50621
581597
812260
139441
493321
750517
615181
274410
613155
921542
891529
741598
474227
269023
911237
29009
431819
538519
867985
490378
722031
581223
708613
306246
544070
281932
744232
326462
787968
917449
132661
583691
760940
908508
776975
680567
178655
889662
383840
831545
820413
600319
368931
75199
202801
75955
630144
778144
638239
376974
131080
895743
498930
541366
264575
321411
843867
71980
518376
916660
553882
132896
302582
31598
345236
65179
205338
716333
629830
819364
460234
907909
932686
239317
777476
60229
800039
283851
463693
218735
775253
237816
113927
934747
511461
248819
146872
144271
797808
369989
448100
568480
328054
498918
708361
23826
264999
559614
432733
57216
10094
274919
59501
284804
312568
133331
55870
881153
828344
566958
940104
103936
748961
678738
822660
804059
47436
265
446544
267671
241021
221439
893999
686256
260857
790305
107818
322747
190538
971175
402327
160707
140535
31164
697423
989502
555599
960895
30143
237449
277877
72468
205593
300827
266864
813053
52600
619048
372653
569047
409169
397525
447359
981356
738280
692974
194244
666834
41357
692710
55870
605690
489014
694499
556892
220859
749433
162407
849905
718884
173987
383100
903570
995604
329081
375949
543875
838791
642674
454939
754811
774732
151687
798045
139910
786594
730826
137371
427194
241732
901491
966907
134122
99890
937466
445964
274806
184116
537471
387082
536604
976821
555643
793980
908871
635627
661045
365552
482170
435180
755474
907665
537625
400097
897061
119320
409334
718925
494914
326350
442532
915157
405913
844624
711703
668712
808561
498905
761933
132696
965699
247167
660246
147478
490269
265032
786922
913470
566602
8800
242672
800954
835789
992578
870650
434317
427389
79277
373610
13539
26563
953008
431295
262960
858844
773665
404594
133066
31531
762615
265402
594178
207671
284707
138763
619109
971398
167829
656900
925072
224484
204428
328027
194450
978071
511343
929476
522867
743660
347231
453089
21012
262087
915436
537419
357525
260787
321486
4472
747702
934334
889435
511471
139974
505880
580483
723395
520289
133391
222202
734932
411171
318000
824985
384472
839454
473112
446528
537204
661893
461390
732471
534246
707493
585676
823498
132284
140859
789445
398445
308678
670852
639667
532322
718125
199188
980457
881987
249214
915949
573654
783219
141774
733392
465225
507831
393528
309444
766994
712028
125697
504933
486544
727221
861589
288899
50634
609356
584763
841231
114934
842818
322263
797826
81054
874222
105551
806454
704633
777475
430566
504699
552074
657984
594692
800557
67922
31690
135575
483325
373542
93939
325544
664320
351606
525693
531124
896014
186764
66833
466810
983318
887320
24692
339920
170655
994867
170757
407533
171139
502467
891982
512604
138879
149508
863575
747355
802049
764384
304036
48069
390776
794086
786702
981310
787883
447780
330575
339072
915599
797573
103168
945001
899278
580475
372416
209570
226852
836261
919254
633584
802827
268727
464363
143561
446174
202424
646053
88392
244289
807871
377229
514199
703354
64372
375199
607809
219632
628762
56348
659373
736553
316432
883568
882592
772068
873527
106082
326550
573116
17211
558646
526415
687551
563077
715463
222587
395909
351504
83699
732746
383264
127285
716003
327448
405309
121463
443008
494566
538252
791336
2561
877915
894258
433974
975775
285593
832932
208032
71754
271666
784591
820695
154413
559959
149044
902711
361158
438114
98323
124903
289154
707831
679142
970825
972996
713095
356120
173083
946808
567671
802138
734237
182553
490888
701263
198354
860765
181958
871267
922365
242412
699699
790210
809954
521795
226789
195376
600322
246315
833745
225356
861139
407237
890701
137335
470512
809637
870848
851803
943092
308809
169195
604940
72709
179209
116034
218688
663218
915982
413363
475638
888432
164220
43426
91661
290207
413578
305398
681088
718892
375903
919190
692010
438613
199956
80578
880406
458653
767761
214412
998412
676967
489849
622726
37033
225290
633880
375004
95062
230847
178199
64204
820966
589786
121625
67271
297457
736594
865365
329386
646335
115779
16660
107044
134892
353019
178424
387468
781974
722977
418212
941551
690368
806499
568771
501079
732250
851459
995024
596694
692862
541489
995107
217759
191579
581572
485347
993037
893390
935938
271578
34283
427276
197921
880722
901122
569879
738361
908090
108227
2716
629078
245539
122568
973279
440613
260967
830486
907870
198926
697420
826122
233599
616150
677005
59537
27970
738424
503101
532272
115543
929691
30541
794399
965825
416716
112145
943698
998611
901077
185034
37631
831155
337610
16902
325518
912456
164151
528971
367293
102908
86350
172701
191847
194408
184697
365187
498576
94250
526314
78021
51580
559735
617946
21679
211245
836113
667086
54340
435966
284985
919354
204762
123574
63455
458870
883224
845974
603598
257750
224574
703827
310074
94363
511988
799394
929407
669739
780114
387548
31956
201127
159492
40032
930416
699724
162800
370888
836777
66089
373488
258566
291663
939620
25509
94658
216503
226342
444568
416120
296985
295939
576685
216918
396413
243558
116653
558378
850329
497307
443031
253842
187540
217934
650848
497267
865854
631386
805917
630301
914502
798820
208547
511517
740929
949197
801326
543479
788123
238748
53571
265117
628052
907074
851649
36051
926112
102052
12562
317233
64955
472503
427176
206023
661636
154738
485089
170641
908884
235809
736679
349054
529233
32608
150821
130211
627972
541582
915395
196092
953384
677699
182935
223049
810102
52988
522352
78130
545139
797237
110624
204070
98487
849581
845205
912821
304256
406133
413148
110012
32299
258919
106119
756398
545152
374677
384045
782174
458667
833525
308866
562879
580664
948048
376762
678078
327668
264313
667571
145196
724311
596408
663414
291479
355022
273266
735589
994276
438693
830846
463127
320392
699491
140850
504710
671055
166841
738767
676963
998279
955148
646977
561122
257001
906879
625431
502837
890314
360909
682402
169431
491775
527419
404420
581175
493646
515514
106784
761695
715117
706702
902133
190216
773450
663950
596662
223300
774724
583306
581290
657961
824366
53041
326419
622861
833882
922126
740418
455083
300741
431987
205269
474503
543448
592330
477082
89553
34749
511960
540128
275257
310994
426774
550907
364445
116354
619758
272139
970716
38008
540756
692215
4077
601138
395344
423193
164315
234064
568601
158610
459385
590219
195503
284341
560459
311207
381306
308824
466266
856670
812153
43887
503452
535961
164600
660994
123360
92492
336285
123795
428446
800347
235999
581724
617222
321867
987635
624734
295850
759593
23749
678284
605757
897518
82184
645422
177323
59748
516522
427333
383863
671370
867761
370487
612478
806345
397723
191783
377897
347039
181841
662695
28639
791563
301384
235199
755198
259410
551575
600390
607592
848404
381806
276194
208977
22406
199541
158935
308426
951736
333377
546150
768578
920550
330273
799833
229590
323457
101436
113458
74364
501023
560925
319716
531139
627620
847298
529403
646761
535534
208940
103555
357471
153840
829151
693878
384520
451332
184081
738173
134223
867196
773840
96510
645039
6983
63780
905807
835357
662872
334778
273193
385801
164363
553894
685524
687135
547937
428826
840420
66725
48134
716956
783201
628906
600235
867459
303582
116151
861842
686744
730764
101739
78511
807437
73902
776270
285655
958890
713621
148123
522329
873364
916380
715899
710530
64652
71223
547645
587395
17402
255056
634434
814150
595975
724132
15605
495258
142680
463908
20797
284401
710343
476533
853957
950888
372614
116964
89863
867986
491564
680588
441091
598408
125134
740718
671257
797559
354856
891541
626709
446184
142004
445919
222400
78431
725994
113320
4579
208162
721677
384844
209822
996525
125597
855602
932064
801384
209625
417267
550391
697240
521170
241529
640768
286911
940949
294363
923466
481411
47302
102761
233456
387430
919435
587295
43809
423948
108256
795979
704127
329136
173496
337966
366940
1903
313977
902903
187302
411883
213105
767675
374963
675967
243353
609616
774507
937627
246056
778823
606942
714595
518803
442995
494179
538255
15112
911323
361817
306523
413673
623348
313548
327443
864311
305217
245067
433970
217729
48069
899917
824645
897143
897243
688091
351197
60855
535432
108513
441303
545295
424135
144186
675039
114743
190615
648244
439764
228479
828609
222455
50578
613485
982085
285855
22775
742042
456416
167197
753891
879908
678753
281851
849137
884729
181487
946430
814570
675990
825795
49992
454803
818442
296575
113679
76862
224068
735970
98939
33902
334708
280618
689088
533414
395241
581798
173648
106802
775850
547555
692120
847826
965266
953303
388959
375075
973167
719371
504017
39507
68297
443868
867008
577373
392106
130965
451471
115103
196642
834937
686390
949768
651985
258033
214453
901176
567699
796510
614000
863549
895090
595343
509926
923757
471104
127273
347116
760590
457014
149290
447751
487539
235990
341109
216436
862912
595195
866797
891818
888776
719206
426946
380537
405525
715917
861763
567701
764005
366200
662407
852570
182703
563042
738611
745334
219328
603876
625637
406053
488757
944183
888072
26646
252448
886482
125796
524569
506371
66907
231811
487157
683810
398539
630237
53027
707162
422003
631091
819542
494399
352461
70121
110751
547350
875989
952146
8008
217474
672459
823484
268441
363685
349606
431096
263588
371325
405547
240822
921646
468869
475196
980053
848928
46897
908225
791275
266208
680525
228707
675199
731946
475558
309803
620968
903675
828606
762714
755658
247476
683156
882637
341279
208697
133109
119383
47975
517094
619410
979619
974338
621490
988866
198131
912621
541973
313808
329154
928656
30408
553747
244447
777033
