778550
402561
165108
237102
614630
532265
25825
403699
630024
522128
359007
483008
492830
279627
358222
179688
416052
954358
310946
477302
183728
911241
12503
531051
124264
36738
956358
994759
187549
959678
887419
890128
55487
325013
373407
344918
287503
959643
218297
564783
993133
281346
765175
445935
109741
791379
655383
202450
540557
389449
942868
317896
451084
170442
681047
15796
634096
586914
360102
374207
47730
794051
207725
286400
652585
248077
569726
887791
776656
386897
446542
708969
488044
483909
426652
188788
464680
272352
47708
949090
34537
432982
527012
48586
412973
47407
459092
72421
407491
845887
461351
578467
659893
704486
349612
608749
364799
445778
308785
581700
408795
834215
64651
477930
979644
152604
301617
778425
966251
264344
444889
587765
968807
979323
433357
509129
932976
892591
47092
246101
448496
882081
454135
777458
882890
287519
959388
351651
414707
979471
994064
947382
169267
54937
463968
719320
483699
14339
446293
497734
382721
350734
961006
96258
765195
910437
778619
924449
274186
581577
316292
373504
539888
601216
376748
343991
255368
603607
190060
484639
252005
165094
144335
444018
967675
635229
76463
213065
394852
974732
444853
36224
242878
460507
178416
808940
583777
112433
869501
515305
925234
648566
733639
118832
556536
202623
377095
776644
368311
9770
596313
237483
720810
39683
404611
205884
182279
417197
723795
499389
114154
939499
49237
675580
386600
831654
622626
887130
178221
94518
757919
192414
634161
986981
362964
142454
226476
675700
465018
108471
478577
773867
808316
394511
651552
175733
456868
885242
786650
383996
880466
982804
481955
579979
396679
14685
957336
558514
66106
233190
990084
824782
649611
490784
989644
650076
292278
514543
710759
723409
660915
918384
191081
929157
640469
287680
902195
661467
227198
885138
368558
914485
57768
656009
472869
269270
593750
827744
529837
241821
935161
682561
942140
184452
168040
433670
369203
340612
787052
874754
756045
475708
398916
768280
30839
990670
464920
29746
967304
990841
669202
71817
999883
526610
583175
844166
779076
919777
915470
120307
16966
907968
747836
41966
891042
705937
699611
835812
228151
43693
867477
35383
146288
45874
362517
685464
809108
537923
962249
672216
504536
689624
925654
972898
228488
7548
330242
663147
651565
23240
81236
852678
856744
235578
922484
622609
693884
927783
528355
884603
913270
147965
612028
259575
810568
606281
369213
632437
376262
218708
607237
213810
571840
887954
619623
496130
740192
468597
125100
161894
32157
187363
536032
512686
490596
649184
377629
919018
311447
906345
414007
990084
223224
352161
975337
164825
249290
943084
305473
561140
631563
394221
332670
301392
919915
274114
993524
929840
387302
13944
663602
87423
152362
798455
942179
726807
467418
932310
945438
685407
440925
987613
535371
593761
90322
340538
602211
713094
872519
915678
195550
342296
71448
972452
430189
603919
140287
932030
176635
908569
465678
113900
422182
916786
146101
99526
666178
477624
646624
70380
493635
522562
325717
627554
69463
710818
538024
987202
942217
789826
706028
41767
325568
238422
981020
58746
502682
430878
817792
580956
470720
582466
800910
89802
710329
619807
497046
391892
225426
879689
351513
765689
42076
235035
553566
915178
851522
90504
314456
268461
66993
102174
881605
71987
945076
261472
257222
929441
274140
235709
944756
790403
509111
9079
136438
670079
397822
422878
189679
320008
862471
851004
748485
937624
62979
383256
821165
395765
607227
604183
69747
272512
929849
783697
820322
70766
257076
985779
142123
567441
329252
574028
520812
272857
224830
950142
33082
573329
716274
488479
374322
19351
664859
932811
808137
123598
228453
76956
219256
841612
811003
915624
651389
147000
97594
485115
884785
64062
745477
965227
660276
352243
893254
19926
879387
30837
1203
737357
171236
912506
205702
360721
562845
591144
935229
793997
235339
410808
495217
934594
839972
196743
233991
369111
628697
360271
927045
343814
751293
739615
77522
665021
731183
443263
808451
86748
699385
795009
39737
419955
432474
875234
384383
131554
318450
725538
923175
282225
556797
137563
151546
668408
852506
970000
774625
244415
212949
436611
753517
293730
384227
46943
599068
664255
433615
264777
482798
591998
294721
243101
949829
500466
816018
97121
945662
32052
258829
152804
862892
376433
772696
935387
577832
725214
660527
353218
822762
318941
335352
751554
367528
711664
288114
358911
684087
843381
540748
439841
175323
538050
271444
889871
228555
588871
480184
921719
743806
706009
268399
24845
60338
858221
653150
639796
731962
182689
532890
554770
62032
968612
903613
105565
645371
424990
87269
916849
297748
408160
220164
792717
293522
361050
503339
583839
78747
566176
278404
328946
186971
109139
573138
857366
699618
122460
345366
865145
780925
662721
173838
252195
65255
477602
257774
948811
214062
470618
10916
122679
339393
116913
805539
12467
480160
353820
562314
670571
849060
824652
8028
619559
805093
478120
1323
773784
428517
248122
365206
952956
703436
750650
924807
520084
384221
323406
554240
293309
801940
279728
705138
865240
815895
371551
749464
439494
169866
279518
821245
681098
882584
703590
826026
295264
270133
972119
118469
995485
773045
652091
847682
147351
757641
557635
503043
143798
216198
126296
76833
242795
225505
565827
404376
811334
402221
999142
376000
95808
627635
962134
908875
544579
499271
426684
991412
542740
172940
264670
739209
337979
756621
268856
818011
675997
944191
304423
450894
554472
619022
473352
824268
718393
298983
260612
853085
136793
312640
943189
628542
128923
443580
298418
378593
547663
127206
127763
600814
515985
630497
226070
628361
367310
326948
383609
188507
877377
847557
234348
759505
737291
859951
539576
148800
874653
363210
526426
402690
713725
579357
97314
901312
582717
571654
934395
455003
277531
6735
252694
685861
473152
986613
68279
291351
752865
177822
771053
650577
733741
714601
353875
582667
623526
455064
749773
872852
942518
186447
773427
864085
909635
523529
829251
934563
868361
989900
765766
641613
710894
192328
937328
668117
926488
204607
234748
402073
720562
738914
353179
837161
251695
578304
113373
221287
854273
262589
130763
545299
462104
600610
715055
702151
406160
89191
977047
845472
699905
383700
846769
741681
42990
414710
378537
853809
405530
693621
657435
320792
730438
716993
468613
193547
367828
300029
339886
333072
65217
314777
984419
608698
75044
483775
634003
494621
906422
264373
6926
113309
134124
707712
435682
788039
551828
165662
900313
24795
562640
959462
320779
649302
431295
241049
60998
398538
200585
735452
322431
691578
390307
810967
735970
608906
387227
111530
207460
438586
736863
758241
867123
109003
415125
848267
103726
911141
63080
881091
606149
914882
564595
610372
762859
910192
920858
837901
856143
180798
189425
77898
571944
80675
15718
931016
845644
266477
596320
848774
322720
531078
695922
342271
421144
374146
610777
621856
744109
681317
111615
506111
365145
851103
634447
776474
491314
623620
661647
550380
574813
201699
320818
128939
168584
89868
13955
124779
439071
40573
826043
275318
75548
921988
110550
100383
498523
472044
296020
520216
788763
550236
266994
26649
74100
159766
382985
971605
923778
67683
383650
650298
455947
796820
184494
940959
155478
14353
654139
998895
496556
934496
28485
27189
23456
116672
661178
870456
742659
953284
739805
533824
493398
881069
339137
339741
389660
230644
422884
812569
452862
54118
74841
376263
130286
865960
986636
388553
564797
796340
850678
207686
829593
191795
702469
539
892501
635618
416718
11790
999934
615435
64924
945320
319171
305758
782920
877338
746746
576073
327477
977523
659754
247996
105613
14639
878374
387981
241409
430590
41841
230678
145585
49557
783762
259183
658537
896961
552282
470138
428887
495166
9596
456594
60585
131582
166675
849169
177045
485492
360385
705374
482409
433569
386095
377634
802514
370596
377530
766942
595589
774952
364674
538686
503971
648062
149220
795982
349300
203473
787785
844974
694733
414429
253524
220024
181669
895865
572965
27459
922576
85726
278864
335251
441807
214237
595220
145420
272199
442129
233719
99421
399147
256920
610932
313816
417317
432970
511418
468870
296968
996608
502198
889610
762862
840289
613298
584005
823063
896372
293678
834350
937439
929233
640810
69000
511130
517922
329121
331541
614370
676924
256287
905435
69569
953579
775436
959063
309853
639812
973314
783867
774232
116463
175056
218394
103660
558303
190089
930701
663703
336670
493951
150615
249887
457161
366802
200185
703294
585123
543089
104513
913739
537158
372142
295224
548285
537483
875119
530333
238151
911072
742872
224003
701819
371152
526740
187164
822575
127408
871454
647870
194832
62761
681135
715276
950714
761830
427082
721872
732429
776571
692386
754032
190720
347340
439931
823667
286851
712647
698594
641613
626006
509501
985489
614420
59849
31745
234198
600823
970460
640504
645292
376263
234589
754868
619685
801337
69185
619834
634056
536933
256849
775943
996301
706781
983909
873129
787558
206569
2517
132072
740723
24971
224299
330704
9329
988636
356632
315053
982786
556875
915000
460912
377828
992171
822294
972059
709541
81960
145700
77120
612847
890158
923960
322079
910455
651430
826401
757424
758277
146930
878120
454396
699144
284086
761824
237868
810259
9516
538186
386971
561365
842532
767689
147853
491788
735915
847633
273543
921193
748921
475659
863067
537327
902359
775109
382638
292165
938750
318449
503251
167537
368460
622338
117287
3958
517422
356755
514968
961704
305682
567044
3386
121506
313576
940911
410931
421838
47853
525275
599291
455912
529915
38231
373396
577117
206796
361390
804173
262736
698472
287287
365555
461436
82124
107452
653105
155632
439628
739584
367293
820978
173471
959173
569696
148056
305550
158406
287160
642684
535276
914027
905777
503748
583436
563992
709409
313015
430298
213629
312352
707743
764431
353020
955917
432961
349478
640952
763508
342939
195245
306051
846141
542332
214852
517802
409606
578243
209604
950006
341484
106599
596822
251487
977488
502057
615309
285144
844266
641911
564805
158533
616104
813883
860545
304386
106574
959166
799311
846244
960672
120783
244482
604256
386732
180911
731779
877164
713664
570719
466974
252094
467487
291725
829437
574801
872580
165919
470014
132440
321110
711605
556558
10139
952334
442362
80521
525694
995731
432032
443328
923716
160310
244536
561080
583658
806306
851998
355082
545087
824000
986363
882679
189974
309469
491509
520533
9589
356930
354942
761937
533924
255732
757826
13064
640095
871560
843010
333123
697042
890071
308938
438089
743763
466924
700042
321050
972219
71406
465476
275893
849463
517155
590839
845524
517962
947641
220974
440766
634081
370960
826659
613748
626945
403046
54080
143203
433328
949003
44825
281073
503942
663354
138075
60107
362143
983989
469210
620949
584885
777935
347881
621294
149000
478682
975331
643890
238610
625159
402253
612129
578091
914596
111388
350099
117380
249693
436442
508046
438150
332878
328600
917589
517729
330193
449795
839931
102812
567042
570419
799982
323462
309684
372122
904674
142694
985734
664645
857201
546125
278260
870585
673542
284577
551391
827195
620616
596669
480236
784512
735889
647490
284780
263444
933042
691260
635611
719247
740379
399075
958383
675063
458904
950648
746766
383527
474780
346517
994835
632062
345496
632447
924475
821469
650503
673619
400576
69492
177995
320958
901206
413086
999847
34253
823211
343017
610651
458909
787977
613424
545319
806581
998735
69066
514769
477036
282102
708141
994882
49407
261724
487378
44273
612612
655802
834530
801
506783
527530
685072
281783
979266
518757
621006
990899
73384
121257
657859
635273
959370
229383
720015
541818
384744
529364
8370
136725
568347
440431
16823
503318
168501
518246
36024
935770
774232
84124
589051
791752
46256
248754
663109
821961
679654
812054
215553
837497
512548
283763
491708
779503
419845
9343
971514
969615
655311
697665
818037
991288
683767
153619
83377
97488
242211
824553
705946
932525
525944
106371
36239
934547
561413
58746
614489
146621
68624
979488
607499
301895
305758
110887
138484
696251
192384
312747
822415
756708
28322
612684
430997
1766
612893
967257
290053
841307
733407
294571
466770
635644
718531
763145
131084
242807
441870
264306
484665
746090
262461
463206
596630
25325
52391
581801
203687
838409
277553
163076
872011
632874
10898
589273
295159
141627
28981
581215
712530
361317
522245
808373
173678
405500
952019
591581
61240
473957
534292
546834
636716
956634
299834
103711
465949
863426
684483
538076
325843
886212
833613
58773
116939
756514
156179
391960
515786
83156
788350
11251
194239
373392
685354
748233
682246
817408
852089
82923
600471
93535
141596
135269
615398
615775
647269
745195
710057
451643
747677
633722
345272
99658
397199
568642
361109
217545
621387
942746
593766
749929
519842
410391
636815
81339
681068
779231
72412
466729
774066
857675
119819
580025
307254
872275
169507
53719
950391
1835
264475
535426
481869
171321
937377
529621
506206
74415
993231
540490
479496
695748
824758
772891
517013
979170
311053
64716
982847
324509
45282
832570
798017
129907
202379
148723
693238
570721
730619
209301
469837
869849
258521
409419
599872
849033
639331
695616
591446
972630
580233
104308
335673
571557
457746
984221
532865
514867
530049
283502
214794
443143
632223
18843
63212
199316
297881
239621
736205
912519
799027
813594
687734
97666
179599
780165
411272
751654
729771
447743
312161
915591
663273
239050
77357
878077
559124
825577
783419
421859
364892
954307
254359
551622
492294
333075
354519
396721
345366
353779
782426
468348
643547
330755
254912
826621
486447
620176
866595
589571
400945
504944
855023
802706
569587
616090
701376
105174
232383
605570
143038
880785
347983
444268
374094
86424
358777
744512
228183
487740
822794
374163
153398
71047
971840
170048
942839
424763
201169
532309
328943
499723
544748
995447
793045
726418
153596
773513
873152
47402
449448
133268
847401
832763
247246
758495
889214
709790
756860
856814
126747
506118
16024
405391
645695
772234
460925
942370
534265
425605
927609
387148
270849
757538
987910
840953
11760
750787
535843
344734
226671
156196
269171
476606
164563
641690
376920
186809
161652
243119
934348
868112
73565
562049
585930
456143
308002
95380
34554
899447
240102
414795
123502
10740
262007
975712
860924
267367
83624
822417
559243
214737
83351
491364
708928
90803
553100
811760
105317
909320
822901
677232
427509
590622
122478
790449
876127
756204
201715
839930
811757
281836
984467
197899
374021
673419
860510
43802
682637
220609
861527
358173
365846
195889
783589
703407
870742
166127
132397
784369
490286
169128
237799
852761
734039
584008
869635
835990
228473
285662
768844
659522
185011
598357
467080
861743
904198
595182
851732
29356
693876
236759
720174
988247
542045
856891
586953
154646
647187
982108
517024
466486
71340
320213
354333
658611
821749
959829
202453
459041
553756
845818
548499
67664
509111
612991
304069
907588
649616
908050
559417
820613
52047
995349
121770
319034
747103
42275
945424
148964
617847
51765
267745
874222
130090
557333
419124
168580
326818
557886
366760
478544
316489
879983
504913
570471
302715
302595
747582
46293
367992
18617
983108
725252
216231
979052
826143
984275
137774
406529
112613
49908
75284
238767
822786
37021
368825
898417
994701
599080
918663
887923
420356
163748
300974
244237
225271
457367
786812
166315
779
881615
355228
122330
418497
629477
726993
245842
183415
617492
931438
763228
167307
634280
843267
619269
793596
854406
304866
37283
854313
474483
524036
673805
850312
312282
973428
105902
990464
916074
502835
266196
686818
111744
889618
861644
621580
857624
486865
310789
130861
380320
462433
632466
34243
692452
763308
323469
693217
341445
386120
826376
136525
500947
964279
480896
807995
333904
948318
875552
857563
175416
97520
226157
198695
466614
694131
192024
996511
514881
402424
262037
982940
192610
38272
274461
983694
425856
645635
227859
859830
338067
497753
830581
44517
478014
656296
959616
176468
32385
463552
722826
968647
250186
911296
489414
305053
322901
967675
311678
898982
70816
248120
973741
378267
104245
839928
105436
175886
395030
404697
492474
803433
795345
553252
246378
290346
72067
418688
87039
789460
943466
765370
281312
437214
573000
802937
961051
504334
197516
126199
45530
161920
518152
627188
914097
339073
666928
899536
401319
566992
474669
375471
308807
173354
710938
53179
777712
126524
757269
925587
57173
314322
970212
372652
981649
1290
628204
55738
738355
852703
827159
322785
874881
924278
768477
796940
737160
497563
969367
177029
73567
651641
717473
215648
900813
907719
835588
608356
365928
173551
492655
245953
276535
737341
460055
89389
868304
145912
64733
759499
680758
708572
165963
844142
208887
944320
290526
902429
533434
461997
592188
873392
231755
858626
575618
478798
250687
653370
297847
273081
122331
913545
76292
960403
103099
368179
124238
753719
303780
656301
223120
859397
292668
333762
727010
182709
914668
743252
513546
502134
826950
941510
765675
725074
612084
745646
952937
930053
396465
78927
170490
146219
328491
558355
523409
105660
929255
159532
69236
585556
174324
525275
351684
62537
900045
673323
828875
177639
729079
558630
691529
124763
809608
714013
127377
296745
98998
573203
463786
486862
1893
172452
970022
765050
766125
517866
982116
717380
597639
861865
241902
175488
301534
570925
41426
315748
78937
447279
508268
966108
187239
557930
93293
858277
725421
457636
589718
763114
873200
399246
177802
162988
680620
598460
450670
787934
668264
121075
645018
55842
533737
425863
279617
995654
375659
409505
686490
840368
62175
62717
22554
384613
350165
946061
20656
575972
838711
110464
658688
195799
656664
233534
344081
406525
712935
645053
366710
726316
678436
497002
90487
8124
721450
388766
684593
412517
397626
690865
629962
380131
128699
495584
168895
566158
206407
274726
468127
720724
626646
228192
462155
314628
527207
393809
731621
383565
889520
585634
323103
260004
638353
222364
522288
786803
692639
343562
831570
171860
732857
921999
401073
311411
420002
843971
88400
169330
618950
968613
559036
814417
434512
331030
659518
375597
528428
22306
251095
10216
85702
792685
100477
979324
777638
579985
168006
465772
500682
985563
362928
310330
354674
195849
738904
470314
614377
908626
642520
513868
525040
677792
908227
165346
300873
409447
627412
383871
36422
533697
239632
389287
552313
774891
58666
999575
10326
630555
552507
561591
921548
368927
162221
675503
602318
354215
253543
926194
694829
781239
185692
176276
298559
990323
759262
246091
315514
667670
345939
292958
809913
678420
361088
257092
240669
889871
560087
251073
784502
949689
26119
99025
703650
812495
727432
880487
935364
132751
101550
335592
709168
493031
715523
207618
295039
231953
415338
885971
837756
382365
25027
46366
289260
229452
980877
174530
412738
798264
340898
252967
119254
269746
729308
531668
977935
896864
136825
497963
663555
956226
499840
115032
147851
449044
587547
902489
752347
878830
514181
964515
992574
684094
954080
695429
34432
568363
443495
402985
265665
106073
751768
896558
128843
510598
274028
131210
451674
54117
414812
954394
56678
586642
547539
851487
785937
876990
422879
350227
734294
352830
456339
300461
530788
728085
139968
188629
390744
28846
122371
678554
831138
154738
430621
232025
330062
286394
850959
525506
173787
999212
166127
9752
295815
36618
557470
971563
298814
602374
429633
612984
326391
382500
87597
116183
732238
749622
220231
497050
659312
310895
937871
950896
871716
322203
632909
197599
125833
98942
665995
297531
792397
547539
994891
753054
353354
947082
876003
895017
434626
263293
790977
703949
876803
260124
919572
686166
283528
863673
228101
963381
137095
899369
711756
319223
13455
997402
24748
588834
254754
158160
563781
891624
653671
390466
263224
397696
418196
746415
696012
224146
937409
662088
946842
909710
88810
651056
765152
627748
286968
819815
642825
962725
231550
941005
112036
896944
261222
526721
215447
196856
956807
21223
440296
134341
56255
734651
870043
150377
183406
46679
712902
153617
120893
811146
911288
688575
450458
80408
759669
853109
850423
21454
660270
153475
31325
575094
16144
4754
750073
935976
562258
320890
663646
680552
247809
843857
741216
566762
358503
369011
177016
171920
395027
317512
769534
167046
679509
132488
477624
540352
766712
45427
253038
351555
959361
434962
731873
422587
670372
672064
47487
581992
549948
404940
318100
958715
85622
527805
474231
129811
907525
225682
922511
848616
460199
952010
676352
128894
47617
579741
198238
754443
484009
544827
250290
897269
782032
903610
103812
824009
292505
952248
315684
519402
320779
43006
447083
835226
360227
640688
483341
749464
812468
583634
933076
239328
504103
369115
294623
531502
888890
571559
251252
957161
604043
338564
418908
943981
694506
477181
172780
375164
702748
905593
54040
98433
886770
782766
842448
337467
980994
26225
836707
602750
535961
544793
400412
840978
394859
537228
585553
609300
470143
389390
95808
794444
17700
295760
48837
501050
357509
981666
786017
828069
169910
59979
292492
800106
33980
800575
191512
532147
31161
917767
723539
665220
808620
601845
219460
726929
766670
673580
704177
53808
955554
890747
9828
109624
339215
417747
975706
366154
357607
874869
714291
862762
378032
461125
659246
882813
580858
542990
162788
539894
489465
955646
260718
897271
855191
941687
187850
906180
735409
426311
841720
541960
791800
754551
538994
789390
206293
403300
132038
775712
544742
389031
667654
99192
863234
875753
783221
295794
74710
693516
529834
391945
11402
183639
211971
421709
903938
436912
674834
706800
958280
428745
200563
829757
311997
154708
917206
95503
463283
699555
990369
112012
108484
94541
451009
6519
6193
385624
109608
646227
175039
297654
731859
815113
225239
86305
503772
173272
248102
649091
143134
751989
950513
627799
243996
124196
208235
607585
151592
644587
716522
250569
668239
593880
333186
280595
346910
644304
18167
120662
502646
808539
388561
16342
564736
497464
528096
443034
782857
755069
109910
617182
395911
80422
985164
923214
437815
535894
123261
804218
755393
360009
653342
523654
722186
264649
921586
877973
600282
435415
978146
976793
37214
784142
903766
468526
939143
853882
977329
353496
336797
422358
881527
341437
302110
633639
703949
842241
66789
523099
366376
202335
425056
62496
873035
329683
935255
732027
641820
41517
785710
602735
55557
121938
93233
796941
742962
50980
89837
380344
42442
590302
278036
11284
49726
763114
393288
561937
45145
985862
240292
79949
948590
421019
988671
788157
69097
700713
495571
685902
460777
522510
472908
260648
521633
934279
100202
732412
746146
395329
572487
259310
989890
790602
999843
856664
336643
769731
481158
646750
514256
668290
722555
206519
168742
172699
949455
449949
926584
512714
453040
470596
882469
532187
633660
67987
806363
475739
261051
903958
655170
240384
118682
662393
411272
874278
816034
515283
81981
73560
280929
947572
983436
947716
155972
346293
322449
752552
37012
977228
740617
542202
143041
608845
536930
110293
947694
827852
93419
378515
733070
595886
252856
589175
192960
34222
503543
876146
682693
235870
379514
821921
199278
440873
784864
355296
246738
480797
898338
8092
497630
794342
60893
316810
506182
189356
373682
248526
323443
706920
40815
866171
940406
431061
808982
27120
635178
120225
62412
667235
949859
762066
311692
743191
240776
855484
231921
813205
104023
230002
212297
824544
599130
284821
52461
62390
116897
318498
499706
493203
59262
269784
923330
277001
300163
610053
508826
992344
298984
350523
322974
394242
320078
24613
597518
772240
917937
261052
478422
148649
577459
139145
491581
950173
880697
112093
819085
934853
538396
895563
325824
324943
205728
800950
709123
146806
382497
679047
523169
234007
903450
958079
743081
389417
586182
381103
72333
207348
405890
393630
659113
878933
35535
544949
111262
428624
584301
557853
412325
167620
808462
604001
618626
901430
34819
485851
745508
211367
469578
71277
128462
348706
915737
997597
428570
38926
198187
627042
170648
266560
949228
582275
12380
273343
974608
577414
789198
877115
306529
478371
301965
358402
554458
595925
773052
859285
655703
818326
719098
178204
263601
654184
526432
562228
669583
591118
150218
18205
421619
247986
613676
223464
233467
733527
902285
198428
523113
909083
157392
530950
13850
401694
661817
443070
558960
238331
507111
323490
417019
135506
328991
545968
817808
323431
833516
373595
594800
341315
136927
6571
779472
236930
363819
373667
738888
261993
187297
809414
531044
496253
730254
260350
865186
167613
394540
206135
935041
154422
952944
630645
80477
413390
442722
879895
139905
351192
647823
143076
402269
907777
47214
930424
550465
928265
375288
498974
65903
614281
737822
445095
857532
853042
601588
116238
343695
582997
858871
96072
679102
827163
792977
646191
820675
705786
576881
838319
109445
750764
541547
497630
436771
483897
50764
327372
749267
219417
458717
101433
322524
336537
159687
26652
711695
132204
388328
486040
675456
605072
592022
354249
637648
439094
373665
49379
515041
124552
888973
162658
437901
357902
740225
567988
641820
646824
86205
876213
746799
86201
420122
620756
11469
315474
200085
729769
77192
70034
626610
111389
156615
103404
987157
422398
130793
467988
802818
256983
692703
805871
476583
227482
781202
556079
884671
309635
500637
538150
731067
308955
838113
705904
907909
376142
612101
665279
869083
359085
863101
759103
225938
875386
747929
302889
111688
613936
776984
133507
756253
107921
395745
508435
493676
413630
3596
358541
884110
212163
896593
523277
211168
748198
796149
924839
912824
308945
91375
708866
258788
954760
889241
280102
6014
5409
485105
953943
480565
389140
147354
799016
960497
614059
535124
186449
753849
925751
551645
973205
942224
660391
295332
600807
730415
298917
176864
171984
482191
325915
747944
642002
193093
695142
632917
73604
733223
805575
525514
929126
678428
16347
429378
390189
212125
362799
949559
547416
974798
897363
105859
524050
72142
63923
614937
58985
195881
66350
699406
979219
722162
848610
485608
337339
669115
214742
557072
677050
310625
356166
952136
169110
296714
676892
618051
862830
503819
175522
394464
814315
677562
381956
52515
299890
812208
541900
525142
249901
726644
678218
750673
348422
447420
863582
468524
846828
451177
180101
50441
292416
306148
601053
152818
879480
781303
726206
321414
994800
34164
598328
205998
328799
32215
593724
602149
836124
265287
819050
195853
170908
650375
458275
82446
682337
257356
94491
865174
398840
933235
53729
985271
665575
484959
754985
428647
330209
420092
616297
46641
771657
687847
490900
198010
773000
424443
230993
905049
916917
743200
668068
583572
646078
618135
917293
142276
127646
221564
617964
877881
305139
428250
169122
691162
158723
244361
215963
917893
50362
282072
617500
906771
191919
719667
737257
431739
139160
354801
322152
776842
783230
594097
405385
896471
990775
685841
136240
726285
812395
674191
765582
905165
802549
59682
947712
794297
649044
776252
289302
691404
483795
133021
62174
943037
97219
536088
978754
413802
435899
37480
74557
280062
707541
305749
682596
723880
312708
371412
281757
473010
793054
798909
561843
65729
49785
924980
933988
770924
325083
841566
523437
1599
550543
201881
35598
303757
998204
890423
99170
507683
311410
97982
290339
366423
477145
92637
139807
118019
694077
693734
464130
551210
782230
588067
519456
876450
615870
465363
539780
106599
518957
856666
474832
107241
161317
744485
31939
44174
865827
768370
206974
820771
134131
684714
87817
506959
779006
518709
757419
757440
437116
15860
990940
85941
638282
947938
562370
244182
815022
109856
592660
351450
231371
816185
726489
469185
337043
901816
237762
749061
162137
654227
126124
194335
686238
148035
69638
601048
922882
398515
66221
864001
670221
578095
290476
662845
656087
176425
86111
951058
403252
812397
265041
259016
510037
211291
860335
583214
47375
521068
578032
300692
274108
162476
341576
709608
963587
735443
397201
894883
198144
99135
451194
119518
156872
877665
851068
366640
839773
701915
125916
293339
113673
913819
425992
993901
777005
135972
234864
893373
772385
267943
169811
372711
751355
423135
423833
949291
157076
464488
869580
464411
367965
38691
160879
511347
766977
290920
323799
690921
450370
454955
289742
255266
797997
302584
40701
633709
109424
190972
992982
659849
290088
567764
329247
694718
955989
714183
894017
197454
830356
474836
852828
744732
861711
764755
558899
703022
295887
875664
397066
911241
380009
486113
944401
944031
143387
697276
654320
788193
819851
580059
423058
457214
94716
177211
536285
251127
872685
933666
416882
138967
980813
592380
9371
420844
272015
22878
388729
229007
364318
200150
857376
696751
959407
427962
47327
945999
247147
950350
740634
39450
60932
734905
369441
802225
372498
799256
506541
977965
112439
698558
963928
662717
249352
603499
939894
323210
997242
530005
21433
865996
639359
474807
232602
281151
876157
239367
217895
348588
127761
953149
957529
426741
447025
869315
131003
207860
50257
375610
655044
526282
590020
20701
937962
332695
776984
355325
567575
944380
476695
325786
340614
675845
823067
211893
28783
194517
400109
283426
911
898193
269747
993290
793149
42946
113875
618633
454337
212949
236034
544516
715381
88251
958796
66671
804943
714219
584627
826952
234449
94272
245616
19991
413343
872485
392803
535223
770573
689401
507508
851244
97218
667955
136795
757437
211769
9419
764560
363777
290867
463483
76323
224240
49354
274872
395731
483166
240513
856070
238680
790713
790226
749237
294829
820824
836097
500647
6085
64907
189451
308983
162518
812495
723820
125168
251509
790765
916242
248785
603660
890479
166729
689035
968694
888420
496508
339843
666169
806965
179230
968341
994518
491823
324576
613881
96188
384383
36284
317513
505047
99453
238826
583103
784796
731155
447846
682550
501368
994053
268609
120618
470123
150528
351226
765286
447306
512638
971484
604399
827664
170792
306461
393961
541013
328255
425795
65447
113408
138170
41635
75225
993458
141102
47969
144135
489555
108386
78021
684799
551055
424342
883210
662981
176338
669995
913853
440198
924025
44537
569020
502443
399806
479368
172120
436351
420613
53646
105119
858805
652317
515831
914185
413535
888532
466337
129813
365444
351880
281431
556535
539807
77867
661938
919734
533274
317141
563554
588690
646293
784083
713369
384887
63287
30732
335130
182019
520454
484551
135516
54246
982776
351217
714725
63915
280775
39897
127694
358754
916903
597202
597138
118446
458824
95034
780445
662724
13797
1296
954146
38632
397460
154450
61129
450739
67441
392195
607861
255899
888711
59839
300126
296701
703083
909492
183303
502477
739259
557296
914067
147780
904103
224408
988575
535177
931831
993838
731249
948252
396425
705399
792382
111325
19861
633060
640908
174905
285031
28039
741634
765137
984146
444312
43601
313598
775527
473310
823597
941960
517349
772821
679945
207224
937411
614039
784712
942835
361410
415842
315991
17905
671419
578567
788621
520715
900793
287223
788813
495899
550200
512039
497283
567065
175083
805044
30932
540123
452834
486308
665755
25901
865967
994398
195622
49277
388852
514317
517815
683915
289936
818700
627213
401231
731355
838843
254590
374957
396041
501170
281557
194245
263845
57914
26309
249441
945352
832339
308519
513457
457895
241976
206310
793643
56918
996367
301646
193824
239027
222602
859356
728627
743732
803574
482188
946979
867853
319630
327254
270068
587488
449582
564338
519776
212570
296913
223724
850923
256679
445174
177324
452598
199510
110649
855945
144374
288881
660086
289247
599959
466798
166031
547514
270984
668156
385154
581517
144214
469078
288996
57204
282933
433543
228644
909216
628445
215952
636392
486283
596014
636079
731785
128312
925017
479308
727916
116017
503359
344278
104290
525135
389653
247945
811988
614337
919001
364458
545176
981084
404260
21068
377353
851338
10906
19860
671196
493809
897064
801843
407294
497016
180509
489176
856398
467898
841560
861900
347134
65681
762959
447200
196868
746146
669556
166709
438399
276559
255366
392883
332418
333307
515530
479358
621914
506590
247564
342290
5952
700713
544276
348121
937639
964079
721592
381359
389849
491880
598362
829259
963332
577179
519456
426696
209667
464118
37022
154755
168365
843456
280592
950292
237545
926005
953645
809165
149643
537892
56051
247795
609724
954292
467588
632711
536249
403184
401557
519226
818718
26043
225251
332300
56590
505049
318500
120495
413800
999266
678246
884721
786250
605123
869476
214669
878077
170272
277449
95447
50358
333349
604802
563538
42958
703826
11559
436244
117329
872329
822444
972889
811052
569795
778561
199425
667909
298185
246938
934475
820082
819676
707378
648933
890989
768730
46644
624092
547757
753415
351119
598328
620931
356691
423158
802106
380063
86140
984604
777697
648218
96185
449666
840923
810610
634044
958439
658765
297072
113974
329130
989623
17595
698633
354881
263458
918637
607566
87417
133729
476940
910037
706158
750623
229512
851316
675254
672905
796711
694980
441882
941298
331176
643665
71885
47742
502923
639094
816877
38423
271299
775529
663144
610636
645006
114786
795760
320444
162198
438379
74718
926193
167961
426428
528554
348606
360935
974898
721696
383453
771989
825617
745979
60781
784210
604801
855537
692539
962693
290525
59227
363389
812578
558990
162489
448274
522649
203877
9671
198524
152469
876152
838992
15183
558124
722461
631647
516905
333051
161113
309295
713294
537470
534617
694256
624702
4304
65249
220670
688261
135141
166406
209212
654865
216413
241730
563121
438332
948885
776056
53515
615207
52258
882954
537278
643689
876727
190032
967568
324877
686337
880211
949392
950298
596983
244733
885815
835692
514367
29199
190289
929871
102393
714599
584615
588738
822094
671737
101047
926844
34521
785893
474136
481756
344380
167971
630748
316348
767381
826931
919762
871710
255162
270623
886624
90536
562482
567329
951179
686101
479723
67434
585502
708110
983246
321638
674593
266875
432709
485478
613009
402206
844868
255550
354512
879353
278114
869849
813352
262330
856101
596690
733721
771489
697603
909239
406513
120102
975164
516656
365180
708789
859508
142089
93635
265039
248488
898042
967142
879057
297679
829333
622690
727402
69349
536532
590687
791118
231435
309152
653379
652397
414006
532688
418821
960304
211801
413562
138021
782924
284146
72287
419632
6193
295049
407526
488387
71924
562922
924473
292001
261604
51469
838663
351881
155316
282124
142623
496061
777543
922764
964703
638727
939587
877482
607332
238534
668164
178266
708376
5785
799844
868749
289918
618564
756528
796794
207418
384773
32726
678254
464616
805442
701551
528247
576834
495633
313450
355615
752552
732805
847954
238485
383961
749992
338736
492151
45125
893119
506408
74936
462735
823633
246700
584591
203718
184859
613819
413619
184778
395595
656199
544438
918501
386000
396821
974953
784270
727773
236620
487019
383311
787417
78821
934433
433401
19465
362920
158555
201088
285397
185740
192721
78275
180319
960418
272789
498169
552330
149909
274288
291862
481492
775675
282659
933566
218673
307975
997748
829799
539367
396826
193085
650512
52400
290760
626006
50827
309374
976917
555497
345424
914986
882438
687895
834887
133058
203962
271156
365757
187129
661926
264400
214148
395026
239139
489431
291760
167547
174235
206796
886969
183492
596404
103151
367491
543613
198144
132860
99065
297834
757700
866302
673700
527658
997214
659824
508599
731023
725709
239940
104519
946807
349221
371733
904214
452516
776928
220478
209680
692149
704603
552177
753991
939450
904275
499352
604622
897107
573855
177660
458656
671273
701703
699659
229545
583675
452737
477405
64083
913552
842363
533356
743105
235720
408282
686158
521042
563273
154410
704412
801172
685524
767136
88909
27327
350448
495716
294842
509319
941975
950341
510960
506713
18455
927531
869745
552211
306962
960652
475162
181746
979118
7521
750374
491869
483998
864701
64567
61491
50327
299325
376566
742962
513186
547908
661306
93342
704149
3789
626952
998398
50180
474715
81197
204212
813845
344393
698537
610917
691560
657277
822548
618480
262946
38925
586444
491868
529299
461436
35789
345307
158753
145092
207255
287790
424783
314597
644909
62829
83629
774097
186739
42251
137135
543573
628693
611198
263528
613987
149094
276860
710158
927707
758559
13282
426798
76420
497113
367597
610654
663111
315363
659546
203349
619564
79767
477936
99169
795466
699118
870309
731501
828030
764808
88441
963519
702937
812578
553360
557463
892723
482092
276282
504131
345719
33818
713041
158839
715671
57671
971582
778873
777895
617594
124695
402274
882091
788917
542940
512936
847798
778373
449101
522169
518395
738886
699472
163949
74778
430313
344942
982290
133507
331391
320056
459140
879552
313316
602825
409552
726042
373960
227278
826042
905107
81522
493509
63165
13947
975945
919339
876751
35809
128885
714712
351828
353888
292311
766520
319119
991876
474315
559009
45319
674253
408117
753139
113106
550134
773430
790619
943675
525196
840113
76491
211714
557818
826747
526571
904805
863654
635330
724706
445717
493452
884960
975828
990339
28896
228173
606929
3159
898053
663645
914466
794164
424656
965265
779050
895634
897253
591953
406413
582427
984609
249464
442627
698616
946577
765080
927457
369450
27479
500806
507676
450094
668319
431202
759295
981631
833991
436545
743332
765586
938642
224112
462987
135955
2658
232168
688833
160488
816533
824464
631039
172840
835935
294589
81710
341927
33562
265270
641727
102296
91602
390044
407452
212309
618848
330509
349557
135269
624740
426204
159661
644784
4764
982773
269089
328246
718331
949429
376091
738669
426717
73992
346521
855941
236366
81257
712040
664259
476365
683574
935307
116114
373019
232831
362195
730550
240158
780217
312583
134832
208201
276390
750032
270212
649569
631418
552975
392367
673770
553207
786587
151044
5427
53577
619612
414837
848930
94290
97682
797574
770017
829317
26796
350295
981471
861308
728965
175580
336705
328295
577829
557269
417352
896006
337507
924095
703456
889872
648352
833320
985097
331616
716704
781873
436149
884070
281998
572410
774689
295209
368114
540517
652316
535389
11938
772596
186976
586832
402717
443730
342313
71036
527434
109140
496636
568724
948843
139589
768597
22703
731803
538412
630583
490986
865001
415814
819376
430308
976630
539755
4591
790001
269036
486477
823541
97722
823235
243867
115429
236200
913457
813193
790328
850833
335439
547697
445139
121506
788995
353938
238947
910241
686831
574479
933708
761537
154160
613223
568683
945682
686181
302226
501934
292854
685814
635869
333070
499113
365163
277019
685869
36641
917462
318359
693919
411010
133270
871930
9469
944202
753493
544162
142417
30453
482395
257604
378277
255498
135123
770674
267864
278744
213240
622168
363650
32419
23542
519313
529793
821005
981358
393072
818911
145330
500038
984552
220225
484233
331908
668126
505765
829406
172166
954105
236674
262563
557269
116164
702455
125392
611073
143647
32002
747746
831120
325717
416601
873877
253167
639799
648411
65339
450236
68584
913870
422337
364917
927167
662982
78509
386831
764708
482935
39380
759829
674537
179570
347558
672139
463879
206707
287324
284072
961239
854773
441975
28689
731111
908676
995113
796559
113106
929374
860030
279747
123970
765312
475046
90408
814561
393955
430509
941052
206919
973905
737293
639772
259747
755157
635065
656046
818193
574300
665413
481012
218478
63333
373028
988822
974732
336378
765321
940079
584734
692484
207684
341382
584560
571823
22344
412384
278520
118217
502261
582445
384281
952745
492671
550048
851733
880547
614132
482508
411647
810848
840725
915748
510902
653419
333671
342251
918009
404409
690325
476774
801331
673781
626125
345132
640368
799854
662397
500804
124868
691261
131665
812149
270319
370193
636904
873267
783276
276985
707006
297313
435526
690857
362895
619529
163861
356075
7973
389893
811738
27030
724641
972690
959889
878649
41011
725224
698345
642053
864405
914409
889514
563364
514436
376082
703030
627281
865545
500638
916621
260671
831301
474157
821433
960545
736945
379694
413269
829750
312021
657918
559912
603911
861652
279294
416853
39766
113539
162971
994891
253403
567290
385703
800978
354055
934439
722258
683847
218214
588815
421757
430731
374624
193828
855446
537299
264499
142912
982913
326340
87782
393457
962677
687925
257662
910318
957322
435204
113983
773297
542869
443110
385499
51449
653359
406631
724093
233004
489175
749028
478396
796070
687724
147988
361846
153219
431405
717183
46879
658759
137056
124744
535306
704756
259466
634455
796331
834036
1861
249438
626213
654158
557003
238332
186366
573577
32595
277827
41965
178433
612483
312278
231334
205059
826683
545600
843501
785171
284603
889322
547092
534179
84712
897149
358869
342669
600111
852729
239611
273747
881857
308832
591070
743772
126941
175292
247485
295459
892039
781970
484977
161130
889905
951640
126736
526695
585736
328060
446860
995383
902271
611989
107751
472347
551756
828053
959147
258365
863661
152035
952193
878035
802824
488446
236249
869774
30352
742854
238381
534933
343222
491639
155177
114794
413616
915911
850670
898890
426865
673227
194927
514976
107342
523753
345688
870848
449937
938283
404037
532333
446272
728750
540071
874573
112325
793851
362229
273873
428620
60034
46002
33249
296854
366993
407161
416588
495898
419178
687517
559562
205427
681196
992470
171007
976365
335989
246987
989191
998335
208499
949072
844938
584297
355409
146603
883627
1861
180415
497712
440875
560348
550209
133611
378937
469249
877234
243386
657379
445384
979904
977910
944471
746494
625990
657469
143106
962041
942891
697546
992769
147917
9462
260737
288546
668044
677410
380724
146773
695202
308582
664022
62591
713956
239262
296175
52863
181227
230993
803569
973194
41276
211054
310119
308809
924399
834351
664147
466000
819305
119416
639578
324237
541758
144305
813270
619757
807370
814171
768868
439256
426368
345754
401277
24523
958538
512408
271145
25842
85820
540444
160487
690489
334689
699959
589170
398574
279255
994561
462376
453125
336528
934533
514419
311777
963924
126773
287784
917868
335287
445504
149135
315517
367356
614333
562977
29509
993302
544383
445201
367480
388597
481057
642321
412503
210354
264804
721190
287354
356803
689480
729919
772234
221671
374281
944100
547663
78147
76294
598633
406838
382604
37582
617701
911073
75315
255150
547745
948932
251412
632183
960083
604882
618727
632466
730230
774034
781712
530636
300461
614567
55886
101527
976055
442631
141960
495410
253338
896131
698853
938168
415144
145121
423160
67465
275972
151394
50302
993742
391057
530868
170478
80289
837943
530131
913263
95356
357875
48463
722418
879953
302500
995634
266636
469250
484193
777701
489650
246438
880158
126522
995316
113989
517484
704495
29377
361399
351398
550362
1545
845677
508843
41789
718602
190796
67339
530884
626081
596875
647206
194044
535495
807150
183385
113657
867805
497809
206749
232163
147361
786186
735341
698195
207967
335124
189578
952872
606336
328939
572884
982456
162075
361190
605412
212294
34142
169796
659090
425795
559748
14481
351760
856635
870344
894074
174658
730447
169697
945085
947227
33427
548460
9508
227535
867728
525408
378475
93922
572916
312739
821729
359139
514667
748758
331157
37799
8178
328934
30253
519901
687801
841336
208181
681838
850438
704281
868424
218584
128199
60161
49009
397159
540769
790408
596793
620383
347587
405911
334236
933293
783692
325480
399247
946497
707037
877869
556789
127780
496556
747189
447257
219531
961546
587403
473977
184128
169150
947641
622335
223873
523133
176879
840036
569180
236005
271696
397300
644203
248345
404757
453005
364722
860551
574308
34336
906559
444409
597501
624601
166733
190311
241525
882513
695400
266988
364438
695360
570726
927366
480515
963579
670557
343747
191167
445611
961491
783170
572338
853408
617179
808211
306092
614499
981959
683322
792726
330024
794498
788463
873154
379016
312332
211931
752792
488669
151246
55857
735365
992047
40418
463094
720779
528297
304239
334549
515526
426676
662001
879036
733923
279820
150854
778733
781429
275090
38893
780184
149602
407201
241538
233709
765574
750499
558421
648913
494971
113823
502981
735369
770735
680212
178509
673327
493297
222671
294246
65430
730728
89744
341931
972019
169358
642936
566003
71314
131078
410914
320372
901482
728140
955190
490498
462730
822951
999751
407420
929118
498286
962264
12150
429556
370961
806357
42983
906543
579550
315383
393848
703507
122258
850576
555656
314620
423618
76233
173783
516467
980130
919072
656061
580815
2106
953596
918537
623829
774472
734586
781150
794930
791454
383357
875442
678987
441006
709301
503109
293587
437019
846851
778779
360069
267458
17572
85870
160377
565244
985627
696368
497953
902692
333411
103017
686004
357610
247594
168959
685957
473246
315713
938114
298741
349785
314620
658651
212588
206130
237545
810511
934845
142879
894231
338732
70599
639323
766476
866140
191193
10395
331202
746002
378853
182199
9849
221259
438715
661295
473773
79477
77708
901515
426723
195552
892290
442031
623230
968641
523546
678171
487410
740461
331249
859766
325848
788746
95738
719383
661641
484342
775061
414903
809818
906869
154916
206464
381033
870388
202020
995961
363414
570900
165057
423426
655390
65541
132628
353343
972629
801405
824099
11765
128113
603626
236009
767197
382903
442921
888973
274934
90985
111894
575274
252168
726862
681278
744533
69610
217887
278105
780518
148736
615606
256441
287701
536634
360300
224112
272017
707734
316040
439949
763428
66314
341053
463207
211824
263263
300528
572191
831629
536750
489255
799027
343100
225737
260615
5415
654401
287712
748587
848365
603518
445963
214374
623004
38178
930918
21894
551137
966803
960997
256667
234131
483568
252486
379532
286607
381743
864839
254835
617807
794237
533378
128285
389820
408673
421414
661853
434425
599657
754910
206280
489981
351270
550971
545301
257531
15482
40553
503612
846549
171572
863564
622741
314893
790283
411216
684245
632224
261671
280621
60965
229852
315631
83831
40759
362163
922527
145131
84539
543698
468807
532173
281130
675598
418101
731583
649765
796298
42401
646059
849617
560977
859591
328486
642668
399629
803797
272211
720242
79297
904869
275421
876318
902166
463157
774649
843330
631323
495885
237320
909404
689237
57998
418574
547841
311249
614678
434383
759502
109275
220305
836553
222408
869530
92192
940562
461393
536359
361038
617736
546676
463106
675714
555202
838381
998626
245372
977536
287810
760374
761822
153995
299632
151429
783510
790211
879039
646219
492679
66016
207542
852899
772671
93101
746417
607521
731245
163198
522880
649277
990002
57085
238986
487967
5478
743530
329504
607135
816972
192770
705683
866453
682256
738558
162832
847856
798964
397880
175458
555420
944436
127763
521432
668144
677010
953862
759369
812126
944052
932578
628866
855780
135559
306245
61971
998242
65124
805427
203184
723088
581677
317939
408408
995349
47110
519994
157829
802976
551103
47830
315456
14306
910384
193055
744707
500765
828931
389481
638530
518529
250462
217593
520291
724122
511
725622
387740
998626
562233
520545
696577
328981
271052
689224
868473
832547
519225
365369
540998
509525
271278
289603
424938
352878
88094
906958
224625
286173
87761
265274
579309
168647
125204
265477
837684
587369
775487
984395
12383
342808
542502
740712
324362
321595
503278
575819
210787
831542
684179
897976
985720
509315
100647
717401
403852
101808
748485
790448
740917
264804
65717
18474
900816
205975
987352
655411
264910
997241
859353
560778
54406
303820
84643
160500
981713
390324
323894
741778
818542
220303
195219
924007
660587
820575
421006
844234
567241
890999
223744
51448
486828
591867
680848
399151
492200
533251
175258
341709
807998
809212
179461
750007
794807
163538
645679
191758
187782
473757
239440
907034
775776
598995
908301
973596
223057
824758
55118
314215
408177
121964
699555
275694
84055
578495
761402
632133
281198
343166
752316
187229
395138
734230
781501
576849
583293
875908
150869
791024
714508
340177
817415
211715
973253
841586
582120
440688
859013
575867
26733
834207
480686
642352
537928
881954
614851
593635
943236
282095
313274
514417
643264
390190
396777
597025
421913
935648
539256
125186
510148
136708
752764
245101
363476
29361
507622
760525
648454
866413
116255
659302
404535
355411
945224
510211
431941
417753
507944
348972
171214
954651
55261
169809
678449
702990
840117
301657
127972
607484
728997
996075
998876
983734
781433
856421
142792
479311
98980
201787
496020
987370
155384
22771
231045
145769
601775
135889
521062
379869
551333
981080
430186
799828
852217
499062
578357
625615
830687
127723
632207
285062
897173
360094
637055
288713
956567
914596
815548
546217
303850
840337
850158
660058
346277
934512
937385
213710
489987
133595
574082
359510
223947
627797
977262
689497
958258
540379
392043
347690
35103
130232
586737
851103
778318
815428
511718
729705
634812
898567
918076
113587
539557
817800
255619
165963
954261
178749
456409
660132
929255
973717
241538
514891
283679
2639
86367
801187
953135
708613
609599
846721
617866
854011
983100
895988
953879
287305
926700
404717
729420
320732
405586
519185
1150
104641
696185
764100
710841
266620
791938
367932
928112
430309
415297
402208
811039
286415
892759
48201
364591
507327
114755
90386
646286
969860
777491
690330
115874
536880
507803
154475
305982
553509
129488
438868
46976
756850
412911
93308
960118
24546
648405
98567
929084
741646
665616
878228
608698
814370
345195
935431
49555
471051
399916
9279
388748
335124
108565
24956
382361
394722
238365
584999
621527
542050
114946
4924
81754
419576
956651
657561
706052
263316
565517
151762
14577
257485
108420
206001
709961
831090
196462
661756
336604
618869
911952
777997
445514
129172
970549
821584
562541
516672
181925
947523
31332
817594
572716
145585
983744
747059
812585
42634
357063
509965
661172
67889
478232
355232
619400
622745
544911
402265
471185
240284
493466
811691
509037
889688
849483
291481
930238
867223
311415
682183
714983
613479
580156
184621
281081
854000
656994
195397
788637
650892
566023
585256
600100
317115
34342
382638
306887
328758
328946
751433
229877
157200
667712
169523
802315
702957
856720
632161
867378
22828
489720
770721
432250
499523
39094
211244
53284
73544
939868
77364
35535
731071
222542
729455
988694
471615
825280
609016
571973
805060
860182
507286
652932
912846
16668
171359
370535
574670
646304
451761
455484
255899
321010
49369
928782
774673
627092
921633
729361
325857
167824
52079
429302
439132
498601
162964
796630
414373
468145
161888
536961
118870
614302
279157
245611
249090
710288
57224
541084
624850
631053
299000
722572
680857
858874
344322
144094
565365
83529
255661
413810
441727
275014
67196
115073
399846
784915
410201
983376
395757
32686
970746
265147
174846
184559
292411
403504
708571
859155
553595
413750
39522
687988
395006
130886
274056
545752
565935
304422
163954
583895
916783
866005
283806
62638
75218
547573
107358
475574
122460
375071
388145
516776
856528
521884
892034
168334
335989
106297
761447
384091
354852
539308
804770
255983
785333
107297
842979
798113
144191
616436
839763
183016
657499
318133
874887
97075
936931
70705
679646
991176
196812
587583
627299
146034
776635
517201
152682
989758
392975
763867
25518
177666
551145
253167
705194
346573
143046
685358
562865
953428
506959
197797
446340
718426
684107
655788
644923
25574
751123
767130
900004
274513
987654
796941
640669
54182
578478
331009
348081
968014
53808
367662
222956
226785
29377
582414
66908
955098
226020
477764
785729
389255
347773
309719
719629
484926
23983
321775
995683
757842
19236
111075
261250
954278
358671
779390
457357
189940
976793
529428
293297
3538
916932
141809
589683
656393
268730
801382
737838
551663
161155
644448
740483
458257
42855
331195
729260
234640
142500
941155
577015
620878
469911
557869
523086
644033
535871
198556
322018
345130
678285
90593
415889
527862
593827
269391
446524
681884
697914
309908
496184
123159
514289
421598
610014
327467
661712
810733
901212
966878
996433
377775
902739
782852
277753
784471
854270
583927
694837
439942
245508
607183
176576
413056
161741
332466
943344
10110
225012
230397
202384
343393
760249
431867
630123
242365
473224
671108
808662
307160
202957
438889
859049
91624
335169
326676
183488
349623
349165
865314
547818
365929
723277
508396
630827
173637
259744
755620
749414
645817
643205
869355
356365
487882
760407
300258
66305
117163
736090
705701
236729
165403
50550
942208
47065
865282
593360
367581
768062
103695
449987
5043
238490
198062
539115
759802
95403
465666
491930
195407
61948
52654
679121
304047
940897
20285
421009
124069
693906
73655
421932
548922
860461
741170
606743
20129
415491
87776
888672
68004
308198
55159
284259
392263
734410
602917
995480
186763
935262
107041
158034
176600
987661
860521
55225
421929
490890
577175
850248
345639
117231
735978
149758
51430
713182
683920
844400
83796
647204
709126
593215
318226
446993
850061
177918
397749
392195
966294
192792
886272
74369
211947
786610
741258
272045
110746
123021
736920
234885
266577
428833
433711
187387
657761
485387
848183
1046
851980
124835
17648
589824
152739
46165
681231
959144
531494
447731
203515
277253
729292
265419
890539
365879
496955
653042
936225
343109
192684
385734
12698
997144
718075
57656
757690
587909
978017
151111
679789
920745
303364
267663
996348
230842
11291
823661
623392
921652
117915
961800
633550
869784
458429
549384
674308
812693
726618
281783
484898
869355
739041
103431
172367
523987
781582
591274
540219
658922
7129
509458
573844
625309
730750
180045
418274
596072
942140
148596
683000
387922
641590
24391
467561
61259
625989
966300
544687
242359
161050
208202
167893
6329
855701
901965
265074
142258
580948
997160
412980
36945
756664
561312
10886
102819
712903
917834
407629
889488
274100
5458
537420
777784
828463
108754
837252
215940
795265
404728
474328
984835
699188
144069
673570
442937
511859
546116
764473
360375
485093
436647
694235
249
759580
51374
228523
955133
53292
957574
448633
240386
781237
798440
518380
611306
228781
870201
657667
995313
627206
435216
283437
530183
535942
839365
891327
109457
388756
672124
538464
968962
278045
482954
906493
193226
285595
971712
122108
640
38187
991073
77905
143216
912132
410075
390627
2700
315027
120661
696171
805576
372282
588295
195485
210948
253930
181647
448522
259342
473365
227896
940299
335130
653491
310302
231650
147443
993696
802052
919728
471284
1151
855635
266959
80390
842037
271717
811940
954329
978921
578550
510029
779115
903454
440505
177499
336141
120362
988783
365446
107265
429295
171108
309538
254238
274044
329104
954203
136434
403037
639794
723453
351807
756399
678373
761331
549720
878626
203325
833563
521803
104918
925234
340883
646296
907300
238803
564402
429449
627849
674788
576709
736690
355621
677242
578854
59907
849993
634446
74
71839
24186
528770
418290
467261
15468
254996
900776
204080
936255
649913
902981
496629
418458
503424
108642
324074
376368
208348
165543
524437
352608
166876
73278
134343
398752
789937
336103
138124
342515
981678
238646
621183
536327
542097
893832
908861
560423
395240
632079
821194
554375
103333
4611
252886
102633
687739
988283
284384
789061
987877
710004
425571
407573
339867
231742
286790
837335
632491
118648
178251
539195
424243
562552
341961
396445
87521
732211
767222
156153
584205
427956
495421
634965
948628
727936
7854
158000
283416
304077
694768
192894
697516
403817
917652
39019
206654
849153
323652
129399
459325
860636
33185
501702
536364
456901
969735
638267
487031
282601
556798
149000
898772
843867
93880
406361
516562
327058
814801
354358
650333
265214
309625
714930
653796
432424
413199
147452
630412
229018
793160
921974
702016
656659
26094
326869
125815
462819
46541
127145
419070
711876
894864
966757
582312
589431
507551
905288
93218
191011
43411
757145
523224
110555
128406
685280
677937
618914
485038
439181
444025
453684
710109
617939
251155
624947
816444
959
838035
795692
88388
597440
937169
540035
172756
28892
144511
290514
537407
927334
779388
846787
79399
639083
892530
150197
976169
801905
597291
313503
192107
153447
84429
966053
865771
751994
685887
1667
222323
841294
640441
194348
179163
4920
288496
446877
448104
867052
426851
634706
786302
89457
539494
90260
41428
409311
114859
58133
982880
657398
50247
402411
953594
609918
745352
558748
114834
18749
703072
961420
414508
672819
516580
37002
606112
328318
568845
985032
931006
251278
238248
150912
346601
368349
890347
509559
183715
487829
490324
204795
177720
404847
405211
373461
4771
355990
352203
557460
138262
6653
957839
362897
488668
187700
826388
737701
401114
154790
515721
195339
798883
618461
314438
893732
153303
100318
288126
279889
643473
156449
131585
45318
788176
654062
847204
255816
421604
71075
496201
504817
802666
493956
573138
894529
284904
208558
273066
458004
28522
900133
207359
831944
524008
481326
701634
453094
933211
876397
80286
397238
813217
248456
937039
780107
321826
544362
887462
419579
803988
238557
714553
428147
564262
501612
500473
711782
588039
862775
91714
975078
301357
940987
477678
119099
749874
508912
920309
476725
138370
337726
64372
562438
993322
132921
221820
425705
361516
509356
677500
705780
340683
977254
551486
780489
234201
730550
189966
930972
568191
186740
491829
266029
532508
930909
102738
287765
750956
297929
463725
448369
474568
829710
845838
764395
272436
572522
893865
112707
797492
54431
609158
508600
309536
752781
469340
675822
200037
528878
109943
687343
13361
108353
420534
219179
896842
78849
7395
581655
755364
738403
948215
580428
774355
763265
771817
508605
799808
594291
586696
969556
402217
121882
862358
645538
246370
125714
472695
67987
31
165252
509288
925341
627751
646660
505852
253471
24444
543492
670587
518105
149391
45345
44404
618192
66849
541310
714332
923807
829022
438606
477421
240850
163276
229431
271951
295527
708782
934505
158557
346572
195108
366356
896905
843146
101971
888712
815266
930986
452327
208739
387948
106927
285707
74321
313180
142653
9607
173613
799431
164566
22265
297652
992116
620096
8553
998672
659731
673890
222231
168931
771454
431179
856658
828290
511964
462760
786711
644564
81356
48356
691317
524602
452364
602704
245575
389143
347718
538586
794141
99911
606739
867626
553164
631869
172214
866061
885959
515714
273623
493583
478432
56323
257744
490464
650966
475065
310620
641870
806365
945591
449319
814352
907560
168108
552703
822813
502324
881317
667403
714986
289229
339343
481555
905759
139624
959543
994378
603231
785030
424316
711520
575259
122423
570557
290327
648142
251462
387983
629412
839418
326124
316934
544878
928403
450722
602550
395347
94506
527539
13371
468707
11289
853421
830413
537453
655147
249955
242649
265982
678681
517765
222388
218320
458875
46652
627375
908720
716022
924784
460903
579133
808083
897054
532156
931915
659142
186877
274271
90577
545585
523469
310660
850601
872534
984537
13365
301968
376276
952296
433524
794024
791497
54630
262495
565019
999072
365195
280923
544057
738860
431265
47683
181682
709990
124241
236209
469365
937738
828579
23101
896352
212504
512972
737846
9124
880041
471966
566044
238873
795269
45476
527967
764114
89368
102589
959008
523814
527321
882403
6227
734112
461156
302859
112276
682583
642955
3783
430377
757615
799202
32995
678979
232206
681084
802875
268971
861308
390160
889933
89209
867151
980739
656420
341869
555789
877508
314203
