74486
837780
104389
539649
234020
459955
690686
819228
618567
196790
882412
696570
388919
655929
546848
459426
605397
349537
782265
48765
873903
79094
586888
286069
620854
176305
837026
157903
207435
689102
336384
94787
261562
833350
211963
185336
165278
539507
139543
406795
374004
562802
372814
420897
658224
942957
309432
823761
610133
689304
621677
879951
995810
474691
694558
934242
346078
292434
386361
554955
891263
936594
459286
762472
318736
974410
780450
2406
48344
429282
954296
535557
412210
268229
254276
703980
476814
749100
457276
938172
807550
404589
883640
588046
667348
675630
694787
360026
155219
376687
416389
468753
84748
783638
43184
940083
903821
2235
260505
181131
82984
962648
402909
755283
369378
989833
873537
707944
236327
790956
952912
622992
378939
248383
953425
899796
128587
511218
528493
998230
440553
371075
302138
438051
542296
193932
803973
355976
317632
847085
155481
290644
51709
499622
940450
475841
299642
477212
272990
119656
421787
161336
476565
362760
339694
413657
571256
561826
3510
136148
995449
939938
504283
224094
40796
729981
515454
861689
70403
281998
853086
982850
67775
537504
679381
821649
556915
312163
263255
906002
278367
575021
327087
672555
567555
206768
696548
300115
685141
729991
301600
872040
75925
256168
136311
124158
955267
471203
933710
944332
465156
469715
381405
937780
876358
969660
386474
978837
501154
200413
186864
426620
364372
971123
956765
825819
604745
177193
108122
963670
994202
737004
514517
135714
199329
41616
36232
73244
284750
680635
85006
245930
517448
748631
326905
921143
118848
974341
525919
975735
677090
824468
831814
786072
636714
331689
486539
967158
920672
228870
341747
200381
153397
352461
475488
329577
933757
410218
267874
93981
43052
391148
384618
174967
97181
395503
316943
677956
857402
174196
925136
549674
944198
306371
741306
669240
228648
305294
412527
145150
809365
398054
571565
197460
437208
5718
716124
683941
938602
594777
170306
596918
922332
272806
596524
170584
199194
482170
913956
322790
323297
583577
370683
753938
170766
99834
946718
482342
127776
307641
863477
496392
589247
253683
584613
209411
958992
593120
842124
821937
778369
712523
205935
732966
145306
528627
462786
694187
843633
559355
886231
583969
328052
720203
936616
189589
486910
124006
434485
31944
341788
401512
209214
561323
762242
96554
914440
666183
426976
646029
973779
316693
878453
3281
456773
713891
957662
215139
747430
208226
725343
134522
597044
926749
497398
885361
952096
289012
159597
549112
70705
578024
510787
763520
518683
840751
315104
627301
858473
179512
341380
48564
541881
233179
81621
123692
148865
91540
44549
206620
668119
256816
194943
785566
478913
882590
414676
986921
776277
234173
359191
156700
986046
137911
594744
859467
989973
822356
992681
18745
362845
393426
3471
521124
706849
707530
844018
432300
376891
176334
339769
18331
718456
802816
891669
671637
257645
928679
851834
187173
851076
263389
865851
538882
309414
74046
210653
21777
700357
440797
620226
290360
446265
573201
415724
800405
114459
807453
85351
963625
514706
631378
601546
323283
464874
329295
206715
313061
292369
942587
961878
282266
154227
968019
590859
619420
448547
299309
181328
118565
992625
610544
152477
684571
504983
387373
159554
104964
490914
973219
35218
764479
665818
369142
38068
64132
569841
445047
783646
871922
206897
326876
978908
360898
693115
557221
823825
659747
4598
869179
728383
138115
388973
96953
743094
153202
333016
140219
819630
52758
941886
304031
296547
35492
838345
834094
466145
877404
842125
45362
242393
988649
622429
688151
177656
245610
783667
510760
113427
278687
416142
530455
486752
319961
462142
866580
760362
69539
975428
546020
42609
483766
847099
859420
75303
898063
56302
348233
621191
985138
689204
475774
106862
677095
147276
214065
681721
260022
99412
520877
843631
85843
218120
110622
605430
468174
774163
616766
529869
285181
919662
821980
895561
102929
741738
189144
572361
157885
990962
206309
642944
347653
603030
124192
613227
876705
99755
727801
768291
377956
712557
427723
355685
751402
791543
952478
59498
769160
338211
511271
557426
14230
803447
852904
529585
703941
20841
445937
480680
191048
631061
336429
109852
76016
399708
461249
638276
795217
67134
919738
215520
660355
424468
320280
932091
108411
244833
589168
340429
951370
92638
513181
701045
31905
237171
883204
808337
589127
21620
678869
877680
446081
146909
561451
349901
402362
306418
78806
394863
686986
246341
156270
372345
274588
245657
518750
125001
758124
599281
607039
91219
987885
619224
759692
212843
858790
911580
160438
93882
768944
715837
691622
363461
562105
5071
505846
626563
621270
945170
482769
468021
548042
860288
63242
687709
525486
471696
329387
478934
998099
804301
465249
867213
843960
333809
766100
55829
272057
996680
61573
154760
500339
547161
525012
112501
870755
160177
331192
324609
19247
65898
524667
510458
569371
214871
325912
552739
536259
452473
913025
161166
400356
963946
516850
838169
605286
41529
444117
321608
806809
696540
96549
174383
933989
329244
823638
776203
582263
475318
103598
338229
975793
386340
332307
922845
939866
588348
327294
917671
368186
504701
698676
859792
961627
215393
299032
824799
703432
974456
11900
296427
433933
686172
113401
668917
291712
30796
713944
295228
912022
309095
76675
569570
236009
292434
488540
707377
23640
19352
313326
15470
866423
567685
169675
671157
48763
803635
951887
12354
460983
277040
526174
618700
154534
892711
254229
894069
792973
768906
586189
94794
918700
949383
213037
475156
202725
59853
490532
340626
87361
146442
638117
442441
652916
609533
990532
451830
887417
126722
351825
903549
905991
598538
330331
15489
531332
625226
278644
998963
662706
767377
237140
579139
574415
81156
235279
815291
514030
4645
924963
433864
530523
183131
693600
889614
680780
530207
660556
776705
43681
218308
394057
397855
476846
689971
512558
241669
987182
414876
361714
865183
398974
797624
124370
277104
718228
866743
275858
801909
752923
748936
404139
657167
549742
276596
931755
941196
94681
671386
576443
376430
884286
812540
285183
650223
422771
881225
930612
658285
738719
903297
337383
686017
678507
850710
726760
515098
508737
199328
678245
18265
75082
135362
327527
299613
958306
417862
696078
58834
242536
927842
486012
646769
32283
510752
10025
633159
327705
672568
729578
419570
532494
914773
139492
202609
792562
997352
536314
710836
457112
328443
757761
410147
653930
824147
765373
779158
549417
869610
848781
688000
638465
992607
183881
878175
96935
659455
158941
364826
781488
385331
893745
491490
840846
954081
175910
13089
580052
311195
910646
598700
812629
891763
11670
339273
390382
569167
125973
751951
742119
433433
91625
861874
606812
811590
669809
397362
629809
281496
985294
46761
519824
865692
104442
182600
53758
5301
973610
595388
873366
336017
703023
922575
255925
257769
111985
359588
854773
604089
463221
634886
325151
1711
841083
276280
816112
240124
219905
879206
49088
725255
693850
106204
825202
931175
863067
211247
754383
800862
330616
444376
986543
475622
260138
243128
456926
493862
866606
399164
938413
352984
904607
530360
52842
464277
325437
892434
312030
669256
800074
18310
770500
902699
999263
751119
436792
289475
173037
744859
73846
60693
691276
755543
408401
610736
305353
873087
550159
720295
701228
779732
375612
986797
677406
294660
847495
912202
219990
791493
594941
205073
635358
916286
133411
275484
197017
864061
74065
953263
407603
349230
531624
49438
670626
413103
17321
429442
746229
961453
257471
595306
164453
158970
45299
905709
614399
575391
382400
103990
994344
343963
70661
951332
601671
688328
484851
658500
843599
523969
96766
963619
181893
947406
171558
281386
458420
505870
696817
512916
329160
269148
166240
601129
340476
196017
996555
226582
303668
956924
223033
305089
279717
283648
897858
4226
180557
773078
411693
233624
404691
215049
750227
409300
817189
623145
748226
549520
535294
767213
144552
985157
543069
236819
274925
741808
46108
123782
835829
835719
175299
183604
693354
736191
767445
749026
680076
381688
637132
51954
647857
644689
997069
560606
719617
841662
982536
895175
75623
590658
551179
505524
450671
300501
331870
788700
590345
559334
604176
340914
471522
597002
610063
878148
283377
561586
163876
244871
642438
424761
840193
977044
301997
904763
280109
686230
959865
792197
796597
372412
279478
74441
664511
83404
338514
499657
902923
271524
504891
551893
832769
969672
541521
411518
260882
496462
726327
247562
378070
129645
423281
286336
690408
599307
938964
628899
691637
62381
721025
530797
866319
565018
891594
227345
987884
387541
732903
705424
448109
758159
323073
39012
640654
174150
811606
199070
715923
663987
9674
82827
859396
525055
488712
974485
160051
963973
536530
637478
98167
585067
779371
970612
80108
641904
566011
51409
384870
406143
998208
586688
796771
272710
855688
7277
384830
408476
973884
216243
37014
460686
516119
598103
713496
518015
429562
285145
399191
73200
318455
805962
680579
528005
448736
616693
60026
84976
819480
952668
386440
103640
148639
756589
767756
732953
428640
134950
837186
413589
598884
198006
603308
769592
101505
311961
917381
822881
656190
377585
653149
952520
820654
740095
39015
955613
824541
415706
706382
910331
975379
821138
68780
232072
332104
3352
398401
886066
265108
297843
65670
955880
988000
973591
90107
884856
253334
197069
547949
897273
168629
481755
42908
950140
527058
305537
991813
307037
885336
451799
432612
178281
789505
390082
497183
285870
712707
729410
558560
120185
26022
260153
816796
247767
27658
830734
124542
958778
827819
275633
367893
45278
901336
457600
457824
280075
832395
412138
940753
297525
584272
802124
675912
63716
159051
450726
705515
931528
7596
763127
217087
91447
235276
416870
397531
148189
446345
162160
844975
544576
582230
72955
318077
838626
537548
955752
62841
199864
760353
229686
390789
130706
53522
36841
389792
419369
417810
270445
616854
704853
97961
802839
948084
681921
85826
323085
542928
108
225777
355699
978010
397226
995568
376756
710126
632159
848353
739546
446203
655523
188561
845250
145510
631425
146860
126104
416948
801350
828102
115741
667490
692592
190281
940795
855508
505268
820700
908266
4386
24842
551079
463181
645525
906019
894018
170745
669643
776996
425074
548856
709274
224645
72882
422222
620883
28711
456997
345365
144297
889548
494081
833613
70374
197723
975731
972295
759091
447511
147292
389381
522263
60610
975705
299268
626218
924642
676218
841407
590625
690781
292230
977773
37322
986117
866283
710073
533915
653938
757126
44699
532694
114465
364348
38054
44583
15041
996543
11680
140608
408848
207620
470958
219545
59979
98615
520878
93
801233
856674
520780
589442
672463
570519
430580
797808
88382
890407
67690
411894
855450
375124
472316
486879
26546
53883
39814
271153
355566
262273
696806
64310
346399
811591
461062
610469
248417
53773
910272
48102
401484
296787
62440
258795
434344
903305
82747
721832
34531
197585
749554
496043
784538
885731
104480
522746
614600
138117
569096
317892
662693
472806
97222
66347
459754
870493
246109
173536
147937
689494
378961
822385
999637
206719
195363
587676
819035
178298
635209
678071
881897
579139
292544
972942
811025
424263
631540
474531
239387
345874
777890
348904
207937
874278
419400
488386
680152
206497
735099
241307
778780
982647
720182
387421
53502
114704
292806
148278
513120
763485
604456
446854
471490
810218
945815
86896
113291
846837
914834
446342
86359
577399
853212
938032
295906
145642
359273
135976
433217
996506
219760
704351
865683
100996
655848
180882
138114
935668
565117
701095
526785
367116
877830
113674
374523
724124
551278
190595
193393
919731
43339
814163
73347
963499
390585
596404
718750
591863
91891
350698
687601
773926
103157
425134
719147
526688
88300
492075
5707
860873
240903
28651
803136
738419
845423
345724
329738
214310
504873
844614
209090
858209
645027
870929
419121
580696
602143
96895
253576
317158
13236
269136
386793
50566
565282
887013
206223
90465
783215
969817
953391
301512
678745
154741
387495
611812
950660
59109
303887
741487
915368
845026
235844
776714
526053
380233
112199
716246
873161
495894
966523
908561
640630
781772
996231
166263
287159
31650
534958
52050
684540
73900
300955
683815
610842
119305
429295
885997
719345
607627
657094
844167
570778
67103
993024
782883
856953
85086
261043
603205
923450
446966
291545
794566
211650
803777
474300
26289
158744
544737
821468
27368
728429
945419
602307
602828
390919
895831
339218
436623
73431
2631
860480
533430
52139
926686
10445
726946
683398
950892
424499
100348
151743
690144
285724
376034
507187
949236
256948
616333
901579
91445
168602
939107
603617
319723
7609
141157
109729
972521
67467
660494
380088
854270
996164
916916
852737
84516
685755
871680
363099
659559
549294
273808
407278
928768
133672
203012
55269
123672
457889
421856
782340
453070
773319
779523
943059
55894
528331
995090
106870
917765
633789
30310
886634
739026
531290
975657
104402
168713
756295
976761
74627
456392
5647
88319
971193
963928
796239
663426
744119
176040
387170
324696
615818
552428
966854
856511
827704
331209
533914
470413
162164
123534
527442
551595
311395
605948
98049
540019
170251
894067
970625
240302
651177
464421
580388
636221
857190
227231
235534
948573
264211
941171
885581
657908
622193
322386
729645
7349
319481
350304
463228
457398
107056
369957
303674
768761
219265
873734
862791
392191
331545
100148
597283
147869
78946
755210
814105
556185
341840
528728
641253
957415
142693
206375
882144
319055
6801
678324
124241
192899
587291
795149
145662
274572
520420
214849
551248
229976
338533
401350
671957
722896
153524
279344
652199
206398
744345
301082
130021
861424
634324
360673
511859
393212
828199
55372
727211
670452
287794
170677
773733
817903
844012
581683
716898
592631
927747
159156
682034
200971
714576
464670
25308
657488
193719
296831
666483
254180
166266
210148
317218
903619
525012
383738
983179
715969
391319
316461
397622
120369
99264
730244
396769
320486
540401
115707
267733
107623
957973
459894
902497
843371
154745
515168
617248
261528
731508
424994
686521
564600
490849
677704
562389
340884
899168
3162
27827
641397
882777
889899
377990
201874
135992
524891
891682
752817
172940
931242
337005
841198
526151
501608
470795
115852
999173
216786
740001
666968
423990
727597
329590
281182
71811
384019
457009
769501
725940
523355
391505
786100
372482
901963
529770
491674
379219
707131
14205
219539
205732
580940
367139
637982
179006
375389
415966
382478
737639
855018
731304
917599
955513
993056
169616
614061
94052
313334
475127
634638
231659
932821
837358
545831
448324
726526
995451
1824
270724
846241
582866
420990
821097
950349
862220
515865
112596
343402
924397
652904
156420
987900
144641
998392
745289
689380
814665
689483
897236
185124
920625
119706
63505
161395
697560
872705
636063
381473
913095
170647
538027
480077
708146
24616
751584
884967
27089
610949
337592
956561
787483
506376
668478
355334
127599
2668
207891
352184
204118
559712
783996
542356
164975
696472
650085
503683
23150
279518
340094
221700
343654
584314
682935
133783
145744
135999
589433
557320
512219
397397
910564
450980
513189
913464
221063
393236
581274
387270
449327
364322
526566
638440
604094
767272
167204
711861
76375
231377
367604
590077
48282
592541
444095
270963
4090
289318
304781
129934
949577
100614
944950
247890
681853
562069
821125
576050
782849
477177
770461
98690
925805
298529
393869
783644
760110
506598
82411
5803
40598
782159
484353
868560
789668
422911
174579
919643
195945
684938
603333
337304
754988
570943
268219
894030
576691
992008
271310
55800
434647
463498
381015
99458
84078
841244
215148
824799
777258
698842
359211
634435
950853
19457
151405
285914
56034
133575
933350
691057
961349
924594
500058
544442
46422
83536
520961
446767
206922
621938
795665
203016
787664
459538
90490
531263
216415
531150
797948
154160
784422
106423
969660
836757
780779
992080
518209
374716
813064
678253
502058
652632
100092
639015
844511
36587
623470
692528
130365
846054
235942
420091
887806
133860
890926
851506
353361
466115
652618
971194
226894
927967
727150
137097
773659
912686
653066
975231
162412
648011
518581
38021
443424
793634
566721
476049
88049
997328
719986
573334
783790
649214
772746
645951
961191
512225
557149
351029
235833
472875
394668
570968
575126
104501
438298
373311
575707
528408
779906
357466
435535
685972
285710
373695
629067
359305
277913
256807
613486
32342
530605
534433
354627
957598
215734
229908
236196
794310
811006
831655
64678
358427
193796
852853
941104
909177
659987
205964
113055
858692
556003
671897
802802
351264
634691
222301
142366
913956
801683
146025
324984
797793
119576
772529
444095
570056
114241
29445
527905
653824
374062
331672
763135
924020
997087
878887
82667
415375
320267
931012
766653
878297
212606
975832
853472
32627
28370
99553
468892
390354
283622
795098
171903
101310
640626
131316
148753
599028
100948
579086
940391
886456
396686
900272
697140
457467
844328
336537
502951
202846
460056
44394
397402
729387
932782
188443
841322
750674
412033
487618
165233
488588
213168
723443
606225
855139
509639
571839
34804
148657
620153
932412
535574
55567
430502
43174
899614
628408
753467
322675
657467
393136
47735
213962
603136
20399
846225
471117
462785
919854
50407
958520
520123
642648
839605
766178
706988
240417
801325
669800
877054
730940
6024
751074
226091
152555
863658
33264
824145
510864
347096
873896
120456
263481
719124
540038
61144
111950
678745
511381
872964
252480
902829
459615
162730
644110
913743
962165
343131
234630
429892
476798
711842
161828
63303
802025
818361
640656
498129
186102
122020
748374
334556
480366
681844
986543
798348
703603
872820
544653
515364
875193
918056
647246
885661
255715
256455
715297
3153
548208
719782
540578
70346
925583
575321
858921
820521
333957
264345
447622
53023
56096
796466
17378
588705
661473
232461
953606
365332
159186
473408
907302
512356
107681
647718
179137
444699
718600
179384
932365
275348
145968
429591
146909
151630
877461
885009
567424
520124
913387
352017
864456
497595
292434
299090
225772
377203
97605
805953
667246
540078
371571
8862
546015
114053
958252
304184
291216
109291
950071
751344
298287
992106
795935
315723
27693
799837
780102
759957
203244
394239
443374
532861
126667
473256
48643
204970
742727
289945
432516
282933
375072
648288
639199
108609
256153
404145
70087
158256
786781
505841
630010
283015
695140
851917
113292
945614
978568
948063
753784
237842
667703
408143
173665
195359
217065
680352
959897
235472
773208
921160
457738
158774
846371
24503
809294
327476
347742
624717
454379
679420
346428
746854
760127
361122
91436
341583
650450
904454
678546
744883
254256
150399
709880
35263
279612
485149
991956
601058
25892
641284
792819
146998
640481
413765
267056
699983
710188
728674
438800
521813
470069
395881
99154
118200
968901
722451
179255
148474
795969
433491
482196
182666
709236
267256
704997
354705
629267
421664
377833
912640
103806
191201
753638
774758
418400
356698
446243
731406
252152
509840
336433
838904
275373
752451
57260
452599
940230
945800
513811
754187
518867
404265
595469
702795
114015
975128
263784
887901
226360
242672
370752
602399
450547
478180
382785
65793
862464
843106
468592
974368
377710
792800
4298
213717
167601
701886
640830
730678
252740
18718
942827
824616
866330
852511
705673
796726
891433
631200
39588
752259
162548
331250
329936
500395
294022
457072
126283
635001
783800
646568
232465
479864
824618
757240
194329
923588
708396
401382
861277
333868
958346
667263
487006
579090
695860
594988
266249
666994
141200
803931
339279
106168
868598
11053
21752
372775
407964
455116
247108
29418
233409
125024
170368
667517
766092
219171
838573
866479
95835
48038
187183
977839
910790
505159
822213
759846
64886
515267
334924
808153
842558
360992
774569
971836
958590
115857
610262
305584
662201
448422
832271
259567
684035
763291
840966
13088
525473
706191
817718
151542
558350
562204
991415
912128
841253
276265
717742
677089
200142
723347
414021
517629
71071
128996
612790
47176
71506
597525
829730
926938
236476
601241
34779
2542
586746
135642
549783
87369
151630
779037
8710
914001
836288
489096
935712
173661
991995
18004
696309
727399
782591
149116
778527
635125
431014
244944
431961
227758
361104
698115
885917
500442
64460
590064
163327
989027
32242
348571
791045
636770
278968
822741
99526
243207
659901
357382
451785
897935
274677
7227
526015
88858
953752
307802
349382
576817
609049
71465
803680
254113
448669
277493
416827
782539
542605
70163
911872
927370
687658
541598
684790
51052
586494
610428
905266
297823
582005
287298
938833
186239
688037
64906
812642
923379
434693
357942
938548
503359
427514
19982
49966
345290
200817
317641
619312
568484
680070
552587
560488
775052
895368
196959
837872
751846
285744
845530
643221
813473
988428
250298
300424
589125
998588
802595
963096
168574
60014
329741
387376
69765
222641
709350
619849
169834
822838
208633
984151
566115
999110
632075
85305
324648
582656
213457
312703
740581
103471
810910
82081
743970
997687
189915
297
544853
30038
272927
177730
820750
157437
183188
188149
839210
569960
910510
407764
661909
109388
788570
260142
244824
901434
700373
557656
817269
881803
104401
749344
489618
717859
396240
243104
43742
134950
948501
878701
290203
854421
79643
472685
341873
730966
563810
708418
560478
881534
842380
533251
306895
475573
979394
921486
894872
338857
348785
322287
798894
299549
266781
335274
598649
361635
664035
601538
56519
703010
885579
304703
413127
203364
447013
454711
233755
558917
848377
102085
54675
389236
455889
86873
836476
772073
47803
689366
367976
528760
965628
256200
179356
292166
506393
877992
955566
457528
178238
159513
714256
428449
889393
147746
120431
874768
720977
129345
724030
726399
558110
982104
569744
137203
643
668781
374534
445599
980255
740025
148281
931148
933506
371613
401063
164000
737058
700064
279780
658174
352936
975704
353713
258930
501537
634079
894482
220473
415072
437177
399717
546295
944326
478136
993356
85590
169583
57077
799010
88278
412787
475721
690527
450168
667526
119252
589049
573600
698526
150723
856542
461973
338645
827517
108601
766492
805301
50765
406168
252594
168418
868036
251270
264211
396307
967073
606787
760225
373679
385246
631767
124235
951819
352251
418006
671415
261721
504918
336401
899421
753643
724303
935828
895742
662403
141074
502459
358598
354821
136735
497989
197734
885816
636223
361927
127238
547394
296750
173302
364529
264867
930249
321419
805463
595726
24508
868367
874795
907487
244533
977879
212715
233653
899006
571032
430103
259028
386720
354304
874742
695944
807888
263536
519433
372324
50933
670835
589899
885219
38916
826858
18069
627796
452452
321344
931169
855634
987316
387107
424346
254279
46812
177955
620780
798359
229609
644903
532632
499516
802243
903422
976662
874243
486035
919145
268627
505012
570440
607177
548389
608092
791937
657831
137253
565108
944062
282442
111047
814899
166662
699148
247617
876750
309166
518058
227827
66821
498044
470541
294692
128492
427831
896175
571710
52942
340126
390801
799131
31515
512363
633704
274965
880508
305899
711263
601218
28577
112788
608387
850440
550124
301080
368801
345262
667181
955545
339791
640778
249279
197368
153438
289990
938354
698559
793776
735913
485854
361784
174560
225885
738912
699941
412870
680445
836164
621000
16230
558115
662414
327738
838935
89317
844123
664784
899586
377853
73104
397871
557678
20068
865071
897124
625738
1488
273106
814628
671931
459825
97780
63428
448671
177736
949607
990614
110212
278771
6844
292224
475376
351276
308909
238859
909150
511808
860785
332702
512224
215883
232417
692688
300734
626958
112133
942055
976292
401819
980124
933777
323393
417654
758102
819453
75643
151242
927747
9595
786716
38027
267719
492034
367550
856935
101614
216133
149788
736285
856802
768204
955503
813756
90221
692781
866389
667128
949110
609111
61040
238027
462148
969374
602811
498191
271377
185575
421363
951166
862375
172910
595685
848456
128160
188381
949314
670169
391710
960748
84844
792144
138518
818909
611787
205087
836207
676341
327476
413075
270828
187843
494421
700358
847882
195611
808625
641317
492911
937872
63575
741406
755709
936738
209132
305387
792596
326768
863451
34801
28334
931087
608727
982894
434711
564279
50083
953411
649400
605374
7783
836137
129647
658821
74784
920847
340145
894839
983101
972385
776950
649326
669865
996965
640837
295826
509660
602358
771606
86390
169607
516694
810235
63161
921686
367999
359770
331025
782579
80993
400853
673557
888488
828385
170301
238966
329052
907682
349557
699313
910488
420121
840399
457190
275350
221043
487510
206644
911174
564203
920592
214386
564600
499633
182166
783410
577310
58362
907298
371386
476916
955114
888791
419941
98816
614863
763499
168144
286772
710785
948331
234741
747558
187601
265767
73342
39981
179863
869364
983130
981213
266826
207422
464051
216321
437092
449874
918087
168844
753194
364152
360434
892433
24633
917154
723800
382707
230795
105080
486681
369180
69954
674329
765435
789878
875731
94523
721603
843370
192734
207986
974473
563229
863640
525162
754237
71316
161663
607895
149090
697013
978895
521462
185278
901583
358269
539231
572507
121187
916802
16036
738589
19816
836860
47380
175305
364404
83590
127522
951591
167796
387513
569171
377363
936665
28105
403861
110578
340712
522221
682449
538248
940429
192737
306532
171345
21463
415041
614928
703726
911247
23691
611695
793752
880827
884465
376352
449071
410927
109799
779069
919737
91137
988694
594252
380949
629019
71123
488050
852707
737203
742256
370504
7934
632608
122967
698017
689578
250864
658853
716522
815820
757670
362706
286335
814856
691057
336174
800000
829093
722009
198658
504095
49746
989603
999205
205473
617709
818302
190573
225893
699308
201594
489878
231206
980480
97167
100455
809340
320753
895098
508412
845794
192856
339155
448741
535011
633559
403193
453533
873222
479488
882461
250542
882101
977248
162627
403851
933400
722065
992071
617380
704875
629100
463794
492864
514990
784771
211685
97247
715196
225545
371428
664407
567659
123842
479960
189786
577737
88636
93943
972616
188963
385004
460002
769196
33422
636279
855532
652230
60742
193548
9668
626619
600283
326588
172898
799367
640925
290685
876803
117050
426641
34449
121937
87602
871788
161685
28084
229435
113506
6959
89869
663111
967964
517733
269472
852916
800683
64376
76074
264842
287084
523463
123302
489992
335099
367139
205860
269100
87518
863947
908290
698460
680076
576973
43316
379031
304450
750317
403648
983023
448791
498821
37902
36689
31973
67134
82805
125572
758058
833396
559320
647465
387255
492592
352511
104494
166743
786003
436018
582085
995430
850030
311934
399647
417766
292500
393340
998992
771836
26981
109559
364158
978122
492280
469859
100034
427716
747189
407640
653013
843154
903531
514770
127351
632412
328033
215041
66597
491792
85944
354582
110188
660954
321532
43564
969353
884800
560111
392014
39448
999640
904394
360731
327305
185328
841987
63674
663829
466814
795890
59005
351456
797199
812423
307902
109237
901958
176683
996844
809108
967461
935114
610189
353552
907287
612239
399265
489026
550159
276468
146902
968929
724883
720098
810714
990079
830989
637822
443634
7389
997913
785836
807032
371943
203716
914634
587291
982629
560342
382997
727264
28856
479161
917725
897375
825876
836164
935679
251844
919117
899926
866523
167843
917101
20916
77481
174455
582234
139818
808450
766105
747305
762728
63950
609246
871559
183352
948518
997848
799936
476968
905357
89952
860118
265252
370681
257413
523864
800253
176591
580594
420605
271646
599501
152687
740702
134971
716815
723212
524443
628748
516149
894167
593022
111481
816908
413465
21248
310895
536048
390741
615421
85866
168605
576877
890602
623536
92055
79026
584405
191110
110969
138163
884489
981417
903961
921567
751285
787714
718247
13105
986335
63540
638116
195803
807603
713246
208427
379168
231975
388753
485410
981314
252021
677237
455325
537249
645011
756874
9253
718009
659587
793963
991563
105289
856866
781682
195843
438673
259834
901121
709602
322687
688778
723698
295182
660492
308489
255547
968538
343286
985996
707104
801460
288421
111692
842657
576896
606526
808542
960665
941375
393491
200705
721843
863676
4850
819019
816028
884052
433024
211821
567251
269172
218464
521745
416022
258443
601568
377016
574366
60247
787456
182308
410230
9834
553929
937105
224455
43530
429664
752431
640500
144172
223360
816310
964344
733149
2314
244019
111995
368494
348268
198139
21747
171250
457741
423106
18674
323488
163033
558696
968833
26370
223326
580933
40786
409886
11244
437637
649242
142621
22280
952574
912774
867320
901868
47571
772704
709521
274749
316256
356854
663149
507566
478000
505799
725343
709343
43921
371164
148111
982103
624594
825393
200785
428423
423484
750606
600950
840115
697673
231013
163952
937253
790714
39941
149009
724205
623401
296461
218209
118540
340905
876672
372338
994812
925251
313885
430926
221308
646319
856493
126361
119903
441219
415317
116047
227231
434427
983499
655578
534433
739858
63741
913061
755496
502678
920927
112027
735377
441929
309662
482320
124963
149937
240716
67897
456619
279277
235956
337033
88511
571724
551626
865750
531749
976993
178565
605430
136745
839041
541931
974067
664855
256284
517655
801641
867434
749528
474595
404463
256347
700141
128478
148693
651169
880824
686602
546602
389258
368087
179450
118664
714891
656856
267123
238180
905001
25825
565878
409202
206776
40612
272127
927723
849371
582548
11095
911991
750971
867531
470849
257459
296395
902362
48564
983216
443557
23376
387409
305496
348721
949517
44344
549924
908234
725305
381664
261479
930471
871496
37854
554345
452859
465914
670871
458993
504514
583915
289518
125440
370898
749861
652494
838026
104367
673548
969186
526712
753197
468990
653618
471587
338626
950174
455266
557978
243401
846934
662493
687455
362272
305
456185
66992
526500
811983
233629
592974
840550
261087
882710
715008
24502
643023
37873
326092
55029
643360
831638
55586
406121
839968
599368
380816
360691
550761
951964
275179
751121
497091
66833
269754
275735
330467
693890
581616
394474
721561
96772
506643
771471
99626
113399
545073
427123
384445
143135
639137
728016
416960
506506
719957
953926
627852
896578
983
237578
102209
257983
666866
598670
583390
298580
643436
557986
202200
326473
719089
413579
617247
650983
160638
183913
839546
43024
617841
497244
618613
726761
867822
630931
909814
431817
913365
794398
425133
822145
342720
190713
950372
302957
6555
801733
399499
222282
843393
373621
609024
926734
198878
863638
325713
676155
307751
50616
543930
40983
349345
998647
166637
747974
510811
790532
979996
761463
77715
690082
262911
948683
287494
466202
388848
881897
349071
747463
615927
938293
652522
302504
725198
8493
936906
653327
400773
972457
729006
339877
415956
717427
529956
988416
424852
536221
445776
803607
690572
95787
216225
625500
44357
31799
188479
326550
635394
909309
10909
850216
559320
349818
763744
399866
599430
17435
393043
52178
394781
862611
642952
477030
592761
377157
265536
660268
217341
30290
718775
140931
66930
462785
102716
430864
74983
738161
28939
474171
556391
898806
353349
629968
729390
745390
199174
951984
455053
241924
307013
280675
207748
16539
988008
848750
349183
93238
880535
168514
970778
782886
551331
798913
754537
671212
286523
430333
37641
59772
142698
879897
766431
824389
764172
777488
749422
491874
996856
367652
499914
81173
159152
945330
194073
539561
76482
144311
602144
527301
607147
419460
74964
626008
909159
116065
713775
273379
439483
378314
842894
418365
393897
988466
736569
846687
356510
601486
881430
229061
147708
696623
106106
69286
297248
271459
884943
515983
415627
401562
161251
879980
254413
705270
155320
844715
674101
665681
70662
86479
211214
121162
96879
713755
262447
425641
288292
54160
279645
305411
331690
969477
715982
481818
828714
199775
381930
710558
938001
466776
859207
791180
729483
892726
728079
520682
749673
624417
64863
956999
830700
90426
253167
281602
485915
80829
191176
166580
885621
355535
351652
156569
16379
738915
606149
6262
803065
734674
438933
217623
105438
21204
922659
830700
571569
678427
813470
117004
535847
106910
439471
268725
56148
63564
516358
818724
954338
648243
274338
297827
771442
422494
321841
8681
278112
790704
955911
361392
725973
683522
14715
114683
980561
410602
234940
862128
168506
653478
860484
458226
591133
585870
360214
378315
981962
22005
499853
165473
644848
755247
522255
892740
123782
316137
161911
117835
95761
151939
656718
59162
386883
18464
785058
904161
865375
509431
153496
319260
991757
45523
644736
593268
168726
474387
560391
819089
204961
561191
89892
440708
752575
790702
343440
873547
687624
135453
985354
691341
488780
642884
267862
998043
378687
176301
880217
345361
232760
466766
48033
636509
826757
443264
266031
503814
230815
600196
929367
886819
6435
427641
91546
764782
241701
848272
876039
408254
482553
872212
225908
846202
807205
104202
784485
9513
823802
400877
246470
938149
625911
645173
982552
343716
664471
199647
12705
858412
412530
207481
415142
144394
831516
486784
702728
671190
413272
738621
690557
946755
831685
774612
219383
294544
622366
694393
717173
598063
894580
572611
626624
74838
309340
77861
823690
206180
841831
179984
296643
388944
414032
1147
767035
628483
928491
781472
370125
271258
659486
472591
252285
941231
591518
813929
907266
306574
309307
997945
583208
718385
292434
487869
937622
526548
875375
108446
755534
497423
14046
571573
366405
119118
309763
150253
741488
656216
902660
88987
279062
280007
876843
809964
450349
563964
735595
483777
599485
289413
457797
2657
952705
437266
741745
698188
769066
736281
223173
879529
108803
295194
281169
242090
474749
505530
729364
783463
529584
505554
56652
191026
901543
419535
856515
499148
856797
379657
160198
180491
817739
876326
629429
139473
417078
719838
508460
502573
125560
976946
919178
346867
590865
232878
186871
286058
44621
707751
349366
903219
432110
908294
709082
140525
810866
324121
197223
713612
442410
117927
520850
582638
823462
313002
577063
392856
299418
650388
478681
276679
391746
520397
992546
474101
974668
339769
580714
108860
164370
622845
88319
614417
467826
250966
287225
845746
363815
423563
568952
470845
790240
405368
34663
763546
628677
822144
378916
769594
112351
351887
58064
389385
261992
688146
73621
165308
501481
724386
133075
987413
67385
606585
411285
893975
841624
321623
54484
50916
285210
447038
442606
872675
547954
215716
252328
830831
661506
469185
14149
860810
839907
223849
724438
107031
777301
620599
210375
884668
927842
667265
412884
918480
908142
513768
649819
609859
542182
327675
305335
786072
275172
886739
20372
528464
558267
247327
104018
507934
357464
566830
630992
195978
727617
511092
699724
368017
824965
899080
445451
58615
504505
721694
903554
325219
422536
514465
832148
46516
766654
796976
877967
95340
393296
228369
818517
977050
591729
495164
317825
52229
119233
792494
606564
633073
679653
497541
471624
672488
70096
874843
137282
376542
725822
401342
804858
86259
257343
809597
177966
210222
313633
537372
848373
181105
633481
963420
260871
939542
623410
977248
718882
108975
653627
534181
844842
641421
478729
964893
291322
337539
727616
986545
124208
840953
396116
769094
238349
126104
491496
969451
497027
610174
216753
111714
475601
665887
160566
324551
744892
579743
549468
656248
732946
415217
58974
318674
550513
701698
80566
838267
61782
949503
212623
315274
965056
367773
99891
213495
242374
110648
174075
949691
856539
209077
899356
6020
403064
895215
253944
884684
424714
31357
265121
334540
519462
746972
885420
527848
38708
187061
345936
439073
917111
473767
796677
64631
734552
421138
794392
311743
866893
704753
788077
295716
433623
8702
82198
314354
663732
719483
56081
311377
96854
596352
982776
104656
387059
523858
815390
721674
21089
780557
651244
341861
778078
977322
483939
606658
831280
728450
797180
429052
667172
279417
127727
586322
688
224190
500771
869675
591306
906905
688145
402584
413501
824060
631104
844583
575752
258878
909989
836855
270395
138258
827880
887320
312482
973980
906470
188983
469396
120054
617742
386202
3219
788956
388475
637312
358774
938826
735640
517925
67295
146299
426348
636944
688215
57692
654543
303989
981629
607540
491942
743206
151504
208517
505515
671344
799153
918041
800680
306471
306605
804238
546994
486204
349028
56470
239584
642629
388665
680339
191869
425083
636354
720755
433562
218400
10490
230219
787348
389400
915741
327234
677090
431137
891836
879532
51961
565751
158275
3785
125754
105071
196613
109001
730032
959443
267325
811230
823863
905688
415211
552978
677134
482576
751951
481066
336271
159818
743465
632462
942587
28476
634403
468547
754360
943126
887814
97288
457617
544824
348688
319790
763287
422679
575840
946215
377773
147745
220012
287382
2737
941254
478886
201944
845606
531455
736573
830700
770984
889834
212773
817534
754177
185048
48402
437194
265934
381655
636685
666170
198661
590370
841816
321400
117708
349269
714767
776650
916424
334518
637279
33312
66597
165681
465984
216810
446127
587695
92620
954295
641948
12742
979591
828107
420344
800864
85844
346581
705141
43556
883334
150015
555533
484676
84554
806779
541542
16456
241012
176707
101409
36667
699704
681016
370951
61031
391125
316577
391400
358839
528086
990382
938502
823631
189946
333244
136662
144547
825583
364583
631564
599920
68307
334028
139602
86124
475749
64904
139
168070
872967
934286
608855
317866
995879
888656
584601
40085
676277
575959
111244
551017
723637
910537
711585
727981
152680
840537
95910
679974
194284
52893
135589
669175
988838
244638
305656
582398
597322
597227
506873
101022
562282
589334
131338
383267
155214
703502
313344
728545
710253
792805
372670
408426
872032
628253
355559
820234
987716
11948
591649
775733
27328
990734
517275
22049
97317
803540
777299
613212
933983
942065
555324
825168
660957
122252
825455
639281
395650
790522
939498
63569
773461
268095
124426
211883
960243
89536
113608
208767
153570
152831
305161
277691
801521
327871
216445
371762
427741
690147
281942
712421
89095
396203
860877
610527
701703
514708
298332
20261
100966
681539
583060
996925
293021
784911
146844
410953
744626
85960
603398
397079
98203
167889
759490
652334
435780
107818
634658
872698
775484
585191
964243
833206
818829
613257
64459
357759
611388
400150
696988
138294
493503
615966
413366
163447
974346
974400
763748
69734
616004
860222
265652
826889
91004
238084
441186
619969
338171
811511
462312
644585
816337
124764
938220
669021
621027
453983
710618
270118
875539
326578
798358
178961
93949
264266
791352
787704
724543
375877
298155
22860
768452
362001
646464
51276
530644
438768
871291
935956
579534
543277
255907
35216
227732
679993
125474
17802
163310
516651
455988
76923
429390
139492
600099
869122
822245
364155
765669
802793
677186
180362
271831
703191
336218
8687
374998
346072
891914
774627
609609
973447
955384
708559
404803
694219
279864
944318
397951
315691
628968
306179
953851
725647
57217
27559
876420
648176
441005
588099
374282
298416
418263
167376
324981
565319
385639
120348
793508
983557
621089
578667
587802
970223
30701
650019
734452
210604
144684
989945
778853
695163
514112
739153
913382
265080
33918
112543
458890
7499
478222
467567
778659
232472
113281
648836
328077
755462
924138
447255
283472
848829
387858
152373
731550
454422
577875
797874
836616
59701
535973
258171
597507
14129
378546
120679
319041
552404
110485
746661
401752
881826
26788
556689
488242
759553
581865
797711
823115
709670
418365
470302
145738
980459
612307
417716
858151
958736
926027
932240
172690
249430
458006
490065
659797
706600
461485
194000
695859
120281
355441
128450
676721
721603
230295
685598
943024
492408
809928
690630
786817
481612
711166
138096
155098
446484
851949
673644
444021
6124
92765
143567
222895
464753
764196
913720
833318
439781
780562
732658
112960
501285
696555
607264
793620
233155
686930
791604
628179
752043
756365
79068
995461
363828
30429
894598
860276
819008
847157
713878
580566
724210
117757
541126
958021
290132
963414
490132
314292
263924
909301
898921
692216
116366
442426
207796
905292
660388
416262
76068
581632
643898
776514
873300
562820
221755
342696
598063
925380
876015
829138
484848
14617
884433
882569
959594
835365
17541
972199
587198
163223
455019
14409
815555
40000
969062
907898
920194
673148
674965
71383
67134
789660
716936
620316
471215
371385
909704
784692
99058
866628
794031
486476
185717
135070
641434
687841
182845
916412
396319
980871
858964
411766
88901
12992
338516
277422
7854
333610
775774
706139
220816
178153
801962
479643
893269
693155
304800
237747
376368
360151
520145
251789
437540
12823
752154
844614
356253
645465
1896
619990
874615
690346
451912
216447
971972
761118
357568
123955
954956
812961
861668
997550
52151
559666
896510
723243
982097
419039
821186
257295
659763
865387
813511
118649
928511
374199
388439
411175
142711
729756
450547
718860
154562
866443
468527
685219
616150
19235
308185
682663
47147
803619
757391
703348
172049
984916
382341
176539
562811
514919
434461
527355
352812
412631
308607
242180
955399
659177
212710
162815
875933
612767
326331
767936
3924
662577
708222
357939
20693
182548
230387
255674
358148
75545
439577
317878
980817
298525
952043
912695
78422
126184
924930
559802
559896
691629
541907
820642
583000
65115
295236
283264
112816
644130
789439
726584
155092
244859
149576
937581
442677
325219
643693
57674
647107
478020
738717
707031
127191
134671
480439
124602
545857
577368
133313
3491
121895
99264
824901
923971
258268
725014
757324
125405
998229
904446
243892
168868
805560
455345
551084
32487
580522
585604
501293
112191
37710
692658
155892
491599
984350
294587
981107
365732
959824
165516
884439
442545
54873
144964
238704
28992
69360
51439
412676
728341
950306
382545
109152
790669
233409
797000
697778
942645
4615
202428
849968
548797
128088
670488
462607
162144
403479
465557
581303
512793
981336
176861
10526
321071
603484
545583
617038
147148
993485
379582
825224
900125
784232
691235
548441
538442
857513
556293
309797
305342
77866
826922
848059
117186
257597
228378
642461
781454
335690
533559
473133
667907
868010
386364
150156
634039
209718
727884
325545
11811
507749
812720
44142
179290
810687
774295
941241
296148
494166
834752
190367
890684
732
518817
318133
975513
20147
100573
764323
850492
164185
582613
23958
870560
85435
550055
870436
230357
749023
421235
30127
263503
973571
506325
541653
683274
399603
170178
515931
260896
593683
627488
674671
820915
145794
748865
140883
436160
491328
911103
770613
94659
443180
165126
43125
135592
416938
635781
907601
931123
364635
414748
415250
585230
695407
993863
374475
272703
675919
287267
856358
520124
609658
32128
836425
956209
651549
874472
780793
102695
794848
203143
579665
552954
12621
112218
466314
589935
400857
94280
533132
836808
504463
11399
517612
851258
6465
769721
794911
740867
435418
558144
838134
263235
664603
326898
140867
194149
865604
399603
983290
424270
599567
860437
616803
471745
233897
86328
152201
97242
809670
27914
249485
493904
101053
392313
482108
317936
607419
477240
311893
896451
375105
260170
626609
94513
410030
152731
351117
866443
483833
231272
935554
875560
232713
530492
269265
518827
476459
775318
597570
141016
746240
779892
847591
465643
994986
644652
240662
541555
999951
869964
363437
875506
641298
608688
751848
138434
850308
493861
499864
213912
667539
140793
225790
744196
276991
375395
168227
268377
791887
580477
194936
845264
998202
237267
950620
454500
992447
624896
22882
226028
321026
86358
535235
450046
155158
385847
797764
189397
574209
263472
783556
820088
885342
119303
637347
515713
51450
425451
164823
763903
383095
325889
212270
334368
899626
464449
793464
896782
457332
533815
489173
827359
459804
588455
748006
822096
409353
374297
846563
576779
662062
213094
229950
193250
19860
852538
621028
195457
981407
713050
227573
374822
375100
936289
422650
245105
313003
130052
3277
704898
678818
406740
468402
357980
366564
328164
582271
962512
784886
310294
554315
974044
116468
621906
623571
189764
559338
977529
549374
85547
791630
444690
332906
944130
939276
574861
5596
54318
958913
735233
497893
666043
491293
611072
234777
48128
176040
48505
357700
538457
760106
29643
742554
855853
82660
347254
439484
489926
390976
631455
599922
752642
186733
645543
354409
302383
74999
511710
247210
74042
644431
441948
639274
111292
14480
409081
440881
714128
404359
541073
677635
201520
830644
216700
68783
345919
691255
26922
516094
454547
840501
845865
252757
254072
649748
615773
893637
996179
800715
648741
23719
163584
494941
969571
142667
382280
950022
248259
651947
431823
243594
297514
191073
47977
849092
152248
311482
626511
108273
424118
454465
533121
499020
869951
897685
407793
418041
776728
583003
836297
649570
699872
327270
59581
297711
548979
674061
392824
583363
322088
576988
782273
803832
343992
971635
5171
994895
649173
227225
884051
261469
468084
532053
524233
173261
129234
719275
366373
528626
435359
509223
373178
482834
901810
275458
210548
632267
90377
867979
85081
88854
739199
815099
678919
175396
75840
349521
785975
303764
988538
376945
757673
659202
436183
392147
566554
541519
547241
705958
381636
221559
411489
717554
616331
45487
251310
510756
517324
262263
457937
110814
883223
192284
330908
525318
891693
507916
867334
851699
493751
883066
104797
464476
990626
547254
59330
529268
599141
614713
273719
133520
913179
49883
960763
135870
87664
968808
542561
691995
75345
560121
47628
909335
775201
688015
332172
903078
644103
905803
37050
827775
45912
157450
236014
331369
472576
841101
498003
929967
463840
679352
21930
421927
40909
592246
371383
720579
444001
377322
268776
796894
277836
856633
589433
43548
476536
659230
520438
74801
191944
978952
114577
433975
794542
170585
87178
226510
313210
862195
846683
629374
100283
155474
918611
448669
826361
646904
136837
805862
572067
465314
263422
572550
548437
985632
756235
867443
576896
378703
945194
402466
914584
252493
145906
337847
913037
325084
307840
984585
38720
852854
785599
687470
270120
411406
67277
378587
69981
46657
102468
349185
171811
116233
741426
959773
616131
459058
708119
308608
244663
630178
424167
617268
924552
703852
70
336966
245326
486354
422596
744726
790025
177934
592305
152189
447752
507191
627684
651111
108217
212551
568167
571152
501426
574549
846478
677905
90515
893412
546125
798732
381436
254064
735388
707805
169399
763813
615536
355184
222743
735568
162510
342073
660630
428104
101242
810071
166116
847994
467361
919005
486498
365730
609263
827144
978178
74268
939044
310470
706114
348222
221858
617698
766912
544670
462985
552179
561792
940201
724194
633635
253321
928885
562691
469954
185809
827324
725628
319642
53766
905218
102866
347202
650531
593295
6132
989388
195961
845875
655601
244605
594936
907538
962426
620065
822146
689681
327355
539532
69065
417368
677623
651215
114904
66971
474154
883816
163473
767520
760130
715871
600110
863593
127773
313137
519171
50944
489507
120953
933511
410193
436873
646045
497358
384395
33884
426801
769986
790991
74853
696734
7846
753452
451310
222588
820470
693785
970858
467144
162600
235875
613084
534289
127400
433079
441975
487470
461465
207112
359808
512119
174770
580211
621747
371566
464166
163303
768372
441286
898277
90469
856892
462157
621278
921707
155337
542441
891671
304402
694961
916728
999852
563846
982367
489335
537212
621209
772000
229228
284299
861753
504596
260709
64715
623092
982022
956209
848469
705079
781122
769005
771018
504959
362164
587729
478782
419859
598142
742791
555490
745501
403916
537443
164450
605392
152304
869301
27943
3146
86249
991931
926336
673176
782508
192891
954807
437775
179810
490588
375204
883241
636030
362800
914585
143753
78189
877367
890317
125770
823017
814692
734094
493280
66597
220177
328245
700365
361361
179552
180290
889669
442049
141270
830744
380438
510
522737
322160
673010
839547
526326
387344
90308
684687
261030
771887
997720
429279
809254
261417
758488
779885
110421
320863
635018
34974
464212
99112
703328
722508
993298
90859
707700
814570
350698
947622
661354
579253
858406
245011
463175
632645
43052
722441
135009
130140
231766
413984
32692
708765
235405
215170
438934
836843
95023
869029
352403
501644
794780
221872
502921
305200
35947
441662
993668
161438
412451
863798
409815
559426
946753
749270
766633
741068
891401
808579
499702
951177
539188
629046
543150
869298
478778
318163
796905
774214
463036
375871
839649
644881
132950
267147
350613
131908
459016
754494
711403
327126
712270
461140
209843
302717
503638
336785
676081
729384
586530
59744
647779
198605
306507
250653
952842
946493
872640
689245
405094
979347
447200
444464
225755
542664
155798
722206
851160
313142
363443
820698
972449
881133
731950
29726
839708
772243
616133
85619
365860
484192
525116
898049
940081
658363
427339
254204
802694
536043
244315
171345
451691
542301
952747
803199
847155
168552
956327
47032
320414
394595
205242
787221
486643
153297
164877
69434
846582
413813
112203
468727
568473
329815
551258
308689
573147
726220
283534
897010
209967
752053
350544
963606
269046
238394
805740
177985
600283
540480
764982
656807
217046
828659
540449
16419
910182
248971
787208
858202
515698
114473
67031
823131
696387
805958
111793
667126
353016
797868
100001
752437
440099
842857
652632
553004
153206
989166
821378
728376
579050
246586
405919
944561
345588
930322
48970
65131
691401
136286
115946
656992
120363
390647
278949
144559
453120
316872
94484
19976
765373
478990
321773
741512
996069
440607
654584
106050
431935
571534
366383
331018
313824
936147
13808
845137
861725
57340
767130
651735
170329
517186
580342
475456
416678
572277
693900
906059
732458
76938
197942
891161
172418
537471
945582
565763
160626
580705
109852
129982
778255
757990
902864
27353
553839
345406
236377
150404
146193
883011
49800
964428
926562
716161
609155
320229
380762
474602
928896
321872
881149
706880
137739
681786
390094
11311
444581
418619
570032
563800
336360
760694
340800
164844
941032
138086
110662
203066
287825
41235
808370
375995
747578
847133
884784
239057
499275
905684
814006
915112
428001
932210
9991
324080
248360
178868
305528
461748
698373
496872
134468
847543
403126
1401
16920
78380
495404
456244
355922
297931
424864
170951
443426
580388
243546
279114
672341
471686
958422
28524
497749
413377
503788
273092
637977
457362
747787
588451
591901
97606
688576
670878
666685
216122
215423
790868
676239
60941
397811
655533
486399
400225
616792
169536
266553
9655
81549
267229
262646
173813
899168
337769
896864
597960
10624
391395
181807
168009
570709
762689
999382
90229
166780
200717
596532
26676
358321
621104
645225
192433
178769
797456
860189
678073
301338
835911
204250
14617
419314
88480
790096
237307
345316
540260
537425
714743
626237
777069
431576
974214
932669
980330
229477
710612
437536
569062
780808
725955
295395
140317
714053
925031
365511
115084
736811
602906
920515
588147
464453
459888
735740
582307
924145
315124
813674
909922
772547
945460
936310
154760
451584
818952
216079
849488
976736
354624
9324
610475
494984
879281
774306
710442
583274
785456
395606
170203
909894
262472
236378
964733
165907
485653
386392
238157
829762
747545
312207
205970
329508
846899
117034
652725
248942
276696
841625
459309
982541
449627
1070
112219
895648
664078
359702
253052
511941
311143
669313
281000
945591
922757
869249
121674
298167
776808
619815
382034
561268
16714
604342
916420
143166
708755
165416
532053
793153
969358
269738
493264
255066
164970
113557
495829
835911
456336
907716
858272
64707
410595
53477
816604
123191
76530
338786
733133
477081
131473
208730
62072
462389
821736
252342
298298
524263
365626
278270
692473
670252
577968
295527
71862
545667
338068
361040
566889
684968
279824
351338
930564
647126
539643
849802
639950
256094
698654
466178
592372
920855
287273
725588
614920
430502
11190
148103
851056
308484
139491
460696
793209
711900
692307
408649
79270
940446
600226
510669
879591
428317
543352
968014
866350
788166
330113
913030
813231
55446
753111
268313
677610
210323
311777
142700
503965
938306
559935
941163
309269
942447
196287
332831
377991
972723
320128
287823
766308
680549
827960
929629
216394
343268
332291
735725
490128
497242
597054
224696
215357
103255
465988
638379
451267
399202
191540
980824
576739
429248
830693
422946
24030
348737
781693
133655
693471
819759
304802
181769
2080
201935
226364
297085
915230
242073
348881
975562
628529
42492
227736
436393
518717
304500
186060
108900
927352
841851
392448
192606
420160
793961
143816
206795
378461
472760
590876
855310
311647
538399
655676
540115
61031
68942
605518
611544
771093
430834
648181
38734
241049
796582
109430
496784
363481
664467
896184
504665
504328
964735
261207
807871
74044
132003
127469
350302
928770
791230
230234
978841
778633
525234
333464
745642
533959
112465
376690
801017
341243
833254
290349
129107
857505
177382
878633
841167
840206
914968
175592
255044
365514
559539
287547
141293
183671
482748
499743
576587
78343
310126
249369
190181
922687
37333
100655
507950
677736
337351
427669
179252
147230
506044
237811
739306
183175
29073
253944
382141
355457
985788
58972
173890
966030
382995
91071
225945
846194
981811
138986
763178
757847
948063
886311
119305
123042
930909
200111
631261
105160
240913
631174
642477
891627
152563
494348
350
98864
944834
67443
653641
538524
17800
259159
749618
113274
688755
16829
791032
247576
914931
415021
804307
414231
960974
559818
933094
314423
357090
419314
588974
979298
786365
908965
134210
490934
550658
413037
463135
424556
167129
504496
177757
430038
839910
423398
210973
83315
642513
646386
1571
25012
17933
540936
120253
817712
434199
743417
208360
260670
46938
455988
407862
106579
491087
552941
761794
516222
15616
388010
888155
704530
352609
823193
261713
428814
889740
717173
140547
522401
50682
944400
544925
724438
336288
742826
474394
494046
225441
840664
829748
124017
387525
921915
762401
189000
245053
414094
693586
871383
266435
172436
915566
890192
822116
835223
129222
528831
56441
986038
628102
51409
193356
149866
513604
287809
807381
354271
224092
835710
127301
179989
956694
668619
804450
81680
320366
705140
949698
361958
373442
403424
260496
75145
264643
906910
542949
809298
8484
216024
216312
590505
891374
906431
35358
935861
824158
120309
428621
96718
906916
432203
755229
293449
982046
340537
677565
966978
576530
29546
53105
933082
600833
19327
126369
25121
489942
102712
988380
191079
640648
816400
158451
336612
67359
541136
654612
674727
165243
771194
68857
63244
322512
78980
41300
405027
786675
47380
928615
938138
651841
163236
599430
283077
902765
98663
308146
651734
370530
231572
293728
773527
274706
243108
475136
945405
157401
984646
58290
84305
819008
862604
815735
701227
312021
290826
313511
847193
477433
881286
48407
859879
999342
708531
130371
569671
590857
235976
147027
734800
647510
961106
736469
733984
580241
150721
112689
640788
854358
225748
899300
596870
658287
191233
991108
924392
680336
903249
225693
140051
217577
345097
590518
803305
836495
952735
65435
434350
867071
434281
198720
135869
887603
459447
638906
862154
83283
740001
554675
841673
47080
830656
257405
614824
681463
699094
57145
144035
485013
795573
404211
585529
659398
943455
398226
648859
391731
252238
68324
273478
304625
266406
968232
62084
572151
88585
922289
133897
964981
770784
196392
733689
180788
269151
26829
279718
398884
837047
977790
632958
600417
570062
200455
130354
567108
440983
730157
322569
144590
629756
58871
635154
280954
20865
164315
127088
284238
343734
455272
88847
281809
489824
260994
764383
350143
926045
634215
81042
652896
419490
503016
99737
603610
683142
651698
739064
139324
928653
955977
806508
766685
563524
400870
430121
839098
321672
302620
340956
325222
943776
405219
723506
824164
570519
718676
100666
343359
536199
541464
67534
570039
349869
590127
422198
401973
817325
952521
46904
242385
761706
310986
9856
171935
314813
831684
903243
802548
783085
236464
397286
790540
374909
732588
685086
347351
594822
929481
162909
392824
627604
863628
566164
447835
198850
941970
672899
895600
758277
24636
47736
980935
776468
573664
943368
268558
23750
160060
120268
483841
71212
156610
129846
228848
635001
585835
65388
532855
639015
347240
602530
952224
512734
610968
489062
271504
942059
774283
27736
367776
256005
287267
758231
497113
953388
79145
144087
104445
888202
127915
349324
246220
211046
571387
948858
12512
418678
493202
514952
555871
739088
159051
502344
840547
588204
773828
650620
824269
972623
473474
396345
723784
913008
342861
674446
859952
298069
715370
592747
140540
613859
116134
491876
253515
656863
911406
13033
143152
30767
322631
454353
524654
36443
673031
674207
651152
610357
358046
906916
220343
5506
232670
686049
716410
118145
557061
676488
946493
665323
632691
269595
216428
774247
954390
327430
487618
875420
604789
857393
131906
651106
566149
349520
512954
590977
490529
173350
383216
820109
746599
451416
301636
127134
703176
584909
772988
584911
52665
180009
850597
33341
360578
984564
52120
808757
67188
321291
915655
425321
244522
779279
497530
327034
696036
812509
533058
897697
479462
838925
302641
535825
197820
302137
591179
580566
791715
896565
791597
133469
121965
228187
575805
440607
340694
817719
122773
160347
549672
237414
690195
616254
176728
638152
967988
934790
778627
272523
410760
521357
526871
380862
554580
355065
48035
537007
381272
563253
877503
157740
26083
207080
616646
7132
46749
466090
794777
378971
940520
233703
958997
480678
64808
517052
359027
254944
448240
205515
412174
18040
22319
617938
898365
359175
23876
107328
453882
836928
464999
358118
908780
943333
755969
329422
28608
268033
734013
972281
96705
943418
392313
987863
725033
147780
916163
489412
658359
824379
779349
274027
706397
182825
774648
887181
530255
468614
655201
362469
940501
928463
554523
131053
957089
362909
920778
155474
572713
336313
74965
10370
47032
803213
589350
502931
587005
303305
97715
366626
766563
262067
860496
54766
253261
608693
317264
545265
833223
78805
526902
235363
241605
737412
752690
331021
834788
856954
615449
501767
324714
346291
276280
137397
574774
263537
684799
258834
508421
937333
225782
432058
500207
432202
591528
280120
898136
212921
918851
214014
860089
432984
167628
19945
575396
344439
414774
780757
979481
429130
996435
255425
797864
474958
378181
371431
611325
585508
824195
730686
826596
421028
770536
734880
264992
365495
83905
219467
617496
988057
63357
445590
791368
755947
431456
897174
303834
955324
482241
808960
772399
817398
431628
204762
618051
859955
275793
863186
661337
229485
845478
180911
386967
214400
67231
613995
79463
232629
149791
48823
992017
417549
998523
197474
567916
114721
250657
805290
188152
330302
187538
908132
812945
238284
669504
418855
983352
789033
608101
124101
103251
728934
247118
755991
649912
279375
278483
187290
281308
523767
618369
378646
285784
30876
285251
485447
210273
699267
121040
974457
903604
772987
491465
413238
225836
27145
582771
368532
782271
955907
314180
279981
169411
581891
942954
118083
555616
499437
445604
991352
242318
686960
493478
228361
108648
902270
253459
747423
927355
444661
567424
148482
68290
303789
764966
66090
935956
462483
153539
227807
797414
799089
983684
366073
142645
306189
841275
273374
207127
46351
787207
118339
620733
960404
158573
35337
664983
395562
259113
971636
309299
214767
487980
918099
628500
59025
543885
337315
59768
855232
63043
386244
472818
734320
973867
771797
767707
765857
27772
19311
539335
386128
226909
621456
496639
473945
442234
281179
868578
302383
877726
309660
466369
505588
529375
686521
82575
383261
46201
122474
228329
311542
26372
496679
280536
423055
622883
788161
984339
808503
334554
256469
932489
394719
882271
387348
803454
150063
431327
970858
788369
839088
713553
121649
979379
810302
153299
253918
294081
53494
370085
931853
480683
344399
389442
883487
234689
37778
137610
590699
379929
381449
36303
301639
577900
413491
507026
218623
911580
772963
775716
417343
771715
496634
37118
385951
792476
783841
596845
799427
569617
831756
425884
850710
755238
925212
48652
851921
333308
358256
483852
316655
34247
289329
654636
27224
178023
544737
301268
380976
847235
502951
490942
14083
458834
501620
703269
711283
705716
540000
352647
840849
510021
721511
102233
755588
836056
608443
340028
405546
952276
602701
377438
250713
38025
928421
788378
573862
307736
231380
195693
819641
292672
658285
733359
453074
39565
956147
297288
689794
886474
282281
85459
947164
775875
978319
100819
258036
708587
80855
894599
47174
918556
997869
630037
367240
193826
399505
616759
512845
889671
751586
612097
406640
122769
55809
491286
656710
995693
465417
215644
638447
418632
829539
523223
992579
707829
285909
546102
853645
263896
107030
138674
787200
243574
425485
825233
80627
126858
620172
579346
776179
17020
202643
894340
419621
930132
808519
262460
535892
31441
188100
387804
373750
568199
988388
583885
892223
824216
667438
749000
903707
78899
411101
889057
546015
531431
987333
807748
69861
916166
518592
319593
746913
135628
472936
722779
951322
894828
190686
729439
309036
166587
284978
144187
870415
590619
820530
265333
499492
588161
810015
511902
32663
617310
100690
477971
572124
913377
348266
485967
435833
710783
998640
387454
51899
444775
173537
867874
517792
370541
882516
270423
885811
785605
287026
841366
992991
272824
826532
553598
984866
160196
94298
757734
733461
678333
305636
425519
292782
597066
649490
85339
628403
881583
584114
303003
899425
971971
962943
923334
359629
313350
986796
743527
568858
713001
204544
131817
689748
119986
74905
322817
684383
916488
387958
780258
44431
687090
239429
63209
52250
187822
823761
878428
233906
478372
472423
763249
24352
102100
640665
284917
359867
893642
649659
428866
446786
239077
256878
496368
914787
183737
347464
88028
266752
158209
865461
925801
762613
194048
191751
507119
96097
167573
104808
910830
247351
503465
346830
150544
686357
321773
52269
235830
637350
167116
446784
210945
779422
229437
391992
134187
96143
129551
562092
472660
188714
169726
205215
180782
401121
722922
431061
217100
706260
361185
290737
243436
340347
634865
636218
902974
160119
784298
855830
292455
900844
702139
330057
447333
837561
455556
719014
846000
546715
309090
699018
518838
680382
191161
341211
182850
245332
366074
974345
776060
626742
529026
513791
873071
808478
439592
840463
755334
656
412961
728262
908189
285804
172717
912160
238192
752036
588582
843885
64741
737452
192285
885652
201151
134751
170061
599944
371116
990524
930032
69373
12171
49685
190011
316470
587716
693481
694597
249289
417126
675290
4212
128716
297717
684981
512320
695850
170140
893753
532702
448717
929777
740082
391416
662053
498175
667234
926061
481303
752450
506444
716688
6101
699174
71935
189205
884435
664569
996641
673613
115363
454621
332784
987104
955893
130198
299638
207103
812564
702641
932512
516418
579050
764872
296606
641651
775832
615681
277062
595181
919703
293987
245147
2427
310203
523600
568752
986279
276982
88000
39046
504045
516062
762693
680668
948890
887919
608568
717926
595802
676645
330230
969183
131282
411764
178517
864061
973756
120231
194583
898578
637154
331692
432452
73032
224245
979749
650487
822467
241009
746724
130156
481989
754048
966145
461511
398267
220767
382478
669661
834099
744493
386730
366142
240151
534643
41262
921187
715689
362099
256401
259486
203348
384738
755440
9256
933384
234317
547806
643845
566642
317473
959414
122068
457419
608629
736615
977391
797504
349604
112599
741637
268607
838179
185203
8736
611235
556331
163323
513079
856647
2750
504446
773611
635019
5295
551789
57219
850308
346041
68358
504646
13505
670509
489021
602110
886055
660295
257824
447365
693869
899601
757328
497475
668523
118308
940163
801073
892703
949966
501681
720475
622218
178423
735704
620965
671841
683117
510619
576104
315010
887326
179417
90144
87674
774156
861196
6861
475776
273980
503276
420491
176411
759805
190018
787385
890728
883398
496681
450737
676354
499055
524932
682433
445537
555156
233915
35816
642114
569908
806834
598382
614162
128758
330551
68378
89220
245119
44670
551551
292738
242267
110890
329810
551879
879391
14930
982058
997336
536128
158136
641877
162022
934305
887859
340279
359839
766739
253753
602156
209742
320950
290868
171486
837576
25029
805305
495892
210983
99034
85963
479638
937873
914229
557108
564434
534727
498485
516124
66382
505710
17864
990670
904961
594186
187929
649620
533665
3282
962102
542385
12361
712247
192076
156695
250154
615027
138360
116197
363475
181621
204117
392415
807467
720787
947335
137623
732732
599622
539973
890353
98664
34949
666302
890270
828676
417879
705393
835610
496906
86246
499714
688887
125110
929720
161857
268946
660970
483998
34079
561117
474200
669542
431467
608031
554915
988992
241825
958470
439153
109086
519169
900490
162613
128073
522274
209629
413047
330670
286673
672348
740574
828588
720400
602882
796661
266351
792869
249765
700833
239807
620896
203742
968935
109834
290384
561864
806022
33138
209068
391985
714775
646757
509610
607053
703388
92729
667472
169589
964427
846087
395625
485492
6522
116693
511837
74748
532413
119486
150278
568706
295104
339574
9286
819826
825678
202423
256401
442562
27156
863618
320473
55229
85728
332487
104725
737869
971928
474129
109323
917526
143556
931208
275994
152107
841506
222956
595303
57324
526413
567134
272677
791883
420238
61950
373714
663460
241299
896012
441290
608026
398177
539150
679420
903705
247828
690420
71487
733954
349389
936456
912686
375548
432627
236839
374823
500909
698956
292743
116232
621947
232306
53068
252075
41704
528379
58582
220756
266518
720322
800483
554444
414231
233528
556234
675563
548933
441969
16910
950174
15915
180961
806199
716812
23108
705266
18839
394834
606317
569131
700575
254578
981698
948196
405229
547094
144037
29397
906220
175714
263052
845606
367549
619146
444661
164023
802115
204368
254940
617694
159505
781902
629549
788480
212061
757272
340724
484150
467573
845017
63564
307312
477600
730272
577745
254360
830524
250665
270976
229887
954127
583133
558985
508328
780050
348171
219843
11506
194754
194434
840663
343957
221797
949808
827068
659608
439089
713849
981299
66201
131529
145359
156337
852111
331145
384667
876149
710540
198470
348056
872896
186965
852479
437037
945643
300773
347822
993479
813340
869100
138645
934922
196348
719229
38688
553309
783963
708565
491250
291133
613328
854201
391495
894444
528275
892850
235235
596589
595441
568161
721042
558911
814184
685395
375118
479815
895988
975502
370
905269
9238
248841
611351
611188
207168
510016
660195
384009
371536
600864
309399
320965
104615
245235
202494
25066
63476
270189
897082
854116
813053
316963
959082
306413
17743
615044
449629
314173
797180
533527
447885
349001
624284
734704
68271
99036
287198
666974
414857
368217
478339
275411
511792
1614
53216
654375
301463
616377
958922
924487
445744
935325
188327
988956
482789
939511
168013
145411
940678
888269
476193
174974
597910
448525
507971
652519
62751
475001
903138
575431
639853
429841
467385
353905
934703
388828
980991
730032
710448
651218
531810
619605
741910
383417
361776
850777
366142
903912
44453
241676
124579
423892
645864
780682
960430
760479
862159
820727
879239
220021
135281
126439
98233
509066
503832
946771
996760
419222
70324
794314
938614
193979
422585
558697
26299
632779
492140
166381
612758
517126
97715
425422
753274
522315
434449
763807
196058
767416
14919
342326
515809
88693
996419
807837
796821
453189
300140
199404
792840
419341
924808
995280
369968
165110
269805
893700
284118
44759
123182
294663
848712
420686
759875
480922
894321
232396
692628
805791
987656
833590
266978
809766
940550
194946
673899
64118
76100
776500
169477
939562
933249
934623
824312
672818
537533
395182
80455
647444
173843
588308
99660
26606
785101
629051
170938
23876
990327
878146
831196
739359
247551
483171
27097
680545
998503
443431
549127
493711
958033
224686
462688
791103
983873
394802
76235
958485
255538
260079
858714
958591
344921
546624
513518
404562
181657
358961
750522
566675
123460
773680
58672
834707
302791
860357
265553
986748
291740
439448
576083
462497
484211
805055
477747
392653
221441
404688
667414
525312
894235
664168
624491
579735
656620
738960
549268
85881
474129
297978
768144
133769
418183
138689
240760
977340
742539
343555
146089
920221
39855
386812
611102
737537
149277
618490
21309
835953
136304
56790
748925
722900
913179
44077
972867
399408
426313
700929
785608
245274
174883
920578
511249
751266
898223
769583
489016
348523
138091
161565
391133
644877
233647
427247
561942
405533
337712
28669
379862
60447
782891
49382
200131
668568
719896
827703
124538
498119
310469
280068
214304
867157
712967
310254
125546
925976
624717
239164
845345
47948
533009
823199
527392
462912
505563
605412
843017
673506
853998
48371
448561
918445
319933
516331
757039
50103
346104
325030
959599
3247
385343
587512
479314
977351
51745
886342
914756
787761
936430
848360
119275
923468
127052
127123
318889
245558
31264
100567
688911
233729
780767
987413
349135
865537
280550
35524
833550
750863
557118
217829
459867
384709
195108
360501
920696
414759
28095
473037
148732
354130
546880
786385
439886
878060
74631
632223
704978
596226
747762
299389
36284
104205
488340
527041
739944
257558
187139
530516
705654
64415
468805
354073
293504
409501
582362
635594
852064
965685
700198
912989
201875
729580
11400
562010
933156
704811
570955
958231
169820
3848
30807
844336
421021
108933
241203
509150
540246
970609
79914
540940
417121
787654
957721
831600
266054
932550
973670
401790
959565
786002
274025
177653
845882
937
346538
824796
75301
976000
632407
382063
835736
391655
536011
832865
976676
676421
161125
220874
377252
508845
140937
466703
958100
163715
99260
566196
252447
933903
777534
99228
974923
28641
67365
285960
413225
722203
262321
267568
620760
12718
619010
271595
153381
177776
749075
233283
50039
829166
959539
589734
639798
233121
638369
911402
381414
867173
967132
305945
483774
514728
972687
944322
178235
362576
803374
761749
566797
913357
379680
646357
244391
689871
743102
580281
826688
391350
282640
223312
640578
467421
916004
221085
132575
108493
293749
36867
478600
273377
679334
660190
977922
717251
476375
558464
763558
621701
530298
901752
442762
770487
379747
777828
495222
867689
856261
615082
225531
771953
24128
775821
847739
229169
747015
445013
166374
886749
762356
533749
76024
534643
658867
590806
3879
912539
665677
233042
414176
129013
494757
450385
737559
17445
492252
28331
621422
460290
76882
297354
33907
4546
48027
595112
199334
758125
162328
584459
158532
838904
488341
623744
842337
661604
458541
275147
840862
904742
695204
464091
122462
47776
350313
841657
254501
920991
934542
263280
36052
797869
557031
354090
123966
423085
692774
607250
814056
203538
89618
397685
101204
117908
814128
652725
279142
609911
606929
613359
457791
157478
53070
52043
578277
625329
609312
318692
513476
926686
350696
773921
804706
137420
74280
284067
212142
403188
731194
156478
280614
856400
558968
371618
888012
923386
828701
20514
980994
828236
542704
860929
562069
497860
770340
475253
599403
880960
655869
505039
60488
999023
191599
567664
515952
119226
177849
465236
288768
179547
820412
947040
907246
361943
952556
734400
207632
890237
817257
168860
537814
508245
421592
891698
293432
452133
747430
218378
347326
701885
477732
690550
969338
367618
126547
989922
110504
758530
92412
622969
223514
321450
805310
40430
327909
887739
398276
394740
534385
758137
472470
266655
288250
624271
676361
171792
110629
279931
990453
914740
557038
921293
768793
749341
784336
897656
824612
476533
120421
554293
176181
9394
342532
415944
941629
668935
420572
545741
599814
774113
711345
929290
872623
33661
669323
284797
546366
547327
487135
517621
671618
809387
855059
865166
228203
347105
85404
341822
545258
572142
419553
226710
99581
735587
995307
310629
922228
715273
520970
313425
53535
951793
606539
136119
335704
255888
703490
855007
726955
401725
58304
200124
34593
805847
848521
514109
40832
113436
523066
21794
593365
507053
83310
257484
362575
372761
118334
15421
719269
234748
785139
338125
968368
558556
692512
876090
708119
190237
137054
789514
281898
707299
758556
249957
52388
184551
920225
396600
249289
214065
781837
785500
18966
687802
827111
807011
801382
968597
590532
335723
364975
819859
2354
782176
201204
691007
827085
671390
254704
177277
351410
61878
359313
206391
26481
131292
387860
196529
56911
936935
281675
966368
411549
358945
234333
193803
370548
750134
933869
189646
214541
245651
696534
361138
226624
879662
327640
226483
868736
766345
871583
445056
385360
754393
72659
928456
749127
491513
127820
627950
266760
952786
124096
361278
707917
315229
42563
115115
325500
531759
36380
212442
197063
80271
232588
123490
91078
775945
763595
287696
138023
790951
902889
930202
194734
830187
115952
120694
914923
890932
897567
551957
485992
654533
361744
631427
446516
476993
760550
432839
931574
81941
276429
356145
90092
829297
195081
583210
522398
430508
801285
720732
125048
340658
527342
148808
316735
486647
928761
588744
355094
446565
140576
99042
954570
938716
266978
996360
987283
535429
528464
100171
343251
261445
91270
907974
605490
65066
539299
314190
546496
520367
209620
900951
952747
709268
573293
733041
298827
894329
859937
81612
312198
914043
669706
888257
398666
968529
6081
653350
134884
765936
388792
327299
750691
163283
473311
553035
859599
593493
649710
105673
333671
60399
247751
345059
696093
812571
641730
757011
102753
171322
211188
547643
92114
276984
368916
834118
500752
727033
126654
775019
439911
92777
781724
518956
278837
690869
722270
815835
712732
326638
428428
593693
673887
689980
87700
911878
871157
541388
72255
385086
377176
496586
295379
810672
905094
905099
301855
709363
145015
708564
321009
81268
473230
592116
497562
901233
335350
720537
85815
252880
722300
283780
911280
74844
202104
944844
97892
749695
158704
969375
337323
754661
639122
398696
677893
783533
522227
849853
709752
955804
258755
788836
978017
615242
472374
410614
633758
852187
262698
799833
122515
647278
235048
165401
24352
693051
592974
54915
817576
181748
187846
442715
666443
667879
207333
407848
937424
710287
826559
728683
304436
870663
847355
832948
529970
998448
622419
938833
49261
326204
721017
42795
912359
94045
160840
831784
65929
261373
918362
72908
677326
237841
33579
874061
386444
551101
276344
229454
10464
855981
867534
726882
145762
906529
339562
896984
59024
217940
527753
597509
687462
262513
308694
385880
693739
855007
471486
439647
361304
297923
954147
860261
447164
700936
600615
630090
840755
930512
398163
480410
932877
370340
361320
120020
680276
426021
49003
787730
89285
950412
845948
375928
970947
911871
977152
518367
719354
880043
826789
29318
853756
6077
566957
73500
115152
725831
785723
350147
812972
903243
428006
280296
921265
343102
980962
74914
915606
110008
802321
559589
429445
97501
639358
82904
457327
518339
427416
818224
585138
320473
996402
508939
799502
311585
986092
656195
196657
639171
884646
509213
580845
620784
595955
983092
31370
687052
62629
686495
676672
453869
954445
480871
315543
784012
779775
182878
213814
740136
164064
324136
190690
377708
89374
635934
214492
624972
866636
370237
243549
547306
405055
648842
221580
459745
910320
979657
637226
896717
702360
425623
830641
937725
455262
513286
254171
26033
27225
270689
783165
222875
128356
334626
521429
586319
63803
998486
79658
684320
903329
652833
475101
139583
572023
622110
349640
818525
579530
93186
120735
446817
127600
354086
593774
329077
995958
241307
948419
396257
827410
337549
268957
246558
810718
746904
613731
221815
752734
278485
955060
276410
581532
773826
13682
537132
982810
116308
800066
10835
78507
249329
649440
472810
468453
523378
32205
835039
973576
270429
125106
228395
951293
34843
198511
980644
834732
490402
586678
176995
228896
775387
124381
282877
384718
75077
99996
145593
287749
475960
115181
923602
440614
534033
250808
21418
358349
967743
626719
631907
41603
944027
577156
995809
33752
919643
220504
933201
886916
386730
890386
619256
895627
426778
60571
743630
554823
592397
538317
765406
541559
474553
466452
155325
410841
974247
777116
256162
200112
571747
887591
578788
17932
247782
491410
612796
482628
676823
435862
637132
336445
153617
505145
585847
437637
448957
230894
458794
349760
908976
58555
326263
433139
998867
368032
159571
685470
974893
540685
311456
645190
530944
45234
218666
9264
142183
874897
867017
765557
487984
672283
318558
1827
572123
907463
753572
483303
508074
853232
4216
745570
487239
369719
856254
655124
380995
307919
736751
600897
950121
92187
858642
809671
226909
589876
134450
185095
441202
521112
68353
131303
247633
619489
382785
355969
386381
733935
563279
39037
646862
368870
593418
292524
54128
422902
465663
545442
574563
245789
800776
733589
237413
81379
621880
508517
738794
167514
361588
190733
484228
423401
789094
694537
158035
381456
437536
832610
47488
557082
86190
671949
910777
465361
966682
853510
76630
991041
97714
188729
820654
522682
461935
828215
853989
961211
645305
88294
69921
786502
237135
540703
598307
996388
131280
374837
587214
249160
74999
987981
485072
294344
111435
901786
551269
29507
981372
335439
691689
374384
462421
87673
758955
940816
407615
446483
784921
285958
524349
131282
445436
1624
647619
279506
527662
577296
950591
300065
774550
946422
590622
292050
700690
632384
751904
824191
716577
41525
960358
373824
143356
856239
983265
969939
471391
150901
894391
776888
118952
777413
983126
882063
379057
12126
631639
585729
284186
315023
792248
819111
556877
553614
227745
862850
417821
880395
488083
477190
941522
589345
662603
648250
162711
487289
562893
111479
613765
313143
510511
551466
499201
277745
978316
902112
570493
904329
126257
567970
560320
296462
725506
907365
423614
299761
471490
381435
265487
404517
369337
758559
961421
292084
622011
856536
589159
505430
970580
603567
442110
770651
737542
18343
17866
46384
708137
983952
206854
82860
501436
216780
952842
424678
337488
481078
643517
310322
896324
508093
866221
404616
481835
438216
439418
277116
391424
203327
105090
14420
627244
534619
978020
626279
256141
707180
339268
772734
280439
447916
129502
716723
231280
947717
593692
557061
74368
556366
525183
552035
996239
909626
634650
319899
319287
896919
385275
461605
298357
695373
3890
427363
660391
653813
742499
645581
811261
482303
646496
865163
767406
623896
106753
534807
607080
283849
665688
863055
658849
194961
310575
507075
765840
859491
516266
896068
563395
317957
454263
666441
684888
292084
563076
718083
852623
356793
171893
324367
476748
134500
66732
298942
303351
525176
881821
534772
201536
557860
140704
867849
945151
319548
204906
161343
981111
1854
984450
840754
695272
272840
866947
453366
827072
193497
892345
581777
914053
562505
758927
169321
225186
828797
977906
475900
153073
21380
435629
471796
490121
10462
235538
473591
362182
482403
243523
858294
424560
310540
888705
193927
484711
448311
368899
521425
42877
191681
190683
461824
804625
239858
331369
812351
206717
455262
402708
252932
577968
159700
899596
196138
772433
144054
17176
748375
474344
744967
676567
283811
860943
793849
559998
904341
342448
271196
881700
950350
498748
388786
789467
25551
18861
84620
511544
622756
21925
873390
151047
109350
287664
824132
976891
951823
259439
645100
695552
740673
742814
858508
220363
192700
852099
984679
703024
596052
337908
255719
988104
945887
854238
582056
183131
535702
174107
455704
242760
918171
842753
605948
978820
71099
766176
777160
656709
123845
634178
626777
754897
503360
236057
984475
402875
816100
972199
186383
817368
166710
420338
715576
926053
748321
276312
821934
738570
959751
388704
545541
347047
519212
368599
682833
701391
729621
666186
16344
381660
772223
897655
120846
496417
958612
59402
898432
635871
406521
274583
175096
626953
115129
695032
802153
685497
578135
406055
449009
736393
847614
505542
343885
257102
94544
526578
903939
408413
448158
452998
636878
516386
701916
57061
191439
831364
875230
413386
875462
452469
277086
930133
400781
638055
132153
350379
883698
121708
495714
412521
535540
682295
949782
693216
762410
930806
507347
905228
357112
506214
6916
193548
889378
842753
254319
1464
611964
638892
228236
453174
488831
149162
300103
394910
360281
131639
582753
282649
661365
58967
564653
241095
914797
415110
634193
243029
222218
281634
648287
707292
994529
858191
269002
869462
506087
541556
708290
118024
670642
150049
86641
905949
210177
109244
918111
623536
212478
395464
843338
421894
275847
297486
319244
229072
596189
412160
301302
650571
415966
212517
150135
256042
605836
450
865078
161071
6167
65865
282333
265170
962231
235128
859600
915672
543683
135044
169003
196418
254685
93175
961764
123134
805054
637991
859180
542438
533488
45039
854543
517407
87773
579657
463578
552833
715286
724737
811259
53353
697638
474131
388909
325672
229109
624671
23637
162120
600249
289182
466556
523071
541598
728483
275809
972897
790158
387920
423804
637086
47495
191506
6503
369024
269810
458742
114634
790304
448702
143275
52021
999605
827291
959013
229106
369783
398376
857628
436072
473940
748225
965774
246590
37523
282933
145095
139632
689744
800676
997815
699936
608248
934930
662438
979469
850870
783638
263281
976425
820496
451266
303633
287775
94719
577257
275542
156786
66996
441682
205030
438144
31427
882709
811669
132184
59009
708718
488388
796569
303660
997850
196337
803814
660744
634508
646340
131680
880975
474376
192851
18391
925644
908036
231495
557767
836228
117448
863892
103791
560210
699033
379919
790257
882670
137652
542377
493775
849620
1017
191234
479712
802993
361956
229879
520875
726696
88149
939451
318485
965884
285187
99018
777950
66126
548412
177626
878949
881858
412769
866162
930634
168320
674875
571016
226373
352062
957955
309851
253096
700868
308144
375262
386485
540034
226529
980685
641640
477772
535652
71288
519656
374337
634332
573620
965866
922779
796078
796359
729785
999204
104500
396673
497011
449332
983023
400323
348309
754274
167998
751554
424169
749608
872857
174557
577027
935711
504855
250922
989811
930836
298292
837101
733760
367646
773857
71549
349848
492959
783215
80614
339851
320163
846388
472967
610814
144383
111907
71478
135554
422230
753621
816889
37339
267720
469576
81952
352493
642606
986900
870993
100268
380201
824252
234729
638390
649223
557636
600776
859899
866987
21148
158930
884250
116867
705470
629099
438762
203917
7249
430272
803086
715300
629579
607818
60165
78603
220400
224115
732582
403937
51066
260330
542012
787269
587926
147780
840570
852187
64817
338415
261701
494465
877363
466340
538592
701791
177686
765501
323818
936316
699034
864171
929462
400871
175401
310228
229033
599240
716018
513839
280863
579089
435364
402577
383155
944634
343136
909076
120781
699871
715957
360863
105498
168383
134296
715215
150562
713488
387193
686031
999225
425952
209887
296357
194262
808187
553611
473561
15096
981546
649049
780119
11306
172888
775544
152252
470959
148738
308808
443365
321440
344225
32087
71622
837788
185462
516577
132569
271853
235763
139273
90804
279304
229223
673205
248360
857835
111982
773770
812699
112489
562278
847599
466433
339218
519851
242132
780574
602609
183523
451745
458472
565711
79461
968597
362809
164127
611787
327118
614721
151522
606918
117110
159940
970676
344063
226322
987676
908249
995498
629872
394065
413388
87432
967588
37928
740532
757755
137659
390606
501145
804257
590934
500502
109666
694097
333300
45136
115694
811508
26190
815831
413206
561505
395466
682471
28226
638105
395364
643048
452625
329660
541758
87266
964568
780753
788395
480372
347511
895667
14157
160113
75495
29951
578240
968466
984013
93420
603014
142827
548797
840995
965485
588671
203922
19157
107157
874826
643795
986225
60159
50976
796482
65435
226759
24683
531558
633351
931863
536314
591429
645068
754396
66861
78546
866999
531046
922536
135023
82526
558525
223245
836145
757251
360376
962115
5964
868591
945915
59661
656341
331586
635484
420877
188641
738951
154029
544181
446360
403219
279700
743917
824984
700364
743986
581121
652556
217675
910255
762631
632844
143733
859687
314064
836847
537625
473109
379633
567501
438951
343997
557452
771310
317892
442498
914320
713101
386799
96874
331517
604542
31099
667148
742362
853598
829985
199126
903964
355518
887324
21906
69358
746592
653327
343024
218827
160292
724771
221297
231302
643601
85931
164301
202056
8341
525985
757
870168
168852
258292
270221
42018
511789
121148
788778
517882
39600
853408
990636
813543
510520
890176
138538
635721
931382
696368
4164
64442
682360
216428
687427
444805
517996
908158
224497
242534
426451
802092
585412
113156
465950
749913
341305
395367
772796
157793
619747
468924
706681
349692
163098
269272
656609
752564
125903
301218
897016
973284
209837
948356
943387
355230
217013
304418
319784
111131
613390
377705
307565
597350
631147
502711
92055
83855
307912
639656
554718
274314
184249
608767
715841
569735
669665
202169
903441
619041
479549
253325
909439
608098
572845
684140
978106
539200
151958
51094
379162
211627
82840
981849
442192
520096
665123
555211
692775
920689
697921
516573
200532
517599
694678
616699
748754
739511
644194
345274
563784
258770
164672
438899
203437
962012
87692
747466
294617
502097
21671
231671
858395
105323
320966
158908
494056
21804
429333
955788
833870
663600
729600
229760
70236
937834
71722
458821
13905
191241
159019
371551
771599
52880
818034
252699
742109
216476
556694
932033
141612
691498
409170
114053
408085
825470
948191
61844
960220
245797
689828
651782
349201
85198
388644
299565
498760
267344
133508
377244
740701
838431
772368
121599
772508
445937
746341
687462
249638
307829
324618
154231
418678
672748
533624
250449
735982
914470
268347
72360
317213
735585
992905
13420
387410
728380
814933
217831
582919
176481
208339
441113
446744
371807
733908
297140
844491
128346
387290
498977
82192
435650
717041
453897
405361
436746
944326
502167
902240
693987
359717
393290
12785
316003
905357
629913
749247
169037
393954
415812
509342
181480
860117
470178
182375
811173
354229
219430
865075
536175
89626
497190
728073
5554
839829
332015
819079
401301
836282
373202
368320
417339
867358
741625
779538
282465
329635
30913
830289
829026
825599
62878
239138
98721
474080
628789
653338
475812
709688
104959
675883
350076
168353
156780
125813
980062
967050
765578
450541
363056
667372
282564
398447
599526
949770
427485
305237
697236
486640
915459
370183
994749
678401
633321
511794
957300
217091
756283
522845
435331
156306
334417
490777
418820
4486
520693
308564
456714
197210
558965
361545
443496
522330
450490
556821
676273
673461
141600
329365
932505
973897
381787
9686
715891
34168
165557
245005
9687
329951
158746
452032
39961
96857
416220
608206
807198
115192
250983
730171
620824
237891
447645
756166
213718
346713
686580
750112
41573
413910
340250
440852
748686
953731
962351
229016
922192
56393
898889
456917
406400
595653
45034
70735
992665
40133
372973
788887
648897
728470
992543
177222
93118
49965
566106
547763
48917
193115
189379
373172
628988
98717
621155
865204
363257
565530
550319
956095
552419
661140
629226
518553
484695
202530
753434
119680
787235
670539
693291
923040
23251
425378
849938
627923
706432
982616
46313
465126
618683
46904
447047
579404
660847
330962
783344
703589
151360
775919
543811
905953
188814
61037
886067
724721
300615
187887
325609
645326
992975
666939
648941
796958
101474
106328
616324
466160
451496
992223
495675
712398
297134
791912
560396
661855
419534
469202
660389
541590
158355
833279
765731
181834
554444
820188
911628
416461
359076
234077
496947
151463
18694
684510
189852
610244
265382
849779
300631
296617
613291
943607
446900
241871
211974
308706
152013
850437
105140
19764
926224
860481
301128
542473
267144
162011
940128
900377
51779
695245
795
757677
717391
965845
409669
489897
622558
690974
994265
215999
144153
558267
220942
339293
956741
255603
94242
564686
256396
729694
416184
282347
754094
763852
950627
203462
125083
129912
455224
210093
516418
745817
340881
496395
555217
867615
879636
56959
227245
324142
463689
702254
665706
557514
78705
385405
669498
210936
154513
862363
8721
899539
757001
793493
561921
661995
710211
327087
335897
702949
501526
601010
442100
584788
690822
432619
864916
563208
284932
294085
257020
346248
135898
755176
433099
799855
410466
326842
394898
926802
433264
371752
483155
895250
822143
793424
87673
811703
532833
375518
823279
728722
624202
189128
694300
105022
135159
463548
476854
300382
846884
910978
558419
679285
295751
267272
657434
864638
845930
665672
690358
702488
37967
320286
192433
503757
629572
552763
924559
138076
135014
654738
394773
479082
55054
717462
307781
193406
665242
186077
911614
603349
114351
354791
116947
567849
974139
269648
72710
112215
501641
237255
303281
418260
254498
617309
600208
701791
177742
512846
120723
286814
362977
45135
91767
759325
503270
710141
64140
398762
544400
953244
492183
622771
133150
490939
578644
492918
683708
333258
19135
871429
297824
200463
884570
512997
337589
950158
46142
225435
218628
89724
229272
876026
845021
940191
766391
413808
596021
604837
462393
133187
201207
822164
357576
298980
481974
22386
114503
854116
293156
469728
38072
113930
39109
537547
655191
636236
715979
93723
677871
143745
683756
423477
622030
769275
771477
697806
662251
491456
919540
678205
896048
457655
723082
730520
366402
113754
319616
604447
781698
335888
434711
486197
361624
266966
454547
760081
307828
205453
966900
839984
335621
518667
21246
839000
536817
852123
59698
650280
244578
241760
206175
963026
627209
859180
71651
89779
520132
33244
243807
552718
754877
181200
551419
177397
858522
890570
276451
339231
198166
796414
478723
3420
8516
679164
775486
726096
561526
317145
240874
184470
448635
344422
437925
388610
835279
425303
688953
949887
962731
12220
761298
289305
160439
977710
771563
619971
319100
637355
309223
490891
984744
570222
629279
247641
465927
175956
428814
638219
896155
166705
990804
170310
661225
600160
763060
306539
522979
239145
42427
714920
317292
290085
758855
783404
221221
279546
700446
855340
692165
254168
1507
