838773
882553
854043
553854
757970
696130
879647
616077
204075
652491
38973
618217
429314
850042
523358
499617
544858
125043
643741
71149
956975
855605
419305
978991
784926
927203
277595
231656
161149
410858
953483
277139
916991
182386
257273
245809
309379
584103
956185
852785
959683
596317
627741
380579
896654
105518
971024
706211
640323
622086
63094
563124
943392
396889
337630
334166
880460
254899
660693
433094
841839
371652
964398
861070
647166
496029
130447
901643
99304
509610
767295
752999
358888
920659
181168
773085
528154
479226
84084
445649
660696
828911
512161
190719
88541
101488
585988
615771
968435
800312
41167
94411
67750
275468
750763
349527
471381
931142
666545
979027
652180
98126
132126
13843
741587
375950
914785
71255
769668
619309
927522
127271
876411
409965
398185
42383
192725
3186
969858
618721
642196
135640
397783
480554
450306
264864
86179
204203
78456
764629
890996
122271
32227
19142
859528
967551
369236
146003
642196
540759
302719
48227
605250
989963
853758
959783
361946
30174
554322
432760
531383
6311
555334
488234
738168
554959
272049
436501
822648
76257
294066
370859
138642
265332
260764
937734
364064
489353
296711
804677
733585
781120
312369
966676
94061
723139
302718
720160
345369
191709
744799
970108
709503
599659
572329
303956
53771
613485
142311
81370
135849
943713
124665
957839
423094
238580
737458
453976
334667
587354
326940
839267
805668
617598
194116
820175
698482
301760
750209
332081
880935
458902
924020
785136
610927
185773
150064
873220
697408
823541
926615
945740
171633
800754
479534
95889
677084
945864
311980
268341
831046
551514
244170
50944
790971
726920
358190
590950
818584
86866
593124
289645
156864
363602
225242
628116
336138
418072
610050
549080
747926
650021
50090
974836
976512
836734
943993
337095
260669
318876
27371
886466
162162
356219
45376
465455
234919
484954
170583
167756
327475
404006
193842
686263
792045
563138
808021
290532
269326
434721
363758
379322
244848
858667
919344
850521
273917
430518
712947
486573
281418
315325
187911
213241
857297
259726
887625
212215
851827
222325
82601
945100
910006
59518
472767
569558
735675
49725
503811
366691
259347
40912
62522
676937
271611
711363
82592
211504
389586
445878
289808
761500
766507
639974
590911
804347
102268
491066
8000
707260
119354
785459
785228
869272
594181
741681
821212
624377
867836
777967
96195
851499
696229
353932
769718
928113
850405
827071
578438
719802
313007
485940
906751
721201
56802
466571
879330
56610
36267
605477
61442
510678
10800
346580
339484
127271
811120
834798
318998
779213
671981
860999
598763
876204
734179
676843
334310
509865
870976
32053
710004
731653
924671
691805
125165
520087
118149
171155
331754
589313
405323
146755
756901
860164
470076
772231
420891
959582
107944
142613
500788
468875
859950
99310
263293
591186
585724
748945
605493
186546
914942
115235
296956
558131
412385
643113
16410
230050
769037
935951
947257
653503
374896
731294
184158
687541
470323
383432
777119
580757
904876
106059
452222
120335
488517
609359
496216
794268
392832
674044
593063
114614
31670
515328
829072
823806
313684
156592
559997
59870
864537
676731
712775
700472
387456
663731
547954
817147
517259
116853
483212
674713
371378
910141
223653
738233
144880
567498
438159
182466
551427
384580
172284
89248
460646
168664
322765
430807
680930
302937
608152
303748
539035
343548
363569
506940
797085
826943
290238
344508
281270
451124
751295
342
593069
228910
695687
851125
756687
872321
516051
472454
659944
691619
510191
53470
106537
575319
456127
98092
698942
296901
409102
157791
929974
910355
841082
425616
960470
519025
621688
910231
231667
44045
249367
142718
725102
371253
225177
626149
493579
759999
59733
398716
898103
394618
983891
100850
906248
406170
944094
125530
317317
746180
359297
748552
688409
441239
44042
472702
552469
361059
721477
595056
681716
499268
855738
396767
698347
637911
706059
832706
920381
536433
7859
941823
760153
639510
414876
421632
220203
639971
178512
501222
302547
610498
43707
976743
827000
841439
726576
527901
395862
780602
284211
289872
654484
178861
325468
239047
810228
600665
268163
659752
217064
744750
961303
725692
292909
333693
229308
220648
953012
54002
105448
646659
744034
142885
269617
455989
271972
641501
586898
109053
429508
891838
420832
259105
782733
905075
725456
411430
965320
835412
306209
483650
452063
245133
673201
750840
133898
207816
206412
938232
282068
715580
793353
417329
507050
799118
746490
923066
134778
981399
995416
851275
199130
981439
966624
112118
989844
851911
452122
814714
718796
309178
901998
783513
519818
46907
560428
98090
855348
351134
115101
412019
788216
803137
155140
313188
969048
974734
499283
323953
882304
426992
304627
823213
527356
566273
701140
566453
368465
883921
172307
298008
111735
754093
917953
451312
458929
774466
594764
426671
260308
570973
742332
238859
227728
992222
561503
536418
390938
76009
810918
192724
178825
697411
26173
729883
959815
60808
919317
521440
673069
916436
578658
985849
685825
834402
289111
999352
800332
877143
616834
651631
734712
184725
402638
340020
191871
501912
813082
932200
688282
807239
202314
774638
697062
940535
685458
26906
591831
342814
926020
19952
364811
7442
844594
639310
230349
139958
513814
128585
749013
418046
575898
108835
459330
500435
205596
255096
357108
488646
670724
618654
714417
372772
435540
542227
564430
123548
939261
65554
270041
337644
809936
413304
749436
378292
431374
794078
286822
829908
819404
193880
594143
604450
644076
547622
956092
968606
780375
961175
278427
47113
296667
126898
459432
999257
305812
605822
166666
456910
615664
694625
823807
390821
546714
398274
228428
620861
109950
165864
25499
82601
489299
393052
987967
150360
461801
792169
623483
682838
879451
304624
692646
827981
622545
208764
735177
488562
113466
473791
894177
440546
810392
61918
366242
81573
882611
61932
939035
898801
223198
782142
369256
393308
598025
377692
950525
99565
296512
9590
158251
450813
226449
613354
661989
30049
536045
807026
438188
903853
328721
612884
814906
459338
569285
141974
62226
23880
487350
758012
698898
372284
498084
723935
929115
881395
198379
208607
740254
414349
34731
632413
400887
579651
125665
860784
820882
832377
411063
574020
900229
981579
905804
333369
804825
754095
535727
450937
23440
776009
702152
658027
66174
617933
425860
761799
657172
140842
597488
179907
892761
376385
250657
822584
257683
293867
426839
735045
476344
613837
577337
515530
967622
460883
468449
349033
48627
470497
280509
159608
475874
47637
858959
662498
658308
175217
223482
375815
449881
230661
521695
643694
778787
402960
339348
641286
692336
43264
219080
689513
961356
393814
773712
339966
462020
788925
229236
750256
642872
378169
849399
843419
142287
919235
159194
111184
841776
890584
617976
594702
83069
749040
944360
778561
870812
467254
969937
590865
116558
713274
767041
84131
462224
912470
729670
361429
310050
217242
870283
680538
705124
944658
830056
255886
279850
738838
615609
100
301492
771587
836443
464379
387925
926737
888349
813578
365661
848438
587870
433510
957714
801165
405370
428781
911838
248698
877810
726293
115987
810452
671135
235191
805102
56934
750546
499162
274190
641784
268088
524786
128154
234895
415127
417539
755515
685610
906197
710389
932493
865723
197557
907583
250796
660106
660978
724260
611063
867843
619479
473720
504266
267641
59155
776656
311592
17908
913106
689817
850090
821659
165464
258231
887701
833419
433205
712222
458879
679942
721271
751432
219092
436194
719331
259979
117438
272936
785609
675405
266932
670119
938605
818253
991797
607644
748851
111453
31111
501063
530084
126114
898022
613642
663251
111904
922803
153891
757187
41661
191685
180278
144249
751414
163402
573357
844482
972594
988713
638065
726728
563505
193991
425794
724471
526074
285174
626714
961599
414267
154822
785628
821366
254796
354390
822504
986951
658074
345350
51664
668122
164031
7858
715691
774000
47425
496800
575930
845254
373489
222571
518293
676489
787544
326825
494395
535995
771148
301736
308262
123579
796880
82851
821363
750625
958788
382633
226921
328124
561396
125020
837429
891972
436536
9396
472325
619723
869437
659882
423289
288989
385500
979344
932888
215224
23427
592005
194024
611371
301238
243827
309090
437059
989646
695782
388539
865082
582374
928314
606993
94418
44993
807922
405032
6732
529499
863176
787942
913872
430361
858594
332018
593876
408196
708429
906200
244939
72522
120987
564208
66317
10514
403050
828438
378276
137807
486361
964507
958011
177812
698528
620444
375709
395654
120047
758717
868967
740
173038
442939
912319
715334
872308
383139
116388
518925
533627
624755
333732
512804
611382
93493
959499
189119
804569
764963
422125
276336
813279
620455
534503
575087
173900
431909
372827
532156
710550
454062
742122
966743
338263
817446
994410
265758
275161
761431
423008
936442
627501
859599
209220
842928
850014
366253
873157
149515
530765
168741
174856
520049
875316
928929
238725
195657
801751
249896
830471
242895
9932
387248
85077
77694
134170
64592
485549
861666
517321
980098
52159
298328
692777
493972
843142
707128
629694
563083
787243
761398
693142
579411
896468
634079
523412
22958
301634
305652
335347
798995
888354
529219
632994
64960
980454
180541
992120
101137
608744
428037
541682
143610
742942
12585
739649
538518
540080
907732
975582
612721
552008
421341
561436
31032
944679
746270
632134
767104
660040
863719
405741
978769
991239
49476
456622
509852
456028
576122
533277
418664
640862
986769
198575
233687
646092
721688
655652
207208
607851
204456
986791
421808
374385
387059
257673
281444
29608
710240
636286
654212
576780
161072
888623
304413
485302
468303
135060
552888
234208
5805
914105
725036
332825
677889
921145
619439
557523
118921
793084
504600
340514
621421
143946
852904
509432
233053
337091
398993
475716
499763
277499
141415
70219
99715
804029
32166
326825
116511
190035
858645
448981
773213
440650
49374
759000
507764
882490
367039
801580
960703
657828
37893
788981
592094
949564
91267
543000
996449
315499
263242
593238
717530
187538
780470
993021
475827
171966
153494
523027
432058
191561
476135
46361
495810
662213
142154
558977
222990
124265
139901
440380
548110
794826
626995
788776
734287
132982
46162
246666
102559
52457
377921
186803
174455
875113
548922
932592
792300
971673
135740
643131
513457
581134
805568
18958
158002
560892
229590
474469
474048
626990
824571
238699
276128
911827
122788
836128
831856
31283
264097
909832
181669
511272
40481
644260
856370
583473
609604
448861
512874
464912
243772
787305
300927
562652
265034
719443
77980
947888
388943
810653
371783
363413
642725
978817
924974
911838
814378
281670
74127
496403
324053
603349
408165
978222
257537
948726
816154
654146
189554
232035
767252
412317
154595
888797
676298
933377
871840
701610
112560
384349
762497
587531
591043
282583
789623
936453
271082
986477
17597
685887
534723
517572
452645
226008
487142
692102
85953
942596
31770
710774
119354
802295
216907
106991
50670
325872
177948
577676
121042
925589
121733
546246
688771
339555
811732
421608
82277
343886
666768
894626
641591
849661
52441
306081
727095
873658
562611
82834
481929
744222
944732
10104
250676
465240
777095
766720
564169
170092
328148
813915
620610
125319
416178
223752
874292
49379
323901
463960
589996
27344
274053
221740
316045
943900
424856
537596
798225
91150
578335
600486
402628
336241
634527
428999
784263
259160
904427
653959
372760
486091
475507
192050
41559
85244
630626
577820
204612
327413
520519
706392
702721
912900
58421
142079
573664
392248
626366
376572
309279
93120
30308
205176
187664
377253
689379
254447
499484
162970
441794
856881
774566
631751
907817
4625
427590
695779
377215
157780
622758
988479
701997
913273
222502
288091
400716
157431
587470
1912
539529
437098
403619
381883
866090
455390
937042
604234
505086
794415
92345
423260
256097
530542
354530
875071
414474
416497
729256
595266
214867
908735
970221
347471
926453
479041
620719
644363
239914
475982
480160
335489
21330
742323
665105
243429
165338
164223
86082
14030
47703
100400
774149
416374
896503
6739
827071
159763
290528
919123
261994
726496
407027
655218
928594
723136
548926
528160
429911
585611
656447
101181
931680
531110
294485
595674
464077
418470
162125
49061
574684
116528
174451
754214
1973
997569
441522
854721
634589
631141
498796
721562
832634
87295
868847
198127
878355
67686
131153
854032
159483
52296
927913
816060
879116
509583
716594
692475
8546
429199
764919
799619
943460
767052
352136
412174
164588
326478
392973
345556
114738
450771
2019
152757
389405
536916
182675
646167
296229
490681
14964
945822
573136
294223
581072
392275
438836
257705
319254
576563
381168
213203
538774
127564
156110
687086
482218
530562
261971
70170
628359
261977
812658
954840
687775
432138
991230
737399
314102
453608
804671
50531
173299
883954
471982
63455
603749
288353
654437
249892
422289
191603
977747
30595
101237
498583
510992
656718
238885
831532
188077
623322
236360
61230
838862
879958
615927
426251
221355
563118
923939
702731
347012
755074
978437
61045
305419
601704
685178
828872
592178
224077
130620
636475
831935
987295
808192
745835
69380
444538
652180
460439
943503
725628
980614
821051
234461
901176
845842
287804
570818
362188
300593
940872
629780
551021
576488
964266
702236
146658
118482
384847
776141
93510
507581
434618
315895
350314
933408
435930
37116
321967
72448
303245
63678
97199
524294
565653
995145
295705
265795
245647
184394
194569
508757
683758
132870
487025
733361
826690
617842
577921
192593
504132
149333
17994
232262
298807
109131
181735
793677
283837
584876
103600
663748
61653
455889
310030
935033
191506
157299
40999
929665
751677
338763
709672
162380
897372
604793
464485
905588
46562
680482
767928
185798
749573
621267
939465
746625
702534
739115
719561
561556
710372
162940
583448
196663
213282
588117
544752
283384
808134
221553
747728
171730
509099
928337
45522
617437
399054
549416
56021
387697
971692
417734
623981
397292
837004
331561
261509
480670
928568
151733
278842
821085
370227
184242
448192
192945
391644
923850
590192
494214
93126
104718
355537
592043
222931
426718
332751
122211
857189
958913
67317
889951
467078
38046
49511
257332
269608
151514
585198
561117
17259
955568
500319
190671
932526
59713
25577
239093
80169
326893
992553
505353
925691
769817
373138
376993
717171
573308
167821
82785
831462
159677
5321
471307
727078
576450
631785
224104
293374
856270
367253
20844
514392
531746
327493
109500
289278
778873
839937
723370
44744
148825
825414
693632
967363
722410
525741
383595
