982391
365763
780448
420389
690314
223546
803882
21372
308356
819609
299885
85564
364218
725224
990613
694916
538369
297690
967002
516013
716661
251873
585724
649946
140011
808653
536165
869019
478348
955612
218330
187299
839000
929201
388909
388923
368342
738756
67178
420497
806224
405760
207053
946496
631229
450350
419337
648447
767340
145884
411361
394094
686208
293865
517461
397652
948295
870825
589472
136489
914108
622818
957901
718370
459738
611772
960324
278381
203465
613961
193273
499592
923175
206626
647969
54893
801434
251504
959395
681772
338893
882074
740211
450303
126271
615848
317024
623751
605860
873522
290641
513955
205814
420140
679072
191633
149437
95184
220641
711541
157040
644738
785557
123567
334590
690205
936292
875912
711871
207625
644473
174882
738755
792107
566450
205804
464678
101789
384248
69786
581290
612589
395996
427495
866517
485553
988114
892180
106196
598458
623199
596677
229312
281571
61643
493005
292926
629007
577887
309770
829675
275740
763407
254378
593893
210745
385241
547990
503182
14620
39833
116393
916457
290491
472810
631004
522110
200101
33009
830950
172758
836675
388215
283740
129118
515858
304715
598021
646667
960882
719044
77262
879074
11266
469562
928314
392242
867367
388332
992264
6891
117247
50834
591909
736686
712022
223269
291193
184317
340450
130071
600464
932443
710494
288971
897250
859740
471766
753543
731221
614367
968539
760593
596550
159472
761328
865603
6186
470683
137094
919626
375656
643190
417396
303104
261625
611230
871098
286195
521823
808691
59199
712419
453161
798230
683357
165360
428060
467294
913233
158203
176608
270886
868293
11966
507002
915841
374892
9260
280477
368945
143268
951663
94869
733254
764226
675425
52631
21293
487540
341013
319463
889763
638182
743507
712064
709303
500598
990715
903245
431883
682313
454579
77979
533572
836036
405377
948149
551318
224895
222625
66618
639715
583248
853885
8842
57979
950344
945806
138
536617
884022
487340
529377
217664
443423
881819
576427
894939
569815
977221
961364
335869
7198
681314
554875
877101
640742
544260
2602
171577
936960
250880
572896
942064
890824
873765
582609
263819
656634
489352
230553
427618
653180
698174
912823
105459
569023
756373
494424
117481
556959
302283
835533
285625
595383
92219
218334
214806
214078
683282
657279
605860
732733
534568
346954
395136
757996
100477
77745
105221
752569
979310
405757
154139
151940
146689
809038
88905
904634
628364
929261
205163
736172
798537
947752
788735
477471
708731
36824
726507
200024
246954
386689
384922
824060
692078
201301
196860
768298
335862
731489
130668
325397
189858
664518
6751
343960
644090
208194
75224
270241
8517
979523
708004
729642
341013
375629
724988
300751
959571
614015
520427
978791
251901
831715
565685
696439
934952
203793
945315
966488
249119
371685
152321
99088
437671
707703
721462
867082
112347
91195
553852
987043
322036
359335
332909
342098
713757
376734
398740
475235
382728
582432
227111
142278
421650
569974
516598
922925
395943
504779
899374
514834
782081
862193
841807
422479
60171
813608
515553
899488
913073
602753
390764
214346
167802
207144
837392
982129
158725
117101
870789
281469
987802
708350
935369
353807
969934
854086
575493
921108
831410
631250
21640
933831
747512
593260
731294
462590
399240
815106
104479
212866
5973
13710
712992
563841
300996
141537
726286
190268
247527
717268
493933
211523
33096
853312
817348
147579
361417
294459
966805
651365
395540
90897
904228
282009
263127
51400
26738
983272
759076
731244
453703
466489
714824
143270
274597
593681
247515
451129
77990
752112
590437
412672
5232
487265
80111
750283
389355
247949
248379
904864
937191
868173
958040
608635
713152
371209
546733
84060
456839
929190
270509
74416
111729
896689
199352
907306
494708
555465
608150
982010
826377
741723
368903
100689
511788
662368
189860
529423
919552
296492
482748
413677
925843
195250
138945
92438
708296
820519
91656
893551
303836
819972
475175
445309
331347
177451
190595
281663
479144
245392
284001
223370
251185
23564
347318
39795
112419
881064
603309
545900
776595
900190
372852
193430
573235
826488
70575
284463
614134
482997
460006
377911
402288
544466
619827
649762
294678
255136
690103
467747
22115
304697
193215
861964
228414
353921
367460
42110
411000
813639
77282
105189
915199
497576
202796
114719
967866
975009
801984
545056
101337
28579
242710
576840
638558
525081
501245
485099
620424
629578
36123
702622
631389
113167
136155
101863
637553
722959
208487
779221
401975
710901
282986
592948
219171
610903
937118
673154
364133
81836
91673
991285
728660
959785
457704
631858
563434
361330
914634
408732
321849
396549
1556
187905
773881
60142
756507
948386
583355
379419
657269
455322
981108
102254
133290
689247
461632
502719
72579
395219
368531
106601
365963
262707
945475
34181
333789
215138
675650
690828
865219
178664
271017
730212
433894
519569
12776
492150
923843
620256
145591
773398
4842
759503
246810
633259
592275
692918
354629
710400
164743
661852
34455
450029
426723
113385
580378
809468
548890
468382
304022
439976
958742
129365
461375
846352
728576
265337
492956
103206
888119
762317
278602
929197
422786
97801
289929
759352
763733
718273
779120
50250
587163
12323
47227
596796
200555
379051
181501
696770
545
356170
979139
231485
87467
291574
880511
723864
793990
162417
796337
834890
592501
833464
273395
109727
823572
707532
223204
944242
725075
462255
657247
310280
62753
152157
500917
99274
793978
426319
254719
648464
797294
957337
319121
613699
33222
597382
734245
51851
145720
277715
397500
67216
263186
407366
858640
295724
130551
641705
382485
513203
44627
198702
120651
648467
288647
313634
26038
559767
143902
799876
198912
870133
701308
475920
257011
88540
211590
281444
18747
374385
264133
475554
351766
954217
346718
832651
381909
515240
720998
414770
156384
345507
923063
943394
738082
813270
420594
257821
513636
157032
970153
576872
856974
13688
202102
719166
356370
775243
15065
356024
147153
391423
222287
109134
693431
64681
325731
249513
317131
258975
365145
204620
222696
318879
618313
277232
248974
988790
795601
237584
509998
620342
120440
862776
309367
86610
881021
554591
254153
52386
839176
566064
81431
536359
3308
554098
16027
693717
437479
541503
777641
692873
490993
973427
16734
845537
660646
796711
335660
785023
870792
583668
847087
638800
543135
464265
956498
522629
751356
518362
912051
249367
565766
440424
554985
735013
577983
754055
554068
835211
246194
266882
516045
542675
118663
618226
521253
156515
720174
490469
397599
184310
753017
632057
380539
803362
374392
333497
204558
120371
440437
309948
876920
351151
316737
96474
694880
712637
776636
335072
261205
859752
446698
649676
716869
601417
343694
391690
933248
718089
166067
466367
894900
587900
923851
63049
610180
610591
843318
985016
14581
32504
338192
449273
665158
786421
803740
581546
702191
824194
563655
886312
557402
298081
261240
50417
182034
156065
390195
626874
833281
917465
369669
336515
424323
977985
151198
765510
674453
642603
141313
116481
860924
528335
927042
136927
579062
611824
505587
720415
323879
53744
484346
634440
372339
787816
161136
949943
244426
261643
929688
640196
385117
981526
711555
62915
371526
376502
418913
896285
776945
876154
607442
617512
248858
801449
624047
571349
760228
113043
453602
903147
90823
645690
256114
800595
96940
56914
547680
549897
209311
246551
625585
678848
478982
712951
152247
30600
628966
601814
850049
117646
316529
679461
217926
749183
521531
625894
379467
873024
773795
544629
383822
980534
355855
331481
913587
445539
442695
135671
795688
632476
923029
231000
819281
696742
24356
196455
103441
775344
927987
508553
435534
506173
731642
517346
763946
438412
103957
52856
736962
21556
46320
328700
270886
309115
984642
430466
102764
37793
310830
145283
871719
486491
624384
903222
889765
8302
500468
501065
930155
682676
287205
833425
445071
547628
272850
747605
535472
35016
948386
71560
105301
57724
399488
655408
751771
258633
933182
944740
398553
32711
296697
593747
785033
340966
650367
60805
135419
607481
520068
745229
929635
359865
900813
622179
952347
84458
514948
165130
392909
83214
644603
143675
24423
930301
95613
338392
214168
505477
242114
286000
101211
432080
690161
740964
783793
50182
948680
645748
42581
647605
551440
355198
110166
889420
170653
668223
877276
627648
286327
569763
374050
717077
585598
925701
205336
838761
373073
102
129836
538632
20102
316096
727810
223134
387212
35378
715452
494591
52650
878148
331363
28136
817319
939534
220923
148366
371408
78451
946283
73451
774150
145726
893887
585884
889877
818770
425864
603179
759237
903105
424804
56785
278866
940953
302500
851062
554919
256101
490581
432350
718064
363223
450248
53824
196427
824995
593431
63101
67921
976709
775540
153337
296738
883534
619931
605472
67092
949062
522406
719208
181534
820383
762682
452359
193745
207215
774954
516131
277410
838994
167478
542516
440395
139196
177792
42513
898039
157807
276153
106086
1772
228152
74890
722983
221166
781290
117287
644063
83009
176147
50975
924735
475967
964220
360304
970841
690086
286299
98370
607808
567451
676394
30518
563732
565112
472157
215222
452147
665438
319625
21092
686255
721967
356925
761508
397806
19091
353362
420277
16227
811365
507982
514069
771815
134067
657725
361503
668544
859064
423373
944217
54919
896846
514520
9487
330063
933912
442618
617633
633918
885306
811047
669800
393481
5489
937318
212617
268927
788498
906287
513462
481096
848523
252273
811070
58317
758031
729916
260430
731760
29850
338145
837626
449034
190986
379001
703249
129111
251800
902053
204507
534171
974097
739927
316230
499279
903953
725702
14032
641086
300444
575423
563255
416009
28342
695502
799257
146208
916352
503802
546935
423938
111455
172198
987148
981784
823097
766031
18562
945686
34767
508790
325996
894353
32422
164292
865341
485056
995462
755318
239439
438614
57030
948228
224422
966743
482650
550524
675172
765697
762956
386162
345474
783182
890702
660999
579758
780746
268796
798243
625613
877224
294742
519990
622441
940471
170735
474976
746245
459197
520866
963419
873397
928111
248391
335252
761820
684769
158507
622926
363126
204819
175431
602589
235209
184506
316745
362713
434126
155942
173973
465478
271781
803051
134380
120815
393266
50069
881818
804962
618794
55026
113935
351334
775276
35861
759521
214481
456605
211632
281928
963055
258611
244559
387784
749638
302789
724849
326708
182693
616311
832055
568214
537400
712857
851675
353752
898744
101521
267313
696172
226007
458456
531129
94097
954884
724523
611406
89447
220293
564065
129130
441592
193764
928790
802123
74138
454181
826507
406212
674169
93853
278988
378949
576968
245819
402228
782206
595820
156580
468252
895809
251522
702356
610519
123549
315289
364428
465999
798265
880629
18481
850436
859612
202909
390764
348211
501860
488898
922959
829373
790122
751567
270776
826238
73788
95256
953618
480528
21241
194792
411861
30630
362830
321535
173521
77848
716309
356810
5618
566078
932346
775855
682640
360201
846293
581646
186503
812892
811246
565472
540054
689327
621516
536547
342636
289884
340578
41550
805248
759603
581439
678797
341661
523516
849263
718899
165487
504555
963920
876168
136702
173478
135033
377973
402676
525333
92892
819730
452901
864046
396776
727610
463770
474015
869866
889451
463526
419827
31130
405814
337567
155560
363290
787001
546636
446213
671395
337635
205800
549317
860990
690746
158948
241741
311960
63193
598157
283278
623751
903355
488347
147139
120923
796093
780991
526286
965365
421687
997893
694496
750494
62968
62717
627978
978907
622831
477492
685555
125821
10568
474548
865192
283809
200132
359225
723772
484117
886435
184208
752695
520268
184689
948955
735615
391345
439518
732869
104341
970772
235694
300708
864389
952975
58050
102581
245066
241818
872812
384776
319363
726640
346511
61494
527176
975280
379339
138421
863809
202865
757447
86908
764871
605405
290556
403427
413268
608073
966370
491476
297564
388987
420146
235157
246049
433676
703153
684547
256947
405985
366558
739308
503895
182214
936436
103556
723245
489242
660196
665212
622119
361753
87716
844034
700535
607677
818380
62901
575823
488840
384407
232172
827381
11071
780091
612599
326563
674386
747360
788540
617386
607919
424646
3708
265837
438839
822508
769739
666697
131677
15246
13038
796528
652227
785848
900096
767662
724849
459985
413555
100183
94392
393734
331503
837075
422136
90338
277003
548261
68425
653466
286396
913837
76013
13541
539992
849044
662507
731368
803367
921906
513357
271333
39863
263008
337873
200651
598035
716234
524773
795381
507457
820423
800811
224432
553299
805368
271806
914507
769088
380827
830488
539242
475918
766759
70756
997371
433124
599633
215284
611463
750460
347673
981994
493423
794618
939361
784034
893804
21556
195975
567886
52554
200992
920351
237165
491540
760429
617040
820566
587702
439182
928859
82674
194593
167943
684938
689739
63941
357529
89331
344740
66450
6302
67674
978024
853291
411900
133357
747827
600382
522956
85043
138285
899619
840392
628108
625083
947241
360292
255947
593515
108407
479618
686387
191888
994341
392212
754013
730974
83749
518841
37182
131202
419530
829591
732449
607438
144262
863361
875788
926361
778817
774371
541085
704781
411367
865686
149165
625091
493657
192866
199380
744318
372275
581035
397375
89950
268163
183418
698400
862295
639239
85018
337226
627829
675839
119329
850991
184841
275279
939700
816975
378065
925471
820596
834782
810591
850714
240108
92355
650147
558706
342512
471163
110163
817939
734528
770589
286593
819608
144723
688188
776509
30547
698728
102628
397975
239777
211194
687041
510358
634184
260062
547714
448855
51170
957659
972310
532516
391619
386718
545736
124724
799163
992281
591164
803011
946960
81196
665422
586350
940954
351625
700741
349263
526051
740555
287325
397274
772410
749751
11063
493066
972668
888531
301381
885232
277327
317513
883213
21572
775291
493564
56461
989861
149931
290074
93998
543171
645888
325525
52665
872406
134881
175700
398744
32003
911495
748449
580653
163064
423411
651676
480839
795399
522056
32744
177126
258402
864147
734855
891315
797262
859126
854679
96446
273772
229034
499424
107211
828298
171648
69684
769375
622774
163631
913484
447269
147707
431443
232973
948456
183000
608797
184157
571173
221034
639580
775872
197286
436321
205545
288987
342732
999077
964619
371151
484707
163731
682517
770078
904021
294537
676095
370850
431182
898536
394798
714153
913844
289563
926002
475160
346535
21714
467869
227842
645004
529817
15453
611020
668910
553476
924254
362597
181084
679574
835943
924430
85447
273930
656611
520882
47439
663467
195035
719759
188679
881546
243579
159377
87709
160010
970702
456970
394233
967403
296597
630382
341038
980889
89432
714473
918052
91869
970438
166033
498935
11271
911147
686089
852657
852710
500675
864353
985159
879395
216401
76750
798916
435033
810103
329105
65197
371808
17902
266028
81411
17523
257563
71372
162141
686428
8966
813098
593631
641028
385760
382518
319910
166040
266387
934856
336219
304843
570599
68335
282718
377775
105769
890993
603252
211021
142398
795207
319986
53335
957406
652375
725385
921071
954087
691072
410765
493585
492430
988707
406323
169860
283061
758021
919779
385071
827344
905852
393005
96274
838497
176719
921916
63004
217950
102225
175763
531182
937010
823170
3543
928220
999529
272452
591137
535874
990829
76
663618
963257
691708
611392
106907
851227
881727
900761
989949
386144
391595
397559
222859
501163
275279
450201
121726
230079
889682
267622
781830
661526
189291
196744
172382
357953
732802
279655
48122
395650
560462
681116
16337
122817
856007
47127
463420
295252
148693
8291
824979
333366
659090
865890
364634
826707
380589
931682
927551
224641
459071
755986
632799
625027
607442
297142
697048
718274
581742
70943
621176
38299
368431
226112
700212
868524
583711
729587
959212
941316
640198
809923
16463
602826
905545
658993
729118
384455
666567
792217
275779
170608
985125
635628
760790
628355
367801
532906
346526
350474
33329
117698
139794
915386
611875
469312
123018
149643
614339
410833
656569
23406
7478
224451
676387
892192
600815
834175
107700
85047
830622
338714
485914
394620
311134
74145
186617
816700
721897
215424
213857
721287
575171
927761
891656
809280
734098
988306
780936
630010
479084
396852
972185
554932
5691
237028
424722
642902
800992
469244
805272
472660
869281
24640
69172
487794
728217
874123
697367
831222
475375
461610
572847
459746
500237
926532
300642
792347
604856
264071
842705
527156
159466
574417
385169
657789
632137
204646
924330
388381
114524
585647
769080
78334
561029
980379
462635
8734
274001
738516
75057
314558
843807
42514
79186
163992
863639
898793
411593
372459
963290
118809
425010
322142
413819
972431
417481
670368
9495
197142
61507
885211
400040
376690
20317
177001
150734
220051
550041
123098
9800
156129
680803
495135
760041
566627
944288
294228
880292
997657
565125
701703
408125
557151
332612
122219
597317
366622
680803
897085
535839
526673
562161
35127
943228
892755
412471
162246
111239
332581
321155
206791
254532
281914
312965
872242
654934
685878
834052
14442
128895
573707
259964
991628
181376
527734
426396
539214
709668
232914
895998
192037
226068
95066
629721
462784
563571
601527
915054
906106
724929
51225
417877
799932
184153
945933
73915
353874
524524
438751
194091
367622
780768
561752
493937
688990
167453
964587
426335
902842
368111
878865
151206
33907
362099
35005
768914
382220
33724
356332
163522
549553
418710
28288
193770
110529
139183
423674
88708
308542
106331
827856
114990
421061
891258
739527
238501
899153
608821
496065
307154
346653
554553
875709
780148
187672
646423
806391
565087
327889
378108
840102
126271
743086
893346
106895
773394
466411
603452
590755
758078
903989
399737
152293
725999
689051
45296
851371
957824
287564
582443
722466
560024
399294
624910
376618
961004
215928
466831
541804
369773
623950
611506
156554
527999
617935
326522
763865
677991
953495
148086
98003
804556
666015
964703
349494
571178
683842
484032
570880
35353
260258
648415
679996
81121
882654
916409
612733
364859
153692
409529
877240
125611
95829
282171
479384
368805
666040
582053
641979
685842
280869
350418
50150
220037
313324
743482
199413
777073
779847
399735
826999
129612
480279
58609
395618
62828
342698
243212
809739
617869
890665
741115
688006
285889
172159
170559
527588
352193
994580
956675
304031
252792
729743
488509
911519
914424
740342
496948
655789
18484
797213
70505
730516
998536
655062
158883
572063
744846
634464
795360
157941
547836
583997
265250
571207
817263
387018
477416
239470
6736
457546
427824
468193
10155
657337
658170
34212
957027
547202
556367
843315
700133
609623
867716
272806
100190
263434
37434
772377
831900
584488
739659
592345
180918
497926
429841
893524
954534
742668
301919
852362
902172
73758
763643
926643
96215
138312
509992
723857
286752
834471
703015
869651
485162
775275
796194
44474
180044
648838
552754
72638
173521
948940
819537
482743
795390
649793
108884
132702
154642
517128
257916
140923
472913
681008
760906
979207
935695
648474
565690
805920
984724
154123
267648
382327
111565
963539
780903
223021
578512
188744
439669
819361
437335
380021
273218
253008
871598
172850
27320
477987
539955
744567
65516
630758
975266
50472
44909
133469
311451
931536
751463
581148
542963
749376
998220
