758658
971644
280253
574631
458984
588148
600228
538061
124762
519957
376791
399712
94856
533184
985930
116221
346917
361443
27651
622337
15136
31533
711370
892001
620504
868665
625667
479483
268801
587958
194195
827945
410900
316449
665375
937523
934358
954309
386498
414171
975250
268038
830534
399098
574783
580696
683916
102285
842595
416835
234512
705596
728977
818999
484319
332485
677615
897724
436274
654599
826500
61059
658657
623807
299415
986346
166336
755298
839715
504852
356925
945308
520912
333327
239596
331202
937990
799055
891296
221518
983405
289273
207898
49069
594768
743987
906557
89121
260780
195126
99165
12113
443230
686658
328297
817497
341926
839945
115590
359386
59392
813833
948050
793263
133113
4024
22460
911133
45030
244130
113732
193227
924070
672687
718954
419423
605205
334311
672537
228178
825351
450934
834234
677370
162398
601505
792264
63225
70598
943130
915335
479059
824752
706510
31853
709484
350123
823239
927527
12616
575398
652280
474283
452613
225217
43426
610979
582207
215161
593527
521572
237731
223518
277281
952218
706731
948025
604068
67090
110444
862627
959311
778909
675687
231077
26
434184
647082
153692
720046
853361
361301
815972
78327
456549
132296
487255
371347
354499
530520
385513
263241
918672
941962
916058
827011
420493
927505
144621
69517
574686
869815
246072
332108
734847
900562
759875
397632
669640
851221
754930
406798
535817
611717
222815
674067
327632
465835
731441
721557
852056
396714
441580
604506
250092
346133
581207
231330
548397
904208
30874
289519
819742
742908
675230
791632
369530
566114
438656
84191
926308
654783
261842
629592
350266
102870
252168
29012
199313
61836
319469
697708
221573
689316
335506
245152
292750
750555
525004
349230
995985
126199
77560
540646
22808
874819
804808
965447
142241
113862
707077
445730
151446
606139
564588
46944
104243
62858
246297
475173
474234
16531
97649
710452
889380
824726
389485
760554
468888
782443
24094
51636
335733
142769
198590
291576
577169
203129
421380
527054
246177
433424
653836
904116
88223
716842
72306
962896
222444
757504
698951
367704
955586
222590
321957
130822
938647
398938
563872
156693
115703
765402
789433
284690
753591
149154
995377
714038
244300
934808
528984
318527
245885
516474
701574
264031
784695
136616
933443
70281
82876
213947
214682
117028
164493
296270
63915
387956
842823
183490
379750
952754
460226
599348
725149
966336
136323
635619
456773
581929
679646
249168
808007
852357
703517
834765
532919
922244
652415
574814
771920
356587
897843
756830
707097
464474
758219
528920
808731
268865
18895
56252
577599
609666
706009
369452
435778
636993
601724
234000
854844
538458
840779
586709
664908
279271
338016
891809
270666
455531
359134
782669
260451
900951
845691
385174
964004
258077
488131
902475
157849
378348
690668
705929
889228
98910
380264
3450
35765
593296
196441
482843
224690
265029
14860
738376
526964
221008
844765
909226
125555
907520
650838
957688
447843
501941
916492
571263
6835
902074
870399
448592
601795
472504
519576
544893
357085
500459
226946
622894
638421
80002
242523
796322
529282
59385
555483
765917
795514
840252
654657
245098
554198
180945
661295
819709
989217
194405
594076
325952
393498
774763
544715
321596
512799
285791
692708
803143
257326
254060
733540
805078
443692
938951
218993
263103
784428
993359
651120
82704
414376
466856
967843
629677
319648
88601
291716
697905
213487
971714
683409
540455
562360
119872
149589
240675
576247
724246
414219
243947
146701
915878
338533
65797
797597
605548
875968
894749
328105
149663
411723
673841
900862
547209
717276
243529
690407
314827
310789
133025
807634
923299
621524
166318
447894
416572
910523
186915
784075
86535
438132
392139
901680
768536
927352
644504
321674
289109
114958
710464
161449
17997
618747
869711
491843
524143
506000
264583
52904
594704
13382
35333
29405
255493
29077
815183
281362
67093
404176
638664
86387
281982
856622
395830
558634
99253
560634
281778
559644
117868
458971
504686
385419
80796
841113
78411
84777
934853
806516
856008
316850
19526
478228
674123
804734
848298
126133
625445
405051
541039
804705
856059
309202
419580
887833
775986
467643
893297
128684
652089
350373
460894
194097
324197
703262
425475
932388
720214
927277
372893
403924
765855
856278
544866
768966
560152
852772
965961
664164
374943
849819
371982
572300
867929
907611
803566
836550
485000
230848
742831
581730
193920
858776
397072
34751
181456
940857
812382
200224
939548
986904
699464
911351
340952
625411
424402
417960
774344
274422
595352
93586
45375
4379
594076
335460
6362
124447
743304
663672
552195
988988
124812
774637
806556
192065
256797
669560
631281
621790
647450
543005
530043
92737
904945
848777
340342
893734
61988
130335
95510
298313
253273
965815
365499
268833
48132
47151
811155
912966
664228
321860
738821
318632
350810
462709
809838
576540
990391
555918
487513
672724
654004
733827
253571
109870
671974
406214
847541
22349
818467
15885
690546
957358
415029
112105
483227
896299
428962
976587
370961
983381
663103
670639
589351
481446
737517
75757
498410
148529
416257
243291
496486
910910
679772
109766
87681
453132
470375
806503
166412
398097
474443
856207
754188
26413
604289
680708
52895
617358
776039
352533
563876
125369
526232
726529
336226
64240
424862
993058
455736
358819
628326
106283
191339
206377
469510
494896
484512
927152
254474
802391
459044
610470
866039
444511
726739
64527
863082
390434
930804
241886
689754
422842
228463
985123
68334
788596
318255
851448
86557
716553
654571
384418
102207
187506
505634
56436
544319
516599
442017
902012
137328
151181
92421
131800
863429
425178
622990
128620
828753
830185
51185
553290
279990
433571
984689
11967
327531
380991
646630
343927
948824
7439
824086
732129
31730
547988
586579
953642
750269
308174
771134
989449
86963
503481
435087
380675
331915
118431
920324
568589
643023
101276
422215
35337
689859
818986
156472
309031
126495
204877
459378
133804
282073
828081
35918
454124
702146
358298
377257
165076
832357
862390
954612
697184
440887
712644
79601
792256
420335
238337
658390
843238
823114
802939
956114
422736
820282
934294
447501
775251
287797
826146
775908
849162
169945
105021
768
85291
519562
666368
72395
48900
572974
127311
753492
501453
15948
668619
92554
89800
820974
936606
966605
487951
964044
628636
914280
917982
121998
616128
42689
260132
369240
859400
804787
658652
106008
387454
165900
66125
223016
551443
761186
792133
768660
323268
593591
156682
808814
217382
267329
966171
908290
6423
102090
576360
396232
253580
718528
588559
163739
195538
728527
713455
677293
621704
254809
373678
820404
711894
907190
247087
90045
715641
64279
914236
597416
136705
33423
395489
449594
873015
652881
107973
416291
27892
102083
548486
147551
517022
214420
209679
703931
521338
998406
158129
760715
9073
281867
477414
851127
166997
485077
363388
667916
467705
347920
986581
706992
827874
626808
907448
121520
846999
29122
805061
165340
974003
837299
35826
658477
70459
246708
522804
879924
934853
288703
48610
381309
800514
857544
537093
330882
464108
473361
497551
875839
870713
286203
177939
94995
869108
959236
874368
137289
346642
468291
625396
180398
368049
166007
502640
24513
795974
995879
576170
709090
452043
215196
414168
240739
3971
293955
293680
518121
27517
603779
62197
805100
241282
21588
864437
147634
947597
95347
723539
421172
869378
823022
848213
49943
980974
905113
475548
461572
97386
577162
230399
947906
588475
712150
378101
79681
41552
682149
897809
95633
400266
37129
315154
377472
481068
304285
586593
958041
415851
462326
114390
519961
674068
366904
585306
163695
461498
394597
552382
403333
581599
1855
460173
58718
510423
273694
951497
16761
150214
925031
769270
465348
436683
216891
497516
113064
121056
763455
424782
200911
780510
211927
940560
850250
605828
413417
520127
989729
692418
266138
793472
373277
796215
17161
981265
814114
12609
485471
879702
485008
773411
247139
732021
362900
419705
896512
651430
688672
277251
20139
540119
93352
823513
600885
35322
704712
186535
810868
829450
269665
216860
388337
834293
126695
338759
106124
969744
724170
236983
693656
503254
168677
271605
717985
655921
310181
100476
300756
870644
366534
726127
781759
38964
812528
436115
205494
552333
942963
701538
355823
932563
33608
153366
816776
23634
390795
544848
4705
770119
366214
327022
798186
623639
188975
611712
72224
239983
319963
605946
165796
744278
61879
328335
585111
540524
979824
907647
504540
29481
647100
363107
786006
869023
145419
810374
390105
199487
790401
756605
963556
366281
207892
816410
954919
84639
766129
993645
448796
628275
815569
320508
338178
27135
674501
46960
452085
786539
67734
490224
133105
75184
563039
828832
665748
70525
762511
997191
876509
54367
17062
85958
915231
729356
935216
698116
984636
890644
251229
580083
426138
588078
783597
311284
685238
843356
891514
675285
254937
926764
178752
476376
350932
467577
381282
41175
71289
922355
274555
730918
102707
503609
455934
484414
149320
488312
306057
526960
911574
262575
919420
159401
709446
95647
160463
840792
200641
884529
618038
68056
7818
56093
313664
221124
704284
429454
11514
459065
161644
104457
485639
491673
879659
700665
582697
228135
821711
435675
846019
917411
743779
358064
795176
630042
259647
403799
974547
334011
592780
759267
234571
110442
715462
433622
533994
492713
25583
489815
573005
550810
17601
147053
650271
609687
264661
153496
997718
732499
984369
78703
598012
46908
288937
844626
287205
965859
626173
683445
148894
495016
342055
272008
779278
480211
724967
264840
766483
516059
883396
879512
501767
407355
557470
187800
688683
342558
477959
220198
167025
314335
801943
441364
891560
397890
809810
209195
388980
525492
313220
608519
465864
12500
537021
781658
637100
985701
232736
550788
322133
36817
496371
961259
85586
456272
983043
689357
718583
182556
203575
558080
93209
987441
743635
542408
794482
333150
729813
366998
602291
387895
55789
311297
278403
576082
153018
288841
176933
935319
947146
130420
567336
114041
339543
469599
152621
595855
766222
498206
525647
486313
999818
253067
561006
718323
411574
552995
941168
189273
383168
203387
900305
458145
436050
45202
955898
674653
299908
691477
690680
308950
244411
147600
170443
157719
941831
181922
243737
932647
25279
174198
719805
87710
107898
956464
501405
127465
556618
588820
358575
293449
506078
410081
725272
101047
136594
247923
513410
880702
535359
385405
164230
916204
404758
783450
664431
799120
150718
693357
441128
64066
199310
589443
489982
283258
46470
120751
273107
621390
947789
350296
223709
361683
937004
861533
632649
215396
448372
834363
40483
314994
15274
688936
283451
349937
655147
147228
44219
792917
777525
423285
536048
570757
657762
975930
237948
783096
871109
463711
160489
209147
138634
620211
627719
729611
243843
150218
640798
581651
54714
6329
930503
407169
341230
82695
876217
679279
289771
153268
767856
239797
779881
487544
124160
67853
257590
794761
758565
479507
344096
817188
748343
61579
279639
913216
620277
750920
651814
131800
638483
76796
546586
267355
274229
371233
575114
509607
259399
208968
507455
727238
428676
151627
329890
351751
167967
940083
660238
669212
629607
641594
456441
182111
855526
267646
333784
445626
413946
593986
96478
208134
588866
666697
988566
518413
413762
456169
629297
506603
867395
240077
554421
303622
845439
616784
606943
228159
702892
977724
898389
221861
882078
22663
140346
615151
297536
502741
104323
8066
212918
774134
992911
226225
159705
587704
689678
753192
275600
738612
945765
41873
604902
19614
349355
901716
25760
534614
814153
268648
682853
102099
795206
270598
199179
697754
664866
602831
336697
733371
424505
855822
875519
448304
517836
85048
810335
77247
486118
712328
861534
437582
51356
18919
664066
938938
962116
203241
411752
671123
24544
101872
810070
555001
226920
739933
336058
424617
33085
944575
822103
140775
151233
490715
424553
550723
824742
761949
117919
709986
744430
409419
70010
403345
376160
838761
904847
121090
217146
698305
773765
154887
994780
692890
752426
337941
427295
62985
460521
416711
746050
87815
937289
635553
46348
378267
193838
824269
901378
52407
391966
931518
633953
275116
508200
841866
271405
311953
750742
944640
254886
818280
416981
302435
460544
868352
211271
902165
406074
777335
649197
379349
632059
705624
204078
86682
530226
816956
175538
302400
476358
148236
508670
457518
761385
29870
778364
923803
701525
862477
553365
673791
982674
305161
223364
650594
313357
832325
202685
398233
962721
785096
283076
374052
410328
960820
744083
672507
503445
461021
615297
720313
341251
858923
567378
678364
463270
927685
134090
444034
657725
443198
407855
461067
751052
689543
503656
633028
584461
217713
817744
821521
414230
766847
802550
733929
310780
231545
681493
590952
76010
544085
951332
886989
108683
23680
317188
847611
187618
281327
333102
826810
583370
48752
733673
841862
657621
38323
253785
401022
873999
807011
34888
672065
5323
480888
859640
459036
809821
484992
253137
864907
551746
366344
149631
782091
823718
716402
481198
751165
758873
325563
427417
624321
386260
976639
930649
574839
683914
839240
557883
457879
658052
44024
118498
855189
791341
702346
86242
202657
317742
169285
460040
326788
410457
406295
358819
525111
201380
290482
93200
738630
677525
617075
732457
405399
395091
450639
491256
780594
922442
262755
148578
943468
34801
957687
679591
607565
756588
175819
418096
623871
345617
289055
750307
498637
857106
579377
951292
960184
184351
296502
222068
743585
706318
859819
652592
558978
698730
222465
6193
937920
692988
769740
516038
777626
24637
820426
504876
150272
676011
488600
486925
975131
509770
647660
501321
665231
460083
267980
443002
355477
630600
580943
719356
773193
962348
982706
569951
923694
199748
211463
637478
753398
226365
626638
915119
366300
516332
496961
530418
833308
331158
702035
674299
50668
492626
635180
972082
634226
209626
438558
281425
203337
892363
887967
215156
689874
130720
853044
98165
273051
855675
160238
391408
323919
512147
886330
771401
262780
258177
287796
932431
978908
439388
107740
322270
753314
738460
525202
301297
814096
748851
249874
814857
721457
22476
98726
544030
433987
665359
878618
86111
950068
771925
437142
89094
837399
399907
633467
448483
395933
66100
696253
471783
837171
810723
739086
122248
675992
391554
399571
757057
257101
468709
350134
264812
757092
991478
428908
48955
393488
892338
167912
546341
172665
77671
380108
752156
260732
184253
365285
504436
55579
639569
501299
546080
775986
401344
286515
889420
376218
410561
708607
729331
145739
620586
186099
918262
559669
762008
859397
444620
791209
687188
52402
122844
253054
366126
399020
600787
653726
598539
114475
987457
469827
69579
583584
470333
294846
985277
477414
527482
277546
533369
765275
360812
979308
677849
885739
228436
98170
384867
575002
688054
991850
489807
168696
704459
821093
99001
355722
333038
318279
817444
970486
339654
606731
765700
437582
545224
519985
711495
760391
327232
85418
586263
845445
94214
346514
653948
644371
164363
877894
370431
344991
436186
258080
637276
354969
682499
497927
476866
552890
194801
987657
813798
930703
630392
406318
335477
184736
5209
307071
797840
58338
989563
163223
440031
667342
382533
310378
664657
355754
855261
12775
459871
713114
687301
976161
356235
688193
176978
604269
59379
958157
396003
108003
117105
72278
919629
543779
388578
576806
461876
572217
549515
51744
916180
317962
245605
802301
176428
552787
230782
745728
973738
916926
555071
558863
760617
223485
143161
968304
655355
854774
177726
504031
992825
1660
728684
434824
700184
870792
131681
823548
352033
728612
183653
884778
834941
509346
347960
468757
276824
105298
445773
565109
706139
883362
473776
760432
386209
932061
532460
436734
780133
349300
812589
247903
577164
673398
650868
792355
303888
737521
325205
207712
982463
467653
621120
831895
465031
799777
555445
814093
376148
762045
160774
399175
86961
615969
96072
918092
504422
369411
834868
668687
600813
814908
737994
829880
67379
591788
605388
869277
99039
48404
758308
435052
610166
178425
919676
478045
83784
331048
389086
278932
853293
220351
190124
330293
107170
962175
868192
691575
845236
655283
627751
659877
260561
748088
839391
558408
406717
764290
266213
665623
439518
924406
424433
864852
926031
466691
844247
916875
5264
953925
937054
204661
241485
760136
563788
112482
855476
810981
652229
34300
616406
209669
15156
688592
253693
902904
959808
700736
427098
21505
989006
29634
719271
296955
208940
814342
499365
164469
153111
788951
69995
481970
457396
569634
229609
345375
801664
283148
362742
570071
61437
920789
673009
155528
974440
577083
177626
593276
563474
865526
198558
986582
94612
809189
922634
70823
656887
935462
613279
776350
910582
282918
582915
932327
445021
577083
939138
608171
58638
388469
888069
709446
544467
584280
324544
798901
919207
723089
931644
782224
818702
176344
437755
802156
720169
432676
32618
544119
52340
981042
770765
819459
121450
405941
486532
763258
517432
542784
917610
308509
38101
123132
984825
336784
631909
595041
78134
304925
169415
859562
849149
325871
897017
919156
398629
771715
944137
11643
435752
153947
356800
34059
356687
162179
285596
962143
757383
260457
851126
891182
248462
213834
387560
532474
859903
691015
835965
703201
592156
991114
425668
895228
365277
248225
164057
485330
909550
565145
597447
378657
223683
327431
285814
372250
174673
849701
694449
526891
976241
410617
848861
599652
487911
911128
820696
226871
213027
533643
688179
546467
584152
281632
10621
711253
581885
818007
590543
879963
356132
831326
632369
799722
891108
28090
793783
706330
374196
269766
396227
883115
445695
905800
636626
678695
493881
853742
790023
892955
920042
890753
527901
33313
922437
402847
749098
328226
597994
287370
449727
243516
341786
717706
912823
984796
106745
403752
235136
875030
619691
710018
634091
108268
915878
298157
246008
938219
710282
574475
219071
222974
790400
988605
767063
143224
747164
127514
448884
467688
772085
336728
558707
334381
600839
281896
358591
742460
252796
614843
997081
196716
780719
309337
204994
193211
723912
285256
263470
66833
789988
969570
308680
788548
340620
920393
111269
650012
266152
44063
98214
533676
284531
937792
353480
715696
943588
553529
116943
488501
287753
276802
65501
732415
120251
989026
753105
535499
545458
174109
741787
190914
472760
804473
288934
57170
103528
262575
646740
868362
689233
175826
35746
715174
134554
387842
751907
922359
570658
591512
109105
681171
247612
473833
878176
450679
888148
572384
762121
916180
467058
444189
98165
217525
526674
986601
331129
65040
343703
986749
986839
742749
940645
856670
757893
838391
588623
486911
667432
774995
6998
617042
26816
942064
994892
807047
976241
903678
389333
337946
127134
717246
801087
886367
577862
591889
896103
155371
186273
421640
608073
977863
595847
60960
722082
902432
880676
362745
961914
685680
442676
786712
363638
119868
973440
371350
845042
369135
663002
282572
417545
508477
103863
917402
224930
739516
685734
304086
454570
303385
477478
764543
979300
437426
624382
372649
395561
645225
301030
250593
228844
904208
245133
474696
828061
113393
552333
457687
925306
98232
935835
67409
784657
985322
250451
130653
524078
166881
788922
913659
685486
183535
523024
840051
879409
595447
379385
389957
280975
45315
905314
469725
408128
588513
891609
176290
711296
314148
683941
648947
102665
749379
52895
593448
837607
560420
721831
441403
106509
336552
508702
308419
280573
966626
957041
531278
470158
330970
803750
954536
53235
708095
592823
605779
848036
11572
727547
797394
699216
948062
877211
447737
85624
480873
25623
742297
687259
37925
522017
882210
827653
215743
76566
108366
71511
272978
15502
232233
880233
429616
666150
600436
779053
534279
130840
136849
426622
622802
327398
778002
468573
841127
317939
4877
228492
563133
671358
975034
314906
123522
758051
117282
604482
25031
200287
955557
950608
379962
268464
622070
814580
4090
918724
250549
141660
74807
744152
943920
603738
822930
850404
533575
265456
428770
461799
587635
721511
217933
40417
820093
596884
245746
534454
289337
774521
109216
30626
664402
767695
890733
730135
994508
106615
567824
932056
73220
557381
48472
257071
314353
52192
43522
758755
595305
188995
934719
257361
993340
170448
533782
317652
214165
36423
772571
432148
382029
255903
950679
414979
93528
268417
996397
97663
789631
457679
189028
640101
23324
326743
147578
2706
478058
694575
235608
15225
975764
341155
459290
909992
313737
867625
831612
646156
486320
870772
785140
199339
755162
308864
921177
671020
110825
458385
295877
891589
64922
525697
302022
788990
432522
256295
888216
3408
604125
941736
805205
396933
600196
744096
608350
609966
105891
994712
135053
143521
61607
894182
885008
945715
767317
563929
248445
920986
875437
791961
674814
219850
780500
195630
191703
255921
183543
541073
372737
400713
531463
127358
556797
588323
265940
664751
252524
910732
850105
31917
729189
159756
930540
62230
156318
888324
57648
579358
180188
779873
214625
580262
176037
737907
943467
781803
766561
385286
647905
888189
64274
844191
907531
635560
650282
104412
115909
895752
545084
658185
687807
642470
62343
904064
286019
98057
775105
662401
509661
560174
473624
328965
269175
182038
559251
42442
721929
975186
171574
143081
275935
702647
56068
3189
162898
400439
94737
777586
712636
396765
225167
896802
87196
961956
533702
300243
492569
86359
703004
107008
757843
492178
632869
202551
371480
955476
366552
771891
403655
189673
149644
895015
258077
553418
938178
763777
178542
246639
386600
155730
78891
368831
720786
279821
528225
593522
903265
850586
773558
379630
331588
506056
720121
896795
135585
803233
479846
595095
309755
943603
3927
682209
159785
292959
36065
594630
830010
57913
792435
714749
312584
309923
660744
753439
366803
215305
523633
502006
521980
519550
251410
648998
476879
641755
349836
964411
549802
446536
822771
403840
705467
179684
692188
884718
685860
889781
48268
99320
954358
270831
842715
958534
457292
847421
425700
644544
439498
743503
625598
265460
680014
194246
271897
346694
68100
53782
467603
264094
801034
714599
696557
435020
712650
792823
210015
290169
408418
352100
194247
283350
137320
352621
709168
26227
472289
615151
83490
178470
614265
850459
668768
689009
441839
848565
58672
6277
809785
423594
177546
442999
126838
581612
758523
849893
521287
967815
416679
872571
104627
322484
548286
699748
557341
902256
566652
997565
974934
900584
555877
149732
229840
898840
753364
714040
972552
406466
162478
14972
543964
689102
113272
812365
866000
783999
448551
752579
82609
878222
167434
697960
394115
358103
370105
797045
239497
113045
12329
824134
909808
909038
477393
936131
664753
224644
615078
695279
525400
331440
587628
485551
165174
34539
183900
220023
133404
258362
936317
536034
9539
494889
700251
718622
521505
471075
682474
380352
167339
894436
667415
436308
774237
135226
308490
958706
490430
915585
823685
530735
512077
793229
83499
437586
882439
193162
588290
536801
376592
267384
724003
255391
777881
264150
155150
551644
217470
544341
362861
738747
680104
932019
195228
980704
348049
531231
725912
149712
310898
864594
678438
888738
492694
588126
833030
522555
194155
375217
641901
282268
785328
73218
48028
20741
167795
683305
624439
665216
242713
836872
612154
188075
94860
1643
250617
892106
49523
197472
502420
790922
455624
931942
826573
378075
478556
857068
598149
689406
844232
935554
854600
77646
66469
426998
32684
30978
903641
496817
634080
747474
851721
911530
624658
959064
142183
202246
576884
601531
956391
295845
508835
184262
564570
299352
986921
246008
323564
126271
963839
250232
815252
804058
429798
415931
231553
683687
582525
311433
36749
124252
667183
382789
939544
50084
404693
550436
423224
144350
258781
942225
411729
795124
313294
711144
731568
814020
704093
832656
759870
989512
946343
433197
395063
660913
956408
344507
618313
307903
689863
472815
12846
996488
324531
285182
399624
785140
528948
929717
790087
254502
143561
471628
271515
801990
325156
207642
724591
238852
656025
176618
670709
403580
702028
598622
381404
230807
999914
800728
680028
572555
306237
192558
720325
958892
356348
904192
468424
67513
86191
234650
460518
343574
298341
275694
414721
660995
86509
449424
877420
807042
565014
748606
501953
368689
45668
23740
289743
57781
574238
726353
615013
852896
912559
20598
786440
528335
314818
597762
665015
179413
934596
227552
677472
382207
68217
63405
144709
896798
515479
158144
579668
664216
419057
834723
890839
499495
667774
65517
279981
18019
435752
159069
712324
222135
598051
218755
126781
34789
479637
237537
873186
916378
672965
699307
88183
974343
64679
89386
710574
837883
574798
865816
512594
20283
627789
448199
792115
162040
173101
375288
574039
256698
590828
235028
168246
567268
453991
257355
809541
445739
719135
23626
378346
98071
381244
169602
615760
400275
807602
731167
920463
653257
351575
42978
960211
266607
22046
185620
271531
233204
922295
939728
843531
430300
814124
519342
41008
787294
981206
800564
568429
332513
729384
662372
6174
168958
590090
852978
460585
175253
686857
940584
75191
282901
617574
256042
24295
330118
959979
351345
402783
171628
870325
958327
34930
176630
306647
291017
241337
511365
36480
525079
716039
336651
354353
509602
345219
17980
877614
777706
197004
242117
426742
207557
413314
871040
90581
196409
364815
894833
823301
854998
218859
366160
8022
15289
302093
731165
844377
413535
140115
299774
661758
204021
516041
655492
805848
177201
199143
832974
481940
508464
119466
47639
834042
141102
659573
427244
622320
613526
89965
555045
19853
993604
396124
758415
816269
171691
955470
583567
514402
371907
437476
384297
844738
916049
36423
3000
409920
569162
231809
474728
850784
994357
882833
807668
681851
136322
814175
253546
336069
12128
13656
53291
895851
435995
250176
719693
7590
964117
296530
802546
275171
95507
316531
890732
974810
257488
415198
867021
746383
157129
689263
397163
671992
131834
454736
106287
729727
969585
912262
473521
28333
687747
449024
548393
101978
502823
77184
298804
273968
839907
392497
179412
417703
614068
226044
348908
614826
354778
979299
839687
394040
365072
748665
42824
41660
236133
559362
469313
529738
287490
555303
650375
610368
990883
625133
540217
117662
593659
460251
134754
964192
563868
8402
991098
5527
368987
661924
411553
798479
234512
340120
701067
1259
809357
910829
838461
968292
339511
685955
61957
699137
820967
283492
449268
983289
650051
904281
166643
311680
559126
318129
384955
856899
622250
770867
960949
996896
707253
100098
614886
301193
602469
204532
939406
279810
681902
509037
732001
518897
858482
378495
564596
665749
931166
653906
452760
358633
477342
68450
259751
68208
537645
813417
467653
799937
928656
448982
492502
360962
140998
705159
278076
244796
84839
259962
479322
340438
896482
366948
102138
335742
469858
649197
923782
825081
616666
866675
181654
337990
939412
858061
55047
793118
824835
358663
495881
67920
966543
756775
603210
778468
272991
28861
947200
847911
319885
733074
989818
609882
685049
243277
106988
370648
475816
732223
595722
608978
432892
66831
782223
563681
250046
56452
462112
690974
40362
711639
815681
820266
44650
570735
487096
774292
986390
242088
114062
139630
411742
323626
858993
54985
162079
697241
96942
972541
654473
897794
649843
894411
455934
203916
842204
240977
366627
620375
931704
645366
265081
376229
774675
484703
60182
832979
247491
338117
65978
979438
215227
747013
445487
549820
939658
755898
765774
553728
888376
526914
215746
56809
783241
126072
877327
761967
824419
889200
166775
114444
905946
254313
873470
302961
477958
711531
708795
489606
285620
473556
615257
467073
702574
209143
863772
750445
126299
682314
147878
436015
588620
833267
248496
358329
688160
981353
910522
503350
807661
114668
352218
577278
318521
348433
585310
962393
917589
79970
860036
500231
855703
589169
825498
325781
377633
311724
59385
689779
33411
633224
401383
822198
752578
892121
238850
689278
886589
131560
822947
346199
37413
770457
941185
36635
990
48298
68557
986375
552783
599369
163526
626699
431627
112823
119689
198029
831558
154605
168558
866238
412280
134505
567022
413406
330044
248414
793829
23862
82114
694336
760185
24691
996992
142670
95534
728675
513873
497999
576785
491863
946738
462011
698814
270718
81016
889810
145170
473804
667392
316723
915404
138966
119872
601612
664361
598201
632909
949785
715586
117298
179991
156606
585965
97855
887252
97845
312341
299662
788463
997348
25214
724116
103627
584547
369893
346658
133668
230351
876628
263249
999517
916723
62903
979975
22724
395385
611097
109756
184437
387345
419466
959602
120901
154333
263259
800840
923670
656240
862470
275892
943638
758772
853894
640052
958751
466514
82377
307323
444193
957603
491798
927017
837284
988968
248348
979307
704499
431893
391742
965660
292872
500524
562197
835057
491194
455572
597801
161101
282906
196102
876599
316707
213481
701804
681943
110517
56709
304198
598452
50582
514119
797518
487692
697321
440626
667210
189783
632085
551832
624439
853304
848497
4507
876791
925870
399104
766008
294651
745994
912968
171836
576899
266477
514393
123649
339882
358103
981801
157301
694571
899646
295461
399321
370776
326409
718150
527705
766103
460254
544802
489233
970299
641364
537701
23653
930930
171044
351796
216431
47959
532992
717925
871981
749348
309549
95192
816861
923339
971910
110464
984412
339570
238835
581913
452317
603998
568412
702987
655680
699300
613917
593723
475330
858141
255294
466758
207034
651776
522394
114617
763078
722053
631822
447072
766935
410853
245587
62798
740741
947438
599543
38998
485032
730363
340105
888552
496223
512231
737203
797531
488604
264830
36873
45873
560939
813057
244835
766782
663754
355862
912868
817097
752109
367639
528403
766895
40236
828464
153448
61230
48575
337313
398372
770583
389542
535139
210180
280884
81605
654382
667191
20641
812041
752822
313293
770192
70056
748982
655991
467198
442443
117769
66215
2348
664507
298945
707631
906106
7799
313678
897769
938716
643415
717239
751500
240157
6045
873217
681455
669935
591847
41536
787218
835769
957911
133780
271534
524976
117692
248754
837265
950898
12728
305161
520015
793066
119745
836211
60957
976180
368286
561866
451533
53772
331758
4278
437674
325585
918908
752908
819398
691779
625988
221672
976688
605935
462005
196046
573112
762544
749642
578377
490319
7609
663727
933573
824022
336464
306294
998048
505524
688148
643536
746961
17441
706098
865526
608236
422913
840865
618264
796179
509096
595331
730206
137851
214349
596501
799978
688858
292074
105600
222969
418802
10730
646991
499272
884010
621340
407432
559251
20970
417605
498287
992113
338966
417134
334483
867018
925419
448789
694304
452658
670671
948076
694885
7852
160087
688567
219146
196706
479534
653274
789914
237052
192125
60629
823731
67039
113268
229359
256407
572981
685115
270026
619362
910075
511613
83833
665560
157146
969484
413712
720942
664213
789327
141400
468371
494783
158016
52399
750460
14243
615771
275241
400722
710659
255382
757374
366591
880782
977186
74264
623777
73297
383614
991429
676481
260874
163295
642218
71874
470776
528253
759346
527367
964065
664607
293460
829802
192198
724458
978821
540597
945721
831055
616283
446763
2184
213864
867555
965508
480352
693564
965830
50513
865634
13222
835919
302795
332393
664884
173844
110577
465464
778334
40185
238570
12505
112443
733142
770693
720433
921273
478036
798139
782125
242609
96022
997129
4047
199878
138930
100103
603746
476525
869236
21148
213254
539591
233802
181317
10300
889025
62754
208263
247868
6686
711683
216084
126821
66258
521579
65303
374052
852472
276829
262963
174024
777338
18019
826511
838160
687858
603166
851300
453337
50547
925550
649830
841693
324253
565975
179499
987331
352087
423387
731537
689432
426151
763074
449786
798799
589745
632688
924523
328095
834418
426889
286915
831779
18464
427659
199035
374344
898212
691366
773383
144842
592083
798628
647686
603514
829707
237546
650603
383238
144619
914664
543164
735054
337569
132923
450154
787779
67924
456796
693401
967913
976852
176944
649843
732080
840928
98298
179844
775815
457269
572745
193432
383543
888849
363455
903283
165612
687494
248152
417696
272246
327922
52035
703599
228561
43744
537137
76981
246186
407111
344857
172453
146982
821097
442222
413869
339834
914771
592969
730595
279756
987482
54514
447309
389696
570942
63682
239104
309787
995871
438913
142245
202765
693802
824338
7697
962491
990277
246822
125903
662556
87794
385702
762121
219361
839845
859397
326054
808454
818493
269118
997954
581953
425914
819328
798469
99533
696086
404823
687243
444773
643871
209880
567006
769715
764909
771557
452100
352159
317544
52898
588596
223973
524139
362616
397130
146203
828557
945241
582692
427764
958832
676638
905144
286196
437056
682598
563264
308018
620872
355071
830125
178934
519219
514895
953698
111269
410134
895163
119079
872552
376255
397473
362280
50370
205137
785649
256174
234603
720313
402603
475833
156589
588245
583747
983187
883452
910033
751497
917260
793336
641890
15525
698830
743162
600076
47861
526084
20461
680677
235295
741601
628832
772497
774884
371613
248349
944094
190499
574550
46185
795877
101009
402336
26892
429744
826552
751391
622930
816746
95151
840718
519526
409447
102823
887233
898262
857533
39651
304452
948147
885521
945751
14289
79647
967146
168244
634122
254662
542270
957072
506990
111622
696261
917957
410587
80279
263889
37655
586921
554168
437820
788525
238566
241288
13471
343417
191278
173681
910065
326432
601513
269758
375080
292326
960001
165671
742217
593507
108297
664515
690838
361173
130833
411281
401099
879898
728377
47801
249255
736636
424251
199895
523119
548624
507902
220917
657247
79019
230271
735475
46658
229646
762977
272991
478654
837797
708699
892262
839142
690460
837481
582945
261502
905593
476559
618555
92357
168732
394512
120406
515147
26364
644052
692388
72638
830333
902927
162335
267459
148910
246545
512510
309577
563596
829993
257513
529070
337122
224537
549857
304119
630948
573516
671494
194589
539112
6432
377739
931759
19241
12726
925265
279990
706144
718824
704722
778552
165963
661847
785119
759834
174079
989654
539260
70215
206278
790187
691035
272165
605149
518062
377569
99667
681133
167369
985302
935166
540784
425676
478717
16152
424523
85760
728670
153358
94076
664740
826794
694913
566022
103219
450522
641872
42892
137065
693384
129532
827975
964188
511496
570164
472659
426077
446094
689406
926167
705057
552104
874672
378167
78114
889595
766930
828066
856659
886861
317396
47939
4155
723544
241550
620289
200509
720255
605205
110302
65516
514886
551167
620869
712319
898151
90606
477310
644878
484273
837105
255480
170128
504422
844251
283142
488858
3470
30096
121934
87449
316663
204240
140723
839137
29473
521986
759054
907999
762043
365571
806023
391504
112362
126674
683021
936729
237040
687694
949139
131391
408984
162462
203757
561356
600486
339472
880493
258275
383050
375787
857077
522961
620493
764026
492713
699545
122293
197262
887566
915649
946931
696260
742070
328679
23784
131891
382674
112650
787999
617206
884677
801960
869290
716981
425225
570498
867294
265081
37496
14030
897644
295603
304299
131381
781806
169168
56331
211703
617054
834371
391627
752193
954394
344931
978561
874519
552334
463094
336101
535619
835680
772779
857503
677697
265640
775734
662001
864967
762429
128251
674207
921170
3915
411559
127157
771205
849447
195119
377219
742629
160941
369003
817603
198818
985367
339218
796378
717385
84705
651814
346540
983951
383777
354741
508414
919083
683064
610230
208312
971085
619577
213877
791339
18250
816546
379065
306601
653197
94951
502975
546968
544176
878148
306016
182126
436366
341911
945718
244012
42800
659060
303259
179841
941244
796648
420794
588518
841450
227586
100186
805236
546205
561770
945594
982379
335325
560207
136430
410283
721652
781094
915010
941281
774375
443040
425066
731960
19079
802736
436048
753364
657209
362712
108617
199706
384128
862691
611873
995567
702525
564755
917363
256914
841657
885001
43090
974970
731986
419012
405675
457434
34128
281818
451988
834271
299147
532211
155533
320436
439043
519755
270590
754360
842960
798669
723662
297652
264456
809488
465029
691428
34183
965526
206562
903065
396124
680137
537842
888474
234043
426710
918037
593743
90960
933839
882562
113590
509394
897382
455570
825695
353469
592773
729544
802081
743289
967710
725666
144597
676393
97172
14194
247429
895507
251260
149867
249252
52096
683817
478909
711582
374454
307601
709593
286534
956835
894125
568191
326688
379965
12930
650561
539303
144211
939390
590439
659103
915224
861034
976487
587028
478214
81407
860335
117785
180972
85481
508344
667680
921894
920756
595594
234414
545281
37915
734025
819029
512805
380086
883056
675424
51247
252361
868924
333593
192640
97482
819825
697563
787967
677426
504452
481848
300869
377606
400149
98136
491594
709454
532597
555444
105429
311819
481406
193984
116696
164236
628561
101585
278570
416098
466300
685277
469791
586934
997187
527498
390761
33271
561788
607941
174824
946201
928881
592424
119103
68193
852398
674431
551330
864430
178938
203411
220397
83312
822830
471266
387392
401621
854917
479236
986635
610022
709602
430143
691114
565218
80322
344074
302723
630101
878644
121565
41963
70418
315232
621872
835886
913169
688005
180061
385132
127868
570215
914215
752609
224335
161344
491339
659402
416601
639769
441917
106980
171103
232318
802345
413948
437443
761403
415807
481329
448001
525102
857151
764725
759518
796583
317216
287357
415128
681018
909
8752
741573
742297
189064
45281
887596
316325
361615
693404
810744
894112
235432
878474
889448
142967
114536
119552
744996
950478
631142
108827
480073
594364
903912
133305
105740
987207
105229
978962
74533
589131
366534
21348
49255
446281
38936
97065
76381
207053
431301
881433
145061
143515
802223
489774
244788
239548
334846
50192
872853
695289
734374
772517
551010
281167
277700
249985
551407
370572
375309
556797
557299
271122
717990
758357
739747
375728
379892
845452
38005
804376
596033
81618
957298
542000
881194
811826
545751
224850
399430
975360
341592
37411
302932
730210
580084
387390
707344
97448
32829
760272
514349
71433
132767
556974
647507
288822
775671
218563
591561
27595
743678
436582
530742
226116
301529
98651
200990
661391
194344
960392
441396
119330
4512
261428
552172
190665
770377
537783
844528
385460
288168
701158
647841
551314
772621
397230
943927
159936
896157
200328
567249
892515
392656
17801
661758
678135
814299
39378
947833
840521
276244
137599
272478
924291
864718
927777
331806
157347
53970
276227
898263
491481
489654
941247
537272
280324
93885
400149
278973
544072
281349
160513
700861
796577
979792
258878
243983
877454
61324
147018
86619
501195
282863
752867
754295
395364
1398
438788
528789
535387
94105
431524
154279
284568
285411
293518
315051
850288
193357
623801
261268
93705
643183
592336
627420
140619
599459
169401
696648
551626
480775
352189
34888
805573
186407
750644
300130
878609
330887
383294
171397
799291
248731
205770
772891
29044
543760
130228
939724
619876
283675
287930
159464
208171
118027
402004
913659
232238
268041
350232
659807
329047
398761
920761
370817
790708
885184
56960
960302
573080
141159
515993
50281
494681
207260
668750
275
33301
880599
709733
927851
603760
236658
625450
731241
479746
631408
899414
830639
817513
766463
639967
191093
968045
148808
15296
661643
922585
2416
172055
674921
137369
915191
85036
638667
895325
984118
542687
866977
481382
744161
568964
98042
476515
714900
754373
313362
404200
775698
31904
20485
271433
493948
120643
603017
370208
800743
72961
669737
898508
199689
647588
961893
223720
957844
269333
218728
660938
247309
440866
809232
391188
507940
123181
107087
302700
485149
113933
565067
415292
623832
64515
764683
718334
156372
842576
166871
84000
482165
728577
18973
741004
518710
582242
474620
531199
397517
882365
309294
69005
714431
422650
408981
514617
226800
95021
478726
744476
270910
507117
605835
598378
92617
705887
539317
169163
983270
111826
466626
104435
634603
780788
364939
705819
531123
987307
217481
652541
568972
505930
6602
966861
967777
92477
186046
117085
356577
393060
484793
189673
35934
636263
50884
873233
982184
89880
209195
361072
624139
276699
40129
4759
633442
98489
170738
71381
575434
922830
324740
716031
671084
499298
572721
737282
141638
691210
684649
931653
668225
107347
989545
104921
932626
679558
742572
119171
531339
479035
406864
229391
591936
932747
335983
948919
899161
82094
699094
304055
414391
630758
676606
391737
402780
96976
717651
643420
243390
658718
934578
806659
181186
440491
752880
762380
470069
658519
309821
666072
924609
216943
39115
279086
361420
545730
906281
252132
975870
635151
21774
474393
231238
441417
161590
618247
374960
924220
674777
458500
458682
121989
474166
820844
225436
562727
697554
916361
938886
336881
827761
522690
12981
322750
688059
906590
782160
481035
162291
757932
804464
857407
975681
401830
779732
920593
478484
590378
690183
148934
653318
328980
356501
937482
413713
163171
686858
814817
444399
159713
186926
798207
390263
542154
970396
6873
153041
647639
348967
832300
633138
832837
995491
474319
129647
87044
567443
856203
649121
745965
586600
91869
495665
230436
765805
91163
799801
831421
2192
943753
139234
931351
513824
456389
506630
930450
12390
455954
292813
11803
79543
818442
776840
746434
703675
90029
780430
792859
595546
166137
262995
37526
158089
827538
510147
961923
506630
202098
128326
940733
944953
948946
753439
633424
357376
449222
110155
848425
516351
190369
695949
446412
270544
866614
756463
168065
216697
467873
31538
675176
813134
320546
270377
789653
73285
258601
7675
656416
29693
46031
103006
805614
288598
198800
495228
609904
304512
888189
881850
227105
70272
601669
397881
917657
512869
943899
377711
101433
381070
341777
510449
516982
4495
103095
525135
150280
798908
281108
216568
185312
286088
62008
856207
482575
974427
581353
152565
186413
902745
76516
305966
707081
696384
778873
747831
982763
792085
840958
508773
409756
367203
18118
708167
953682
557999
27677
884547
955446
690032
345969
276412
68660
751466
905431
831752
279132
464417
38367
43892
321786
997200
600216
333484
150896
445694
767847
812627
806889
305076
473841
183810
829041
381255
254043
336669
710799
785592
465185
565817
396486
817557
126170
400536
456176
885777
318416
875036
449128
365346
504887
699590
273050
161819
326084
652392
137284
92496
969414
489544
503544
934602
38933
120441
921214
875621
678130
345196
472910
684993
951128
154706
647120
308015
503481
635652
663504
476790
644066
182638
562277
279953
85939
208446
495143
470088
217949
292758
534699
515738
939731
259621
481828
413954
246463
394571
986569
448492
596462
255294
205474
585586
296958
882569
598396
568429
290312
318282
954476
311422
511245
127392
222557
772299
707390
701360
679841
987852
476211
559618
721696
827716
382959
821284
225025
536233
464794
808281
388328
3105
535733
314689
513115
404442
552075
78202
386585
550117
557905
71731
349150
716864
276853
718375
15009
234037
451686
583567
919810
9195
929219
136376
559238
224017
426594
456611
69648
958156
180057
412160
712432
908154
255567
486307
767030
701952
362757
456865
349995
222380
6640
220943
629315
489166
893491
480136
552173
31117
352165
439993
220808
307885
289886
895034
178266
534692
436140
315500
539493
688697
838798
282023
846439
116629
268877
456519
416769
14404
45093
727082
984966
700757
717109
430074
761496
459341
76736
641062
517875
425623
216079
750667
163777
46977
182499
259200
435424
679938
813920
581617
94555
663224
791904
619021
734044
621369
383209
527335
618519
762931
182560
722074
405800
322842
259911
48966
390633
354265
774140
701281
666799
850611
328037
739015
798183
182651
40704
764418
241900
907327
251194
111908
587054
941525
189351
44449
863961
560884
620409
718042
443689
61236
232006
523212
947250
917459
149742
356402
896795
150522
225879
577345
748738
464518
866313
218182
82678
788659
416862
206703
851597
832199
815068
665338
442156
79869
232513
617516
368249
185552
119558
932035
191174
882388
47111
615165
655027
302401
822627
803107
759134
500112
911546
150329
867613
488974
249512
293707
37382
973949
969194
203681
762834
700192
271817
324935
438284
274226
723659
376852
55073
23098
413766
940704
149471
923515
469623
876851
942151
962625
100127
818704
122155
983392
946278
190199
325744
488339
454210
508077
547561
895953
290446
540669
942154
440075
265568
365821
963741
285182
775284
396683
913584
487034
91360
840771
257007
314544
878422
915831
894154
546653
13053
267335
538888
770902
716067
958800
645975
546795
204724
278980
997269
695335
319614
33596
683816
962709
449107
95043
486206
460592
383433
824742
185637
493366
878920
383506
192944
704469
608430
410766
602322
778651
932186
622418
849180
485031
90360
307885
534720
732298
677422
801156
652135
170755
654089
555550
902390
93973
363432
416341
640213
704613
977554
424866
472880
613095
924826
243287
687039
741802
408119
852090
942707
111499
437904
945349
790576
842920
591818
282871
28082
515250
271594
915211
60918
275528
344819
928907
524833
38029
851616
601770
299658
427858
742300
84056
480510
307232
913474
739119
302839
425242
169395
111547
651059
657767
154521
515297
759283
280146
627814
37502
474567
130420
136607
439043
887633
970256
724549
757664
731790
866422
818796
520659
806586
135887
857232
747376
945696
662669
7705
544061
207895
438409
557897
694279
91416
807332
651492
74511
418877
412494
827789
845354
153389
299296
813612
194334
914958
397318
156581
220093
599520
174627
282850
952754
564762
515863
436347
763476
437942
686548
30437
423203
500959
640228
140643
268490
578056
199432
278066
310476
199563
891674
842582
667456
888314
784332
793781
512908
886559
735820
599135
302664
713946
838063
430770
690757
933592
163979
997181
352117
87891
92079
440301
970523
88319
23153
696317
321947
280106
232562
799658
55429
568152
571505
382760
759366
859455
355039
907313
954889
828236
822724
10941
347622
67733
245785
968428
42548
317026
509804
968610
777512
23206
157390
259148
338657
431805
320753
805181
860514
911185
185560
188723
213412
255876
319278
250578
400650
345617
648458
51869
437655
475243
267600
377531
933245
319431
768815
511966
266776
500977
720160
279459
903929
136607
680229
215028
838140
553499
661518
650292
553843
951817
401810
758020
526679
49568
189546
414571
839935
112209
172220
49238
337573
218680
942267
541037
575511
666965
66879
501487
458415
284182
636854
385904
219660
893970
243425
834929
290697
404604
833126
198242
99485
758755
445786
581121
238247
195623
168163
551832
504246
981668
899774
712210
779543
96358
259233
718955
947083
693416
54600
446394
809366
96608
693218
778258
756280
23160
306883
222998
448686
910887
326569
596500
638235
424124
324099
169706
490800
17612
856365
107085
585311
615569
576477
962373
900906
69653
261891
457388
614925
901748
776282
313378
467160
33967
868119
68098
697616
970158
103797
52797
773944
952995
549439
129338
731192
233666
686847
138184
967187
130527
853011
300899
191774
991819
986582
477910
294034
358184
998573
937855
31539
228593
849838
967013
682701
567436
508134
747208
11315
731241
854510
744628
188172
216390
974208
869220
490264
771580
446669
457375
247777
597872
926692
367203
581406
824993
782239
508559
774543
338360
487197
169475
866758
627604
570978
195377
934553
377385
55761
409036
661039
701343
197825
297048
506451
304736
708096
107441
78266
530377
402675
47484
769538
164507
758370
239087
542108
269860
393465
329377
804872
188310
651736
779561
858947
209848
219952
790187
217474
595690
449351
114271
993365
791653
632795
111211
532017
203942
810979
84583
641889
476767
882528
26552
215026
771656
980479
214233
603648
559912
868363
224447
980571
265297
287845
293653
787690
254336
104243
741118
947238
150702
783385
809739
620001
668144
994103
254909
971318
901748
673202
666994
380581
425017
161311
806110
719310
905801
539239
317953
174569
513637
396082
632734
188454
337241
538149
443280
69284
348730
588107
165099
37736
510315
183171
385008
621785
690984
360879
815215
797248
7830
724397
712772
154567
130243
802612
30437
496188
273216
27550
456731
89170
379083
669653
196225
899981
286520
571953
967370
341547
164010
121703
164299
824491
764266
174779
304084
572109
211634
703907
358495
365385
242057
957162
744447
757426
879442
137508
718282
849447
459903
217436
950548
972935
965236
43330
427722
967092
673083
218531
937921
822982
466828
397447
24960
404547
112301
885262
260274
260023
119031
214360
38050
150601
667513
902259
757893
181873
336059
849338
216881
816205
206350
225
189808
366442
669515
855252
70969
463050
920894
568976
606911
520238
468782
447793
508330
35830
600703
298879
430860
645019
679360
511962
873909
595670
46197
11449
151021
109093
22442
81397
291732
292684
365197
778569
949561
429860
169693
117554
272215
224144
518580
254056
405580
709183
917314
914859
310540
643428
188629
506776
50571
124885
819017
701808
773343
681662
40016
859282
637947
620032
513110
696779
51339
911483
249993
638278
539180
714604
286912
227911
807549
18591
649589
940704
173228
544149
338597
436466
864931
737238
236030
482476
20625
878403
598014
470010
489535
728790
442323
984472
483617
801589
231418
235715
417301
641365
713775
112187
732403
275305
874045
28128
305546
107864
478272
775717
270893
449627
626038
883448
401411
248838
811104
344527
260277
670179
237207
686612
318746
915864
787493
80850
914867
203039
768639
76136
670534
532721
248578
414184
60037
179899
796575
494264
468326
620056
287557
117002
41757
321378
301513
932002
608378
601903
239485
851686
975787
635982
365363
193224
935332
697060
124810
816541
778539
137601
669900
724936
229899
582020
82718
688357
93412
570876
118928
550477
375309
189728
365201
346062
172556
241010
34924
42806
660951
914120
74933
381751
833273
356706
716833
259396
83042
523744
923550
300180
859630
96232
456714
949231
795383
489037
745529
787318
387963
571743
451784
450451
219626
143461
356222
972962
93002
438984
609636
668377
14545
706434
571757
835641
744399
124708
280029
865901
15397
548518
439646
724847
381739
442105
682199
913038
35676
411360
62853
973051
917442
386046
506210
687139
900177
535041
592058
264840
149945
521850
481271
616776
166284
682445
864439
861710
493716
769149
20127
210287
286636
875470
898416
997129
607459
582161
752473
206909
376636
800135
937342
323985
206475
916310
355116
609265
72581
721428
846140
200660
396334
176726
355462
596762
381432
248760
609816
331530
188027
381762
637008
8836
511369
156770
877690
684107
501085
330332
976592
88443
959942
885043
511406
804271
303577
440701
849045
105600
318854
68375
50562
208191
489612
68429
972012
147810
794800
243699
94328
788160
280192
586709
443439
670731
933234
373373
638833
922938
667160
80771
866801
105347
70398
443733
684484
937447
607569
352621
572129
565051
58319
51286
485965
468714
54195
729000
781213
470710
234190
827648
498078
158347
428049
407721
344175
420316
140067
703377
690362
404382
665715
988382
90830
688783
804702
132851
40426
957845
765440
112800
209497
532037
245213
742953
882504
689243
680719
553061
435007
899225
699487
707058
246515
711594
299064
645158
475785
290637
360006
114070
47199
126183
989279
32289
895709
989653
481249
686258
963990
845744
208819
612784
158820
387174
361011
667095
82900
352006
930364
529635
700166
125727
909322
596392
348049
298886
399489
199697
215932
695554
937764
53273
579118
141448
584921
739244
772138
78546
126872
408106
915938
995997
72903
272655
754911
370228
745975
239574
796028
950933
708107
244639
415076
705177
840117
410362
668674
893538
477145
649174
939963
987264
962383
877490
298344
401118
416475
497544
208343
739710
344185
364552
531134
273078
384794
606843
410944
326658
642293
306949
918594
120244
851474
698646
659563
149551
724003
424687
602023
150193
435115
327090
12485
282753
161908
829305
968826
840434
970440
54367
954224
79884
2242
818658
243893
528528
237991
558828
752408
81717
242743
820820
37674
927741
604356
111738
845135
709000
836507
752882
981867
9704
407862
896777
940202
758252
709099
156156
953355
265641
251375
169791
394181
986920
82779
351890
436134
340218
110784
18527
856847
713147
271710
125130
610047
280146
713901
885263
853049
222491
157093
630087
550957
607737
954297
204997
857031
631422
237339
260512
819458
603081
709011
805614
488531
376102
929080
579487
651406
318745
401241
50118
224485
714557
591386
631132
453862
34365
705331
793197
908037
862022
143511
953262
721316
953636
797372
756692
667328
211783
266756
701533
576756
578608
237193
654523
296259
277220
437013
568033
926192
624800
442579
577320
152252
767059
974376
311768
886089
595421
640228
212188
564272
667502
787996
775818
635627
263188
642669
153989
875379
785591
170491
538377
230423
905609
851343
298527
355652
201834
265506
283720
84166
504906
50583
451383
367324
731314
6695
13517
734275
649741
371966
57309
435513
611914
64030
917170
614523
968353
850344
798080
786246
591877
921634
383016
55750
575194
500362
908568
636081
816888
590704
664429
719610
726144
278901
282656
562510
24177
158270
183900
224796
55899
448648
495600
641341
22717
786661
856670
865498
462050
826621
881280
192804
475872
980963
990381
667822
84734
574049
878824
866211
598108
87717
94706
925519
846723
752812
135828
675572
839336
941691
909390
28610
809205
65660
358112
138362
368949
905969
316604
824835
558066
334109
864611
873892
452716
419849
720964
75785
571330
340122
519961
167919
467169
676864
871843
182604
490187
312806
918372
742807
164490
829395
651290
774610
13709
664502
839986
861440
831384
992870
647998
976966
895675
592844
870488
429454
140032
22101
1201
120621
703125
375287
230616
744106
19116
551082
318279
214820
406066
65976
153363
130665
960554
388155
81694
510798
934300
715537
802489
454532
772215
48090
476107
381003
866790
207511
306754
94111
706774
207388
432477
844489
114541
798714
1597
73132
538968
476826
721579
877233
923552
573445
41960
121153
354216
121666
241303
430417
124275
251576
884478
243372
12565
824970
4649
313985
964594
551249
417299
830047
770983
934040
193072
630352
445700
365285
538928
295247
181289
745810
626344
478798
720481
903949
84290
742397
832783
935544
256499
914875
537846
576546
800405
387853
254019
966250
436845
816913
493176
230727
185865
746428
336241
229001
421178
668907
800678
907807
207369
396653
102119
975367
521291
133123
999166
443287
695275
987066
811345
494205
187462
486629
277427
875743
447707
869228
679232
893576
715077
272925
585690
481253
810339
407766
250192
313738
165744
767470
755305
830292
835033
260587
732751
291547
734150
686666
402809
201703
739423
474624
936427
789388
932293
584523
774600
553235
311716
290664
745440
488080
267972
713139
697665
168129
30580
865077
296444
675149
810330
917280
71176
269231
867554
185800
730848
162579
186067
56342
795678
140770
896843
107294
100312
409073
861342
281658
923426
77668
192282
348456
930452
94085
310033
114140
491069
791139
388520
524446
588961
909405
60282
646972
38550
48387
399858
869970
568124
824151
57336
503491
185500
176754
672556
130772
768259
582076
942021
764936
419988
638988
816153
563478
716233
16313
684216
568933
545931
494014
8339
899372
970781
441807
790746
259826
312483
191281
247687
608227
395349
360993
52066
377174
980416
663435
46733
43029
141465
23879
201993
284555
807493
837175
910451
372560
50404
190175
898100
342636
4618
526618
543259
922625
263871
543692
927624
362712
455723
160583
315429
610460
502670
5006
335451
463913
240129
513411
166825
647794
207417
187836
40705
204693
211569
825726
970737
241420
564125
757745
578542
910049
684489
288569
937459
485149
989787
391513
60938
198953
16998
384885
7898
799795
782306
350557
214805
572817
153911
171475
524491
974418
6947
335778
973760
244042
258064
795581
529988
988097
862719
892193
91276
977080
509950
119252
913695
707329
337834
831433
600720
27844
799916
701431
276219
908473
73418
454796
314509
200967
304902
718804
826664
590755
968724
268937
983659
859883
351348
507955
370363
375293
492446
182382
451483
962486
716297
53122
645824
100445
969660
495568
367677
824710
416593
768699
827202
797892
182228
572007
349468
367485
484146
699095
868593
539235
887934
567249
977636
840939
117154
51317
618053
535483
6678
343890
884711
967789
946793
198446
55282
374665
632209
495004
611785
138711
840634
664270
283429
45101
532759
637008
369842
806661
599267
29751
261224
278685
449892
740192
911007
48391
471088
81048
431640
445151
681653
117837
374109
329495
46113
903994
341668
456439
524194
220543
73550
989160
281144
248226
462474
909170
596269
669110
457567
836604
309764
901490
251727
577614
923434
411568
261552
868543
370310
523877
941962
436378
467497
846359
450342
386276
440813
971315
565717
259119
666556
798223
598267
633196
227001
781174
335654
961668
437737
568935
391549
844686
915633
513931
128288
222727
936873
183124
399616
397960
783619
494053
778223
586368
825159
383088
900276
221021
410584
337714
709630
38452
45648
583898
82619
781236
905956
125833
887483
754951
434606
324163
855972
25726
826209
489613
734197
701101
937669
696224
555887
700601
965697
992305
205986
635463
357668
666920
669684
624913
962618
729612
364082
289156
885436
416978
205260
998086
355643
158204
400652
462185
829670
175648
171662
253153
230094
789223
179314
544442
810059
277862
994501
700382
518413
671397
551071
130618
208280
566300
485849
67062
767550
558133
204973
364291
849344
203546
443484
321474
910064
140806
160203
321758
417968
601515
27411
509032
636299
900554
973184
911086
900950
310392
293391
816420
600458
957631
324297
69002
700929
475073
880166
534701
956583
89843
414176
903780
322216
252844
923701
334003
433838
581931
715342
188270
710452
843408
856836
127265
40612
593210
308919
693113
197941
303182
260451
387087
398313
689296
829875
98200
764581
464129
293750
606356
8234
671742
998446
932656
881424
204520
142244
475728
464845
508981
673010
112437
138298
903986
891462
395933
710891
73293
738018
82165
257714
702471
501687
983842
559088
826650
596028
212040
908849
833374
749774
229028
542181
723356
18909
771867
940083
801142
848386
897812
827702
876299
742306
876831
444214
136696
450799
410470
363074
244464
769939
35062
791639
425417
284880
835872
18060
982965
499516
88264
620924
477336
701961
644610
579412
823422
599378
989749
823186
696934
296032
942582
869101
76823
632229
32114
410964
911369
804551
900891
465064
82577
181058
979249
796768
195966
276533
262666
450588
585823
518512
635522
394298
222627
830334
559073
544931
671041
880074
724109
906592
404333
260572
636494
386410
667
540606
831409
418675
823968
14921
387565
914937
110403
418680
787190
369513
554004
855485
848745
195595
354810
862805
677195
928486
40848
343845
225933
952051
419227
621067
748966
866281
735190
316000
967662
350971
727538
928536
93023
172160
311540
309267
671474
88855
792191
686341
199882
963530
249675
408756
641036
605883
679274
397396
101030
662218
890008
383552
745008
541313
817068
286119
416983
964158
52870
151078
476349
712385
967491
834358
893694
176183
68550
223394
336846
619649
467186
899379
743173
722812
736171
422606
264044
914169
539041
271098
992134
372043
380145
342738
71106
216179
514149
841588
387910
608403
263315
115100
422322
602937
268380
525675
8464
677050
906180
1845
608075
308944
719020
768092
614349
328211
468163
835108
956610
424807
471460
291776
981854
434157
218410
322939
983450
109131
833112
504877
913990
65136
99774
839263
280943
273108
344069
202308
65553
759241
545681
48652
236852
716200
204131
545458
109040
275934
698793
547662
902322
372921
313197
708997
68260
917564
45895
122116
592625
467952
16956
63007
688530
41426
901565
972890
200626
319266
636041
97856
139978
500581
965243
989581
850734
980194
172206
750842
877193
787381
343438
986870
178788
445710
714980
681361
158874
722246
535110
133877
325918
359251
618777
62578
566701
897965
193359
906288
953343
710075
622435
671015
558260
322998
349139
974118
411437
232823
440587
153760
187595
837316
988820
446430
127458
578386
337113
721466
786989
195352
473090
766189
41582
383071
938590
622772
639991
405087
379369
249639
641905
261493
633744
562060
467497
646540
361309
765027
264924
553876
893129
9686
413136
612965
968434
996109
215349
660034
411585
982359
253910
825911
16940
681165
708049
776485
405187
3208
304436
263934
255735
217000
91220
563607
573810
942809
128940
884565
444124
82347
697802
514988
756544
659613
884314
357419
826040
306293
499528
79466
700887
392598
436251
440074
928944
986300
722880
302158
598512
984979
641268
245451
534970
614481
76109
420394
406098
818150
394820
640177
222794
897283
482086
588993
596341
521632
202
702206
103475
225380
44531
512292
849298
528322
485543
64036
483485
540484
26364
843849
413695
285754
871589
21441
75559
264083
498139
841069
445210
181073
302364
912923
296206
651870
956664
531447
71591
641765
835654
94598
23635
776656
45248
939542
977175
492974
223094
584903
337249
795852
419417
811158
296471
286862
118164
47242
996044
870753
645702
814652
151594
233952
877739
580729
362882
188949
673849
386893
262162
250435
795845
469876
758263
527253
795562
449804
930967
842070
758885
331430
408995
52998
155704
966478
176346
379060
979700
45828
879538
646909
718315
238776
276856
131893
728759
98371
262319
367384
378487
157350
753659
400003
260218
815787
777809
624237
948530
730983
652864
771297
486126
632496
890905
360467
732638
620527
191264
439904
70226
744698
400424
294942
401696
706652
409031
656697
240010
869021
252892
746473
623842
764249
654089
321490
754264
178059
571188
787927
230905
137275
273612
997442
957241
778088
209266
810857
862997
152316
927155
461608
661924
282534
180250
420629
508632
177138
960352
418018
618758
371585
274794
148965
551921
149583
854722
788362
701525
160328
619220
257445
528597
434697
10492
60733
993526
466627
615395
6194
289032
403850
277389
173349
318209
511895
737550
925928
96931
885750
713022
525008
574760
806898
424984
566022
410813
51901
21264
402538
851554
143887
397282
466587
391193
691661
221117
952869
14231
489149
1812
199102
557080
114776
476722
80329
712045
71051
785936
407182
953789
81435
666046
910974
40040
818057
795504
42528
33407
188670
631307
751302
186339
798934
587851
219303
496008
930696
523907
914243
581785
166236
740890
197537
28010
275937
395930
462950
161127
186021
333655
327857
856872
861814
129875
505912
123880
59086
809092
5174
194149
803877
468191
618174
736116
11613
640539
304055
974682
900239
664145
910079
529013
490735
435763
750019
355644
976730
672123
536922
784695
413270
630931
173861
563691
531167
212647
153770
61925
452007
799041
400893
572868
226693
635388
171040
976542
561693
686748
200551
409351
285379
317180
578018
771776
664258
684126
93246
303318
926105
521678
210837
851874
331680
661653
58918
52543
349799
561210
76695
918692
123641
278254
302295
903240
139248
128260
293886
421660
858987
865309
266064
304165
656226
651816
5337
459705
118987
715729
718323
864390
787450
516382
978343
280573
3248
481563
236348
944330
606361
930061
534577
610766
533981
138048
771406
408637
742371
713194
453239
349952
678337
583250
929018
120410
92934
112030
252457
622158
860454
505036
373290
392530
608924
152157
852976
174555
142065
263359
10795
501121
650060
760720
935901
893058
747200
844729
826023
421
715449
157200
495488
780283
350692
669243
422193
279052
331848
420061
453401
71910
578608
251091
810197
347620
586495
99960
620548
938478
566856
144242
207789
135865
560498
394788
675969
93273
925489
342615
696781
882146
633691
562692
87211
528043
405826
536470
816975
981265
547980
875256
35289
302311
759928
730977
557634
354631
163252
867930
419078
591072
405553
504856
54736
674642
378316
509581
152431
921691
883129
89878
59585
813163
432763
560610
217165
467384
198319
975361
926114
778100
709027
155260
4778
546247
824179
108314
556977
893035
327821
473402
544802
680778
173797
805037
871893
57497
741947
358800
135536
962975
350389
374396
160297
427124
497307
620238
880819
149840
973598
442097
238802
593887
101197
340545
288240
438762
211689
115983
812845
195951
175915
939136
240418
592533
199930
935120
370586
92508
922376
427698
622016
511838
324202
475802
966349
697016
919722
81191
57524
36863
392799
966553
751024
453079
509776
16875
321786
154641
359299
855843
69571
121515
706449
702799
353574
369052
61740
21958
234312
121552
448603
632700
422967
197621
60168
568833
268141
973959
24213
822568
182916
299175
876150
568369
156292
528322
149250
281707
896116
264130
46064
180046
642814
436734
440582
846278
822283
883133
471753
666499
637294
310046
397363
256064
473025
384262
433171
313070
305746
355339
610200
499615
895520
351395
198968
260129
509625
316684
596873
143344
458010
690878
774901
132500
797948
294744
516067
953177
452322
191019
412493
744126
816331
925170
374235
203784
71046
33285
236206
351222
886396
631554
675865
373637
288053
251077
224395
720677
450904
627172
986391
583653
163821
714224
680364
840735
117239
885810
820578
304483
983883
977474
492936
16417
482207
759406
771452
322784
912445
490439
812589
830639
11966
882726
672149
592249
408555
916695
357158
236572
806819
198343
485904
683629
725284
726044
728047
50321
359363
927434
608319
688958
594810
450958
435455
272102
195963
247527
462093
689694
830460
617916
304373
502107
762754
809086
334353
341633
88854
226116
510718
750983
565584
676482
351530
619154
818812
668844
128611
953349
922272
610483
747954
39281
117857
255846
381770
523603
877247
948569
335142
529056
922469
450272
881065
245659
62359
485518
332235
743677
362087
8990
973126
862222
344664
938353
688604
127363
642121
54775
519303
641753
833151
578582
950011
830904
496271
356843
177412
231910
890779
541581
533450
999389
29521
797445
907015
881339
439297
459958
273903
85295
136175
52041
607721
11682
644074
10865
205450
549701
268274
898375
846257
975391
184361
236206
517091
120206
382165
414676
48015
830372
178961
967489
894704
343389
54480
215029
948294
620124
402901
429478
963724
848886
508907
119203
635392
784897
328584
797320
580763
12887
862644
168964
765056
950258
687947
302547
984761
924865
823544
207578
869345
303229
637454
785040
555996
972402
444382
308845
831407
551590
607967
758137
366757
345833
832262
427852
835929
256673
650105
978423
496590
276407
31038
136792
354237
821926
106051
540131
269862
940796
334823
134822
79936
330536
209871
537570
544873
522698
527933
313267
518522
490756
768011
326079
664500
403977
399157
211651
496570
322750
212280
955991
816813
92938
867663
975593
212635
29542
853381
797053
653617
479296
422797
743589
299106
107843
529874
913422
817274
902917
932812
941266
211369
460144
949923
210688
140595
669334
727720
202110
301853
396981
411581
548656
181559
101152
155410
713447
632668
779609
748084
466109
421464
668637
723024
341439
313790
324832
810231
253398
152017
867009
380705
906442
93617
600553
603486
8066
787076
478321
604909
896870
444513
398744
137922
82198
326022
270463
235586
404220
797500
825985
877227
473289
524135
496070
202190
866222
360521
105479
331534
194958
637050
359955
936263
927089
646044
782339
404271
382721
388321
210001
214162
504960
93172
88744
5651
158156
472712
129693
500637
657945
904369
170612
13460
451326
463718
864992
490732
554743
399377
371064
233882
13279
703953
345478
302660
20406
490532
103278
914276
294951
46008
469296
584853
29690
500928
171951
330576
850534
892916
421308
730486
951192
472574
343177
456369
91797
129895
299127
547898
904281
756768
533497
180158
901467
838624
177180
796148
965374
398878
320602
807490
496141
312218
60467
575806
910466
609790
303164
244173
610823
421968
814175
664942
281915
996812
815951
63478
831430
489591
870387
217301
687048
396644
845428
632066
441492
234502
191000
261490
825660
561157
319406
297172
114260
897445
150390
88148
921962
44548
300305
88627
995663
531989
192141
19277
241349
656169
351524
790657
398728
418067
983667
463535
851861
642598
702618
175221
838109
594607
458403
927628
34793
192156
472275
195752
318970
932056
680791
800861
622415
598842
71920
75648
599034
389803
655358
759448
34443
163843
75926
557605
949956
139716
364524
576223
91662
183662
747186
853011
96202
191031
150078
254373
257497
26544
923698
880423
322303
635283
386583
153363
340003
3096
191403
819628
958362
134679
171597
68802
404342
565729
824791
712446
555621
736805
294154
229214
289073
267979
177495
960211
492744
928558
579806
715497
688683
145909
359899
25034
912647
620056
89072
992621
958564
390333
529093
972120
528057
559365
818625
3611
11842
664293
389076
883129
297214
501089
716844
850041
993573
909655
459332
628139
924826
721088
981281
820602
494602
828749
177634
632247
984472
490435
862957
509908
937649
67372
331921
968810
446641
70200
442081
68202
406462
254033
123920
884544
73578
363041
658992
506010
772268
279608
230486
134936
161316
372337
654085
214312
531349
683815
456731
88115
699590
548920
685117
114271
760563
110156
410035
190033
328072
81090
685351
498526
537125
370539
349455
988607
276736
546551
286549
862424
432665
656560
291063
621220
601808
603272
357832
722429
1546
725529
119504
636213
907966
555887
397844
183042
91874
409928
713628
110552
696200
123183
188759
483487
304930
601964
317368
125386
6093
700503
547990
906343
733222
168611
822809
639052
96548
983493
59538
546940
605155
212440
543061
281815
470060
186887
705657
647935
785041
781641
381858
395775
915831
836590
611613
596923
503438
561736
910019
297707
812585
152061
672026
312873
15600
681774
169801
907744
397262
566575
580640
336428
288970
421968
950194
789604
625515
292106
628691
645108
633916
31226
520490
569220
415699
793632
921831
632583
491113
727156
302254
126303
872173
349547
963824
730459
34157
239474
322642
238231
852687
769507
444513
652114
852199
327877
514019
386924
342043
192112
951282
262522
471686
887030
709080
583555
702580
888858
745522
579761
614042
502866
621243
861472
807717
907665
484607
588859
728681
125770
472338
900577
857442
604921
750196
20205
435674
430142
682343
217
157005
200287
86192
794474
576891
197267
933104
21279
174778
657987
516987
972114
911485
430426
821918
493793
831698
984884
596194
701700
444315
417787
701676
709176
413632
145778
407275
256839
466653
434898
285010
691275
352129
506972
142577
572793
98169
80621
585043
670637
964306
36693
277236
161207
499493
599778
50849
517268
251441
824192
590674
484003
772767
523701
267584
130290
280264
990403
113611
967726
989290
249463
390176
142770
94847
99812
482190
692168
927047
696117
833368
119631
967700
377633
881593
868237
814684
393305
825315
329150
252638
703860
17771
214564
167061
875831
689008
267944
327036
391330
832328
979901
562059
909948
342950
929448
225359
145490
108992
415541
132965
415664
721532
595493
446879
32779
167871
47229
448012
483810
379846
353820
440908
429744
894905
689149
32034
712020
116248
698239
99609
38881
683512
261426
877210
246743
208010
561492
584253
886912
922631
865634
874206
593703
448633
237957
171767
234755
600362
692713
868854
907756
73291
491368
538389
608452
267016
10987
221596
92691
27582
378990
261227
623671
769271
258100
486983
302000
495257
675597
593505
222125
331102
926526
482376
464139
509461
878385
68414
623983
539338
283159
918620
732630
511437
20379
119484
912026
634526
186379
740144
609380
548175
212347
27411
295503
32530
931726
520835
827709
442711
770985
830774
408723
647215
769100
834145
909790
96135
160513
998887
648589
961111
651404
692124
319002
513104
368396
439370
45321
734665
638897
487923
970540
21984
819877
893571
76035
913512
90431
154107
382992
59631
243728
819999
323026
493300
944280
73369
958334
191796
822081
945011
160920
23835
773617
74354
188964
923359
337346
928237
681012
768085
468034
652038
613465
317628
540039
544198
92736
531880
253117
966302
545698
8220
673249
576025
877412
554421
946200
555151
553341
516115
213081
788203
418921
362754
272132
296980
543760
972061
869931
899716
401102
975240
935122
591559
849225
819540
601194
247542
952791
567974
260151
110010
498942
354396
81824
228035
990372
324995
47000
272400
213546
299367
608531
269392
561751
818939
652702
8051
885585
979398
410028
840196
708173
148361
639548
966034
880832
54066
164162
70944
322820
877358
695823
768598
209059
926383
233413
379459
926405
438191
584509
305134
381513
848635
839693
566797
73463
890401
658616
625757
446303
396420
768812
920482
141603
198791
492995
739267
417932
885924
465064
866747
542878
699914
220668
498704
24742
106270
200144
534455
194170
676006
723228
98280
485886
204160
555706
109442
196616
472155
462111
390708
192282
555260
543818
585086
578270
832968
713754
935931
110651
349150
105229
733887
402973
255917
111752
807819
82643
114867
472365
955452
683497
192635
228935
649269
842804
710308
360821
370938
311959
573217
103115
628028
69605
655433
124749
934415
678249
742541
182625
963763
210044
19701
368082
357560
752633
630357
649540
483848
350251
140672
868715
988321
603694
49133
31159
599389
615035
896868
756022
893446
356364
401388
700407
419080
23962
587868
889462
911531
281676
583090
856482
945844
790346
528800
405431
917
6704
568327
212285
641282
913015
293170
352652
767068
144388
118919
729090
762614
674191
839169
829570
957018
331619
831125
158901
301842
639700
993106
370507
322161
135817
513891
665455
708387
28722
154322
201503
788506
750849
581809
840060
76930
969915
843135
753914
68375
867426
67167
108609
427462
523248
256551
441923
469753
635942
53825
822569
583340
468542
293885
417971
788432
849052
773876
365424
891980
629721
355133
372946
722451
220594
890392
370228
989483
696256
391726
915201
304484
641242
178961
466670
137095
572497
303770
436316
534729
287850
603648
465996
494528
153332
54340
267300
917787
528234
504778
648673
125093
898469
193223
151193
919495
60853
230530
671804
77122
954687
995343
584457
254600
648483
958477
682009
680183
766183
21899
991738
759918
385785
621340
396663
890855
236776
389951
935944
350158
191292
37738
252304
949838
419183
591210
703089
102659
844820
518031
654579
378233
924865
812139
442267
203677
61794
243715
214014
365965
36169
602183
74624
998222
891251
332096
468518
665991
79168
808472
250286
621654
469075
318074
767729
969027
790999
782216
771430
452767
896490
265113
832288
625717
569966
733203
675398
110672
211738
238685
306333
140485
329536
329446
774477
490704
695369
452803
138313
384963
364342
568394
213281
310039
900109
952854
744272
223919
926060
689663
16757
103029
688945
919329
518728
495546
271187
976484
78546
501836
231381
168049
830129
137114
731097
248158
948779
505541
581929
529071
730397
839417
458445
696197
603799
721733
472841
518595
577391
614082
809348
90717
686163
340496
875586
204983
366564
484218
920502
812715
854752
208260
461217
122061
288895
751185
205584
69928
967736
7043
533304
92517
620857
572094
810710
998081
401499
849495
383716
144592
662547
248985
857480
202194
812524
330583
544091
254508
332185
84034
660821
585719
829476
281772
230757
740640
652261
30884
246535
331958
870888
27179
493304
913556
513761
440662
445257
169776
698611
823296
395041
817800
136779
661436
860968
911249
231871
298096
411133
360340
56943
121160
217132
548764
27958
952799
327068
127111
312830
843273
554073
714017
752955
777959
488417
245268
47034
677312
634638
566953
732052
751673
6239
909464
42557
937344
361731
374234
106361
714481
23921
187074
669117
66065
885207
442426
816888
297745
762019
234872
50339
530738
459652
29005
76496
310912
465155
290666
682601
568578
611162
436801
817658
803868
472916
127370
452600
385728
93040
407260
754580
498211
103906
279362
561153
837221
737668
34821
909205
810468
317525
370569
958760
787518
103412
882626
415657
418070
297286
8181
948653
654432
459596
132462
184192
974576
508166
211817
721733
32114
926130
641878
884198
205333
852
751126
570221
108296
426691
596369
150473
979143
216549
451440
430514
349677
220468
699733
838754
808998
733857
170193
593349
181667
766288
549805
222866
81359
943228
878834
969289
927934
600627
305223
220366
326202
285220
673741
899533
983936
487359
18297
498691
114612
217599
575472
934049
809800
137403
773393
78745
456601
852583
260546
512064
416748
208832
655283
543400
530667
714053
722635
336851
62945
176660
968504
924473
410719
672700
51013
516001
17894
194146
922399
429501
131418
102674
698844
886495
915439
475899
879832
695657
687366
131154
391673
107020
662477
441108
603381
372463
661064
817900
67016
39540
410652
304060
64464
467383
613465
311266
960358
107090
930267
887165
183778
182007
381652
422513
108472
976794
451491
414088
991373
731433
415291
376259
755738
195383
903522
452112
282510
834715
647471
476653
47129
343981
18894
925161
984826
474841
21667
657258
363151
94776
322253
953510
235528
857591
941394
298684
310642
523687
963071
755182
684649
512347
486751
390760
458958
757286
422533
229219
471851
848904
743236
32749
848160
958732
204156
552216
955116
990979
790150
933699
471704
421558
499914
564229
919103
560253
448891
401877
985725
745170
371127
559560
960595
350936
819965
612232
885906
128870
777878
417853
256445
876743
810431
527607
372815
983887
939518
726855
484214
786813
33233
85618
547857
427858
622030
51140
165171
82692
952836
416760
562455
314699
498080
367463
343761
202406
424245
973355
372261
462613
449181
661231
704436
168641
864551
217125
50008
207949
43228
443613
819963
722314
630237
580317
663103
621423
817041
522372
784980
61904
881653
778240
119235
353114
822634
391742
643447
777885
843959
668379
237836
894812
260659
590244
513577
933704
163612
545303
459857
957488
498768
791784
388729
300199
571764
798474
72675
473170
989433
151289
130552
315612
435849
529057
93175
851403
891714
934147
132024
905873
40852
45696
445684
728898
653249
364450
19812
541026
784090
13870
275967
513008
31255
959733
584927
710535
159999
630016
804451
420256
388213
535241
793151
999471
894198
792997
493841
238946
583122
297896
361941
510457
304326
470790
939040
26729
506878
118106
281867
101553
383623
734268
849695
721151
618019
674133
500928
852252
725183
992597
227454
58672
57784
648133
646233
783945
278843
2808
667292
803203
473765
892563
629849
22200
722527
832091
310250
595594
572193
262477
707618
687410
490570
207933
252682
428920
507670
235466
847563
840191
917404
42452
455069
192545
735301
202860
164998
957185
873331
429090
61309
700456
942486
488207
68242
225828
45069
669051
415060
504388
777027
679427
182329
81275
678399
791981
698517
284602
536020
261632
275789
751721
696833
173133
847459
239650
994849
276582
898944
427342
160404
848952
74190
603119
973421
826984
105545
828705
864663
619535
618607
114479
953992
125372
898356
782911
642516
193325
950361
654598
477975
880032
403801
368286
194614
850095
194441
118225
182409
863199
63891
862558
522993
41455
577578
482778
218843
231606
850841
503774
54594
722702
786504
309595
3225
788953
264181
296440
908347
960252
14563
868230
892710
173737
468994
898851
262279
884715
732273
563822
813718
796137
870781
354387
361530
687189
994590
606764
803000
339962
215048
768332
501002
859819
594362
85593
753433
81373
74283
469784
311771
29094
276630
703473
453460
939709
613312
923910
78232
490114
871968
241059
435899
543415
853578
810718
148505
442391
118431
167949
944179
306261
617545
516313
902757
453019
750815
619860
852829
269624
677861
388553
934937
763614
625828
402790
736156
617707
218190
836961
50464
938595
948163
325325
22517
886128
812378
219938
417416
118109
940631
496211
11763
681893
337723
516770
175596
438572
686729
547495
512549
374195
542974
625094
616899
845808
246504
385335
97641
220011
558879
82591
683524
512475
610310
457221
719737
333565
246609
453614
942053
731670
447631
330807
866225
455292
578468
933831
321880
158207
218662
461611
464608
355730
325524
405438
909110
860383
194684
565869
321085
138885
995086
226242
468474
990683
861615
14006
734988
16216
449470
748773
174392
512858
118386
144256
15886
428791
102322
300040
851954
550810
921812
454496
92600
401758
557476
371968
913329
671798
549980
885829
984427
22769
986686
376861
702686
480380
652415
879190
716245
85432
125248
623519
493033
826822
628492
214254
415048
634172
911391
103692
612917
594313
444733
498990
89273
747042
697737
271210
992175
538230
779687
567456
531230
90954
54978
289382
311315
13979
850679
669719
240297
980983
163866
961213
183280
262173
825266
191583
66391
939398
214650
52260
156131
992429
295521
449270
984556
585197
95507
584848
826351
190907
776761
757166
477393
304752
24071
454248
365797
27283
466047
425281
310964
683914
162276
752985
554522
337718
952324
335145
688987
62181
83231
374030
602331
868354
680645
93055
861815
372494
36238
535533
62698
290662
192519
357292
110743
684449
780463
982016
118561
504646
572616
464490
473735
531397
126006
87363
170270
386651
75501
131387
287610
983078
303230
860977
955535
412298
502198
339645
344057
455496
688805
621118
818175
225845
51511
279449
79741
67300
146368
607653
975576
801449
575964
589492
129205
658228
566631
221060
788422
78029
736108
9493
47301
927767
269755
781403
803865
926522
280095
325145
574663
698357
971476
317209
148614
169505
793819
590287
530799
268916
109124
983081
200669
904119
503344
804067
810813
53711
683819
268633
900029
273940
711036
748476
315857
762339
706610
179943
840667
805002
906353
624205
713794
837358
489479
435588
678337
533623
485905
600013
827973
299063
226245
591376
863250
528985
378015
33411
787498
267728
674897
161496
977473
340063
868805
220780
720334
491204
755940
903504
368064
614018
469829
186459
954485
304446
721892
312467
723565
646925
83780
108452
762472
878994
174555
612181
835292
160663
45648
738596
364246
783387
445799
532230
258702
373145
326683
844279
385276
188160
604435
221990
208563
608205
642405
89817
828769
725261
838344
880916
57415
734505
527364
154816
447013
655421
382806
212888
34613
926167
862960
875155
53207
223578
871502
354869
968144
943044
845752
317896
846750
593447
223373
321267
402030
502153
879802
524989
372615
896636
282860
510475
116541
222680
782442
412364
582183
594529
247438
279644
651159
584923
554131
217817
504850
451011
700623
213996
575515
152730
669238
27291
462974
249741
833041
998824
832234
230471
645321
385461
408214
620810
678665
422540
972288
950166
466374
917375
917311
638877
618048
977753
588883
261422
214007
482960
445383
13081
965339
247092
322830
408932
744042
559115
997072
830775
133383
261739
93122
933426
602877
814777
787046
446577
286543
760714
819874
910941
860717
89763
532915
462903
869711
402286
477594
826302
228765
722352
507845
527641
124169
439859
266965
903083
664429
644930
695274
765545
690622
481295
875466
104936
79362
630528
271616
321511
169631
592718
760757
971970
2471
672926
402145
28321
223033
848430
647686
81148
544167
206891
559355
617901
901804
222703
652031
659294
619785
982670
641511
715501
838738
161759
327412
87362
760591
755980
284966
644595
34533
384550
619736
737540
294628
459314
773206
782214
40582
567741
365497
969914
730799
103343
77879
392822
260122
687529
988791
108590
527754
34855
318602
330096
215769
622176
862890
232697
615480
352559
947037
265573
990656
224476
262840
296568
816651
762317
276249
957145
236214
638694
259459
26227
923580
174285
755969
810252
906081
766576
115278
120453
540428
921389
67607
324192
546960
508488
211386
953013
911913
483689
268274
566237
646007
245704
817729
490865
339948
837293
347574
347405
139441
148056
344440
240868
924550
116026
746504
51291
514171
412365
473862
348684
618753
398289
947299
23953
332728
813192
297757
595946
851237
373645
249121
761586
40497
431936
803778
954434
331053
479126
782880
110672
878929
659093
148488
721988
240733
469790
661039
314369
171740
245877
292153
830955
592539
556674
788387
272229
246448
978566
82114
204463
294424
58790
107961
928539
643978
350605
276150
275420
468159
30647
85533
370742
402942
410757
919711
605640
952028
629373
18525
99533
708179
584728
120164
263472
425055
38694
95905
141137
790708
687650
596820
285054
286174
459139
760229
892764
480670
138095
572775
979627
760891
446591
726287
776744
303254
910809
299662
592535
332593
324595
47745
141541
746923
992478
553729
987309
276211
144350
731419
293151
930095
254869
284711
220230
945006
754824
842293
534615
345644
953956
412173
597543
888928
500884
933547
945744
433024
861994
322498
504858
976215
133419
380467
527986
699634
218668
634328
201972
428922
559853
446593
35039
479448
19887
726678
190993
422570
396770
975662
208416
232483
111479
370170
642935
230261
391443
638862
707348
195363
496143
144137
913618
766611
264638
9503
831092
185399
15158
996484
148738
953526
766173
27633
564194
312829
549790
335409
585781
224506
652159
805380
154246
610654
853503
66215
572907
42418
383540
127039
623340
260605
456526
986606
203875
98548
727360
696529
297989
927042
951699
187176
323667
406737
53904
328134
825677
966212
653408
329793
848639
35365
145327
265524
796214
259399
519178
372499
987111
165689
646630
420772
932915
727636
473069
531543
600438
39083
446589
882626
746471
290012
564829
429910
564859
10713
161143
720919
190543
577612
300788
723812
833930
511332
795309
551180
942838
416474
592199
4001
288053
785957
336091
550380
194184
375529
575232
464135
615527
478159
832402
328479
153319
923317
750249
335288
893831
437252
515148
181018
313930
961867
258868
42751
919243
903911
647044
406307
101363
869971
436888
294352
747047
651191
934974
647821
914197
100525
481835
721749
236316
228561
44144
864447
571612
548022
511200
877536
899113
952904
868924
396026
468325
98815
819198
852238
320398
964313
740112
374432
483690
326843
158874
748444
182697
929517
874084
555067
36392
658476
171804
74607
399202
389013
220509
776475
78948
644893
321107
341334
457190
155357
670557
481301
634842
603369
868285
791907
220155
908291
480372
562032
441125
35229
218477
724250
600242
909507
474865
668096
832072
892914
482784
10562
702769
766282
640791
631595
169908
679056
553857
848653
302255
85138
365857
822577
107952
755738
581507
251449
686046
606787
911325
64624
871626
144028
367204
433802
949755
141566
803900
464353
485933
989839
998620
823537
43718
825884
952787
684698
696959
251972
586677
164986
220818
716443
293445
281913
451374
231828
413034
848556
439079
221334
470615
214918
492430
768341
293672
528670
300497
18688
154328
879151
995412
84229
86881
292759
801077
849580
503982
715113
837112
929331
473843
984604
629473
233619
76903
132514
893663
444538
980303
865349
358714
323958
810907
29726
902982
61607
138323
106270
785175
699968
488199
645334
268540
179199
420964
269692
170662
750754
467275
961023
840575
930674
369545
970918
305216
254837
976319
450701
841675
257977
735395
592633
626462
421873
293065
57737
50566
686220
603351
645105
505207
427778
276398
951566
985871
485802
939703
780010
86622
144263
156708
351390
137979
51536
775372
985077
231757
380481
716255
66170
364440
893805
961299
938584
670120
558274
926466
665224
958863
578069
304729
9620
628211
500783
822690
92560
500083
747324
513435
248539
127573
176905
229840
138669
904354
98058
877995
327069
549426
731874
791065
445316
988315
440409
626192
311360
100120
286410
417680
150375
661114
674438
38247
226504
3212
591590
60993
456292
585350
268395
895194
785542
332867
423557
792085
986722
674021
835757
821546
822312
489957
636795
956140
224700
537794
877603
98805
480707
572825
75093
313212
669850
980873
697948
714278
87799
215537
203797
62719
536743
743262
475851
207761
869645
48039
524727
317863
163160
203433
598819
500157
168720
141791
538059
51093
506370
733038
76935
384668
612286
747723
207179
557951
696123
666572
142966
366248
576493
657809
373427
889150
553854
223435
919748
800739
699901
73776
860606
769937
289382
790145
199291
202203
413968
631335
111193
611984
148143
930031
629895
449842
369810
891389
262211
190812
823121
21707
8047
902380
105012
770894
587711
135616
713063
438699
554834
854783
977186
149438
803720
521020
848139
105786
139245
52912
197456
830245
319481
313639
469815
151303
50975
901477
687491
713515
325306
524641
477133
867066
194798
618831
894567
211796
463681
783784
129452
3224
363487
414792
797965
544414
541879
378385
171801
257940
885238
902245
773833
731553
111267
263617
370563
745311
432218
411280
49231
909532
653612
358819
58933
362671
997087
391708
975805
50392
407263
437404
798920
202584
313585
276247
458690
595786
189332
392538
882626
600010
917588
118189
852883
496644
437854
688049
726392
18582
624108
653621
299106
161395
266273
533671
959190
358164
292702
797062
510468
929003
415857
488347
58242
995853
842053
634381
411100
170339
779511
683629
40272
437847
672033
899209
836788
39234
752987
322413
635459
690471
958519
65045
432320
540236
775170
453462
823432
588329
650834
332509
842432
168670
721448
329084
548235
30612
422215
50354
673740
304328
972261
81121
759828
135297
920886
720027
585432
226589
658618
277374
157761
633166
314537
506851
415290
406189
988051
343192
1962
378068
604645
902695
256517
608554
110191
447122
323465
568176
607511
886880
830762
82687
333355
760026
37513
13640
533631
42354
53378
605900
261191
171553
685114
818592
225331
869840
765107
495255
439793
664606
454327
3553
841828
577289
933477
343373
332408
453191
509218
610508
88067
632087
743809
391500
660378
704283
260973
5561
282093
183317
41674
212656
445582
930973
482327
21770
466322
842551
780200
551636
707988
433612
826364
277425
676039
566147
580767
496294
174787
361658
884954
923559
686130
126154
394932
293590
99031
493751
511569
77845
216215
603739
403097
319243
733231
111312
823473
240876
126961
493094
810671
177693
308012
790595
235325
284927
364166
435859
798347
135395
137760
717161
777815
83938
547187
898650
297402
207040
94563
748952
331319
8922
110672
769833
165282
425498
875039
512658
238970
252665
939304
880622
299182
714420
796353
673073
147625
525489
539342
97899
955684
182452
924221
193910
847159
902640
850826
359038
632138
389500
929497
694647
53720
568460
211212
687646
984292
904224
760317
230025
894152
476653
856123
790540
389189
779438
699112
274503
45511
820149
611771
449859
755511
90382
581408
559593
485193
241872
536318
327955
766206
958472
308613
855445
272097
176680
652327
603369
872924
924407
909365
105468
298437
777165
263357
611601
125518
883320
49981
236618
207164
98665
511335
566374
221125
625494
421613
464103
838085
345079
511112
998475
442533
824090
328417
607106
937895
342591
827089
850512
314638
247136
36210
279494
783711
206539
400582
465983
40847
144242
895193
501721
73643
134387
269753
493408
839160
473291
177428
39522
734982
628564
233244
398223
733385
770845
150969
728148
906837
684251
561995
999347
822018
512209
913637
687576
677366
185585
558006
788358
159713
980854
110413
424720
472261
55070
179779
417892
218598
515306
713086
439626
970980
708612
305349
819087
67612
35148
349002
19239
394871
337249
58583
501161
277940
90595
335057
400702
819914
29395
981933
838734
41613
606923
330034
234728
144551
800786
844577
31387
997699
564107
68857
343739
435975
849262
24582
179184
996446
53098
897019
337724
153614
227627
413142
437263
895866
770480
314610
289604
987304
641050
94643
737649
826600
747621
591699
339621
965107
265470
709611
979135
780510
842731
239696
746455
879002
376876
219004
794212
605355
422252
754764
307085
820734
289376
458020
239921
527348
741981
881179
580928
268357
203819
591915
856118
507248
502867
761497
813632
981151
314491
854412
932440
613908
291020
665342
665536
273717
113468
906091
778909
515863
771662
238909
711427
469205
126886
280238
178891
544827
339151
277164
374469
628184
965398
318102
680092
81618
642209
527716
110032
415407
118743
651595
321154
271726
682551
122057
584745
659655
403955
950274
647341
833648
883077
774922
56418
611342
834293
672621
264478
757953
774356
753671
353658
842338
968697
154323
756399
24955
120661
358152
166103
973838
38774
771855
227615
583678
709516
662964
830504
110407
866351
992183
208838
521970
679230
745560
46643
98385
414852
162788
137248
188849
679248
305238
252590
368445
920422
392603
844870
124894
5896
279329
345770
870527
586819
8084
51732
49259
490514
883768
730452
768858
232267
2784
767581
201392
585220
473138
406964
825436
744252
623644
746114
355272
930719
890072
632730
707187
9656
693263
674226
565871
973134
414738
721957
457347
329016
755555
981035
94340
933438
914050
796767
597242
337518
699166
236189
557943
940384
211593
894906
205573
491356
401206
315382
213367
11911
488320
723073
149304
207975
986907
978168
268430
639558
275069
993562
916808
341849
493538
109261
250996
828676
748181
831479
295456
352667
304430
370002
674346
441580
679659
823728
119685
104701
243619
504342
202
738025
590613
461196
60938
506503
328537
244105
928951
954185
216212
863942
680993
133744
698587
30571
937124
181986
62069
670521
221459
497411
228210
350459
309730
459180
642237
43827
312751
929045
459242
907081
115639
253892
111457
4274
170055
890861
257135
259701
425585
277940
294593
6368
377244
99533
237638
841606
514934
485295
689749
582370
245339
966001
293617
882787
851073
538940
772118
160769
145864
857117
500429
616523
333650
103351
338627
71614
335530
972890
805012
730704
145833
11896
471065
434206
85488
696321
513734
885399
74310
350867
34697
143671
540717
775545
637740
718292
450389
923934
805956
133680
60319
669719
556045
791107
258127
49230
42229
603992
486310
201225
741096
289699
134611
436159
907632
66724
882635
956114
93928
455420
525156
143582
519148
417881
531222
494499
118330
743192
588900
665985
153614
487081
248372
806892
475327
924153
806304
405819
495587
772838
314557
32106
876235
50726
573149
260271
344136
56398
616555
931322
546079
408743
148318
685428
187527
987467
233177
128527
700887
369925
886751
918912
968268
333035
603352
134003
253051
891152
420579
779916
856371
975290
245464
516439
578496
166423
92863
522333
364373
466171
430045
30936
386894
555013
535160
33226
967592
502439
182027
419003
538938
727881
36788
945670
885780
542093
207032
996865
728978
563061
246606
295093
186932
925388
614256
62543
184041
869270
376999
705782
504145
81667
18211
301625
590371
347584
925864
714806
591790
611471
887204
139686
49492
531202
363726
625073
645710
896470
103389
225316
657296
944992
425764
177733
252753
164287
526821
632803
377748
917807
79397
254115
408586
45974
184066
155365
808995
661933
698670
929315
972332
517070
508879
373539
707630
374828
752311
807342
860513
817539
704013
628255
439814
850625
678438
363010
410348
109671
53273
252808
739101
800840
254887
41444
865825
659392
881515
979258
596082
131034
155402
313531
752902
248048
556245
821938
704809
347093
4613
666261
482340
576224
559272
696781
184244
11539
824874
721061
977653
235411
755007
372608
242703
949279
289906
577488
633371
491965
184822
770276
408422
451761
408769
629287
324798
119376
771681
692306
240708
999825
437210
971265
796104
750347
944300
737416
859703
723197
296619
810005
67530
646508
2574
809109
309211
972092
891824
707170
549542
723916
475912
867756
744168
313088
282139
961079
912324
860437
454341
729753
31467
616666
371815
285409
720994
73501
454835
890456
346423
751769
607418
503970
606860
497858
84594
871514
9361
23556
11916
399405
502601
19711
483439
43087
217247
771364
797604
680599
200221
837778
718266
804022
990200
149478
856097
946321
283781
52135
505280
739537
18490
817696
181122
857777
245456
936375
365087
595434
711074
456873
35254
677654
197323
595444
580421
659032
308733
287833
562025
638878
610825
793678
12195
516186
406307
546529
301813
533078
350433
545104
923775
256299
797193
409846
715516
747145
608711
522613
94366
689820
891416
585986
427314
491951
480659
750483
765966
224315
528691
726366
324085
932427
227119
348471
929043
467626
236842
458511
530440
171243
280191
188804
241522
882718
791264
804375
258940
71287
235134
516561
667745
438104
681934
699091
845285
51253
793863
209219
260646
349786
128151
422393
168189
667007
711494
427749
111622
25504
113751
380676
