763411
152226
880464
629041
108052
604726
436418
818264
876485
116377
435192
986112
608075
752786
627450
838377
126990
68026
987571
71011
963461
238177
403105
278445
619350
886047
483099
349791
490633
67871
952920
679448
497206
205084
17706
571795
844352
35765
549664
314724
381143
645840
816816
546381
12264
38430
118897
198894
784260
853131
25925
452050
278568
602565
553464
636472
313038
363118
250471
65276
515246
77385
546180
558301
740237
491191
87429
253804
681209
740298
839345
821074
894338
304914
267828
97048
324135
851234
922890
926175
590736
818706
428774
125943
682223
164468
63662
93765
416393
284106
533607
376536
104292
493369
230291
308101
77257
313655
742885
579137
378021
99835
993437
347384
512136
410834
794098
882164
916795
757277
44881
203293
543643
638547
410638
705796
231714
55234
501481
705812
939787
943635
587476
75589
406649
987543
72041
11046
167123
142003
181735
698913
12282
825912
254202
907328
911176
208297
129240
537256
560777
485398
910913
893658
745739
140162
634263
855103
471512
666845
912847
542153
959753
914969
854925
215714
101625
354902
437841
346141
877646
922673
40605
19250
500879
751063
644232
220115
765108
504697
332562
737588
380092
624959
989911
915280
661084
304545
523741
612839
106527
388722
516678
771318
421045
384977
998447
921544
133827
619339
697070
996702
372394
916631
788971
193528
628877
489123
429025
55213
924381
273023
946768
527624
705704
327306
956487
542837
646642
669549
725701
322960
456206
217885
791766
691097
921484
492436
167650
594302
309442
446123
477769
524624
852254
327530
998765
929791
839234
568753
379810
367104
24881
498996
720621
619592
519166
662735
591164
531272
417807
821712
778685
812943
89599
273007
489464
102225
159511
846082
423906
440464
661512
362341
555170
154174
223721
547044
863936
865492
99333
310364
316332
84566
560611
210396
268442
739529
688261
130591
661655
760802
548449
495025
767787
995747
807668
208655
250906
152143
710474
823461
396733
485675
726900
467794
974648
592068
798399
482915
113163
584873
442251
809865
160519
405449
118352
986103
117271
69915
180912
514502
863628
656345
727474
143219
378454
349281
758775
456342
316245
451847
730406
162636
398633
841058
332288
481721
873875
925084
850352
357192
341829
462893
57154
380494
760814
224637
216683
987981
875296
257509
125067
418451
141483
850523
64777
673482
529336
901379
436877
191143
830619
496101
842377
36514
894173
815161
879785
745841
755040
40353
273261
913214
370996
424841
838413
111228
40697
532176
800895
737455
943239
293719
151547
847229
422030
800523
385405
878445
309914
476030
599261
267879
234718
633423
45697
209490
760937
634714
92945
866464
968523
830926
64955
825534
169828
92990
493241
104323
710264
574850
322089
783542
675315
960001
764865
256167
496841
883789
125647
402789
99664
283213
518868
848444
883973
523204
889428
737149
440389
74099
923606
402707
971713
887807
677901
538498
378031
670422
110741
430178
690817
851948
841893
540401
698282
701547
419621
959319
188492
622383
350059
980320
469864
576466
461236
356820
917130
304431
286499
202480
705920
114522
486501
90920
138625
13591
171025
94178
789539
607763
827106
159669
402620
254187
64286
417551
894204
934493
728961
795453
156357
525126
95650
645139
116876
427778
159619
208931
592755
813820
632418
727861
946726
227061
399625
94718
499511
402250
451339
641570
273048
555612
384223
317274
106141
137667
716702
742760
207816
964976
244311
836584
589486
307342
179510
566420
820710
284730
341724
608518
328006
620529
309028
714712
490600
452968
163098
901012
821838
846717
960198
800268
392630
305828
288491
718981
18805
924778
785848
90573
25271
141963
8064
691962
748336
851877
827026
828849
942670
59827
933032
196635
532632
55891
866071
472330
973349
750074
808284
154833
628279
440201
181073
570942
486487
57032
449942
27334
912957
607242
521965
106862
889789
787452
907897
897620
569466
502180
263404
312617
351758
195062
7448
943892
628289
66932
479570
312227
836718
347253
701306
760183
596988
642183
314998
663119
234948
603659
272781
782428
179616
123225
120641
846609
696031
645425
38686
600145
43593
33259
324746
216002
211800
68730
983819
498617
404758
539959
623611
317982
687862
554150
433992
263282
810074
972845
871615
365589
937148
682930
347876
534246
105785
431911
198386
234918
384033
151441
845308
727016
322769
256880
32117
770842
699320
922777
369691
951821
989743
196559
938410
558403
653415
95826
510530
732666
905872
680743
256344
189146
526941
300289
103596
265293
146697
285268
961678
352568
705325
47406
127912
508264
89847
23062
463005
601746
70051
27469
792969
308256
132120
620139
115999
655973
399542
33072
199414
752451
541702
53301
844997
720046
177475
693824
710711
129419
219950
783001
224062
650302
934310
730791
309802
85742
856392
355238
840312
951099
790150
720829
881289
946892
718769
652947
201091
722433
769938
930000
762046
129284
425662
240767
946828
470950
231226
22631
834784
998319
479915
52160
585640
101548
36422
289276
454257
681344
741751
451955
201931
147878
867339
97782
260896
482971
477443
862743
687008
529747
228581
445193
561599
998976
565086
129569
496685
192528
970688
949057
170324
112228
599668
220835
477640
614014
768727
521214
313822
34274
155821
31630
188864
289258
603888
588504
14920
649157
507222
936942
373386
629525
245767
590912
891629
315176
85552
903689
704209
404806
502482
244777
848515
250416
51288
818356
392677
592623
517729
385266
398142
333866
976602
256709
359746
692561
19370
202627
572210
47916
286848
39254
952448
645538
512263
120040
919675
584738
619094
419027
566481
437454
682256
719026
779559
974495
498997
854319
142169
24451
498
207848
601478
197336
527067
242614
471407
175102
722807
62701
450420
365703
246040
955229
580308
491217
832566
21327
986140
446944
938941
859916
941786
30554
457290
333157
642138
988397
536944
616749
791097
929216
812454
265834
676478
567607
460396
770812
597039
499214
713947
939369
416669
93378
510003
925898
78896
600143
776163
181596
639113
150231
898696
684403
200190
478466
316093
521461
79534
333228
798035
822856
688191
903566
566687
336077
422405
998274
635653
326256
227756
845643
918948
499097
887722
765573
846438
691180
281763
140128
691072
433383
867920
959757
770349
757675
113724
153284
885463
900534
290910
302784
651365
165152
410805
61920
97659
406655
245584
114089
851901
240351
502103
938879
801317
774949
675161
182017
910655
446600
573449
761528
102982
661599
747541
738242
876802
462870
251915
373703
970082
12173
838400
193096
457429
638800
250072
94824
761771
635101
105266
921399
400189
495366
721110
189479
400606
758896
90833
863985
566022
93157
203617
507546
305991
637726
51349
551393
637236
181748
247933
859421
328100
616967
668538
55039
467642
365809
946993
171244
69533
988971
975024
854455
830378
616819
529113
506912
784849
888724
697564
100200
801837
162674
405309
875384
623000
79994
611064
887634
120879
543956
53675
33431
456750
948863
746528
175665
966092
31976
113202
239110
534295
30579
105170
841376
138186
342620
873569
184885
436699
215599
264455
510134
993269
824088
311252
326889
778273
614020
222489
564571
861589
31891
582897
14725
59989
453649
948293
209231
748236
967076
864510
687601
666553
802504
767471
597367
238504
849631
154394
227290
970548
316160
487628
906520
965917
340938
124659
902205
551872
244144
489513
690888
750012
778413
902440
871804
514769
472550
416082
902156
813665
398157
630190
178798
673088
977439
308477
806673
720943
419842
705726
266504
865275
922156
936860
616590
132585
199882
914346
585274
852510
682416
796109
439736
184352
363765
195972
321839
473049
106141
529256
598023
104958
815543
612889
285764
346212
902315
270579
760091
610777
117416
64493
42248
273093
178822
285518
546687
480445
182614
544094
949115
513367
243830
645639
452133
46170
980815
493401
957982
36263
573027
87478
824251
834449
726311
174918
736300
672281
579811
448666
286000
69580
197498
169889
709451
621107
616380
250650
986481
796778
284813
772663
219477
71409
441048
754734
87429
595665
471931
746946
326546
811557
347647
986318
112188
808711
331029
632469
845438
578829
952191
386685
245217
97681
237005
405293
271243
600266
617107
475147
755865
687967
466980
756989
497487
42279
697065
631799
830087
608070
503193
263027
200638
114286
849165
268055
415918
565050
88957
728499
218111
601901
879288
219688
836740
647274
129066
68781
421394
656280
215756
418373
235387
427540
808811
3589
951903
866492
116311
763122
968429
526371
664474
474654
986664
149325
810281
890296
448484
363822
474471
63244
973071
625022
185527
730680
636298
713857
984077
516275
782749
265943
191641
213657
524718
327280
729368
507573
368825
134123
770754
893530
214169
369019
25492
859762
460832
895442
473354
518050
936551
445359
667792
745978
507761
130197
564157
616635
316753
537214
821600
914965
201787
526354
328520
843199
289953
766369
725973
62887
172735
28743
589207
633230
146036
369441
443558
635241
275075
884163
497047
915696
385911
201972
392061
414582
566889
399478
564297
827036
368175
634935
272475
919546
309750
66200
663196
685268
748420
896034
872167
908333
356149
487382
123402
672824
684088
664468
721514
446099
636857
851409
927270
970544
471330
90497
883828
64065
143617
658034
241713
716181
259408
293313
296197
835122
575790
825870
972301
351207
318215
146062
131623
920453
574674
796557
17898
253023
717140
626712
667381
962620
188095
148947
400813
570912
429076
133915
123777
324830
880931
16281
745713
181769
794897
111792
520597
406548
668581
993063
27553
984894
838845
41280
625054
210236
195835
373706
654294
975278
305572
15515
665122
499354
638655
798716
462390
894691
965231
420778
897352
135889
750164
734720
735153
934854
542454
231287
797365
447090
615826
60723
434429
123115
265953
86371
692819
302745
556298
166488
828901
822169
58532
626826
903684
884292
348309
883343
810595
511225
646720
562984
396321
261869
430131
949015
801521
628897
643735
572569
978319
225812
213798
537756
254286
102063
861378
964833
704215
613827
429439
518728
637752
73206
978769
952842
516601
308291
670696
566236
766067
577035
233343
345572
698999
888810
483665
899135
281786
841942
232144
92896
792216
313366
472899
564602
744280
62570
896674
112944
838499
566702
956103
472629
45596
124198
448793
890635
755759
972755
627123
49099
552571
618012
428917
838387
438170
491974
727599
673492
734325
305165
367646
264117
696904
6743
167770
716235
481627
948848
560848
613621
87944
2634
40201
448621
437833
703602
279775
5206
218495
873040
508926
739740
815536
384405
999074
455370
761847
684627
53124
913289
716067
579828
711836
370443
227780
831255
329126
508416
457321
848400
484799
382241
826013
892790
778786
840437
680107
466313
500020
67008
301812
269689
568941
145053
682609
904338
837932
75989
484143
305314
396468
243975
535990
684474
647141
262492
945364
372780
551421
448428
909033
913844
107855
274854
666895
237901
353931
206706
517574
95088
838776
708411
612757
334057
289331
240351
842541
480273
537518
27311
440056
156117
30104
927444
113497
495595
926070
847298
111012
722230
952976
137130
370815
625986
899715
100756
563939
450717
925445
495145
502933
311875
566462
73708
104223
884064
874853
501906
381133
22156
474366
822972
318588
901508
580995
436201
672983
772352
270380
189035
366443
726747
561814
841666
301684
342183
197442
350295
154552
264285
881126
567675
58169
64855
286558
64753
59855
203722
106027
228703
582228
980131
639008
554160
974691
386303
540000
30699
823886
590949
735503
588735
377496
185128
837102
260129
273854
25310
876956
767103
150708
381534
605964
704675
632870
102734
799651
973700
984120
640920
89312
832910
120018
332260
249091
236491
253846
600965
341859
229076
462324
870998
288330
115775
925140
148822
691325
661582
978254
32060
181673
93875
717546
717053
764632
257300
392056
451932
343660
298526
363170
126926
693294
969310
907525
479008
505855
264892
488711
531367
720834
875556
372599
989763
244019
501026
118216
493058
8826
129330
447706
679426
935582
590544
184595
869759
427069
860790
723178
258369
336174
121000
862826
279253
468818
884331
952588
738001
898464
409469
760692
567351
384376
407441
579879
847390
34976
467155
711364
135235
555611
296741
675692
429506
440674
126446
297695
54719
436799
800389
249800
209373
486625
838834
50159
395856
432095
313174
776046
341838
854934
660821
407541
972219
79688
418751
647105
614950
278937
979250
301488
530281
442497
246410
318388
274007
611538
490615
499406
384818
450889
679413
192761
692769
479006
886676
306572
297181
970771
854030
607699
914228
359322
995424
180108
212099
624913
729655
21172
954670
314875
529663
90100
71101
374897
109156
791756
306833
676137
256935
546570
716785
225725
186932
266231
752224
576761
461411
182584
461681
572933
807626
95650
736584
934836
287475
604934
590157
795348
112255
716633
412579
792744
977834
805633
952532
198356
636582
648341
467535
335248
854146
972626
742903
737216
828646
167265
683378
412366
740005
859175
712331
2779
569797
469976
760145
981329
198867
618015
338303
442487
681876
690684
90505
16762
397411
392585
543446
412239
238854
379026
629154
946378
545757
334380
633080
245054
284138
658747
356754
721891
906466
613486
487795
346381
498548
711290
506315
601314
875068
243000
716913
576635
773144
570068
943906
723420
960015
938436
965099
694079
487286
893000
452935
822581
370263
221857
580351
217622
862148
402751
981195
926083
516938
169750
110035
393776
202309
171830
135258
118558
884602
260968
152050
337305
923285
657474
58241
484927
773876
706225
180807
853034
665012
963018
824189
475757
133904
726163
635326
760516
964768
296842
918710
972430
817125
27685
175951
258434
786457
147869
627071
986267
143161
905643
905564
67955
743908
52904
157906
726608
21961
210646
554734
867770
324109
361564
791668
349574
312773
859109
330935
805357
194074
758893
61278
679572
196412
756836
135495
983015
399525
91355
122345
503429
291670
55989
501200
607024
207716
684152
508896
799787
920600
966344
441363
28839
278657
850051
262810
205057
858639
391424
430912
693836
860713
264757
635348
62068
381078
2356
806768
193433
161596
468471
141877
4741
842077
884201
307046
520440
705878
738773
987691
240151
805471
728524
54314
584836
62495
562337
379480
707790
426684
676443
307941
911414
751146
516700
654402
789222
42970
756701
461023
393673
670315
278965
719190
789245
254104
569197
100655
171163
219727
659628
710219
21261
162400
273960
434259
835055
206782
404151
772453
118924
833604
59548
572024
59576
149265
893381
672778
391191
488609
616293
260864
297151
303642
182388
220945
140538
584569
294115
441317
890978
399760
559733
286762
190800
340113
856923
647528
233685
164025
911315
459580
165447
955522
639908
301331
460110
329837
35145
496496
188806
539473
704418
526227
907004
919326
361290
776224
927358
104797
329857
720614
833577
337788
702188
44252
908585
209682
616977
390583
324170
171981
228416
957001
714237
492100
306347
164935
408890
963762
581821
937337
715225
304456
723391
26853
582062
412898
805727
169162
541130
335054
778794
291655
566900
56261
893854
54625
341262
416244
895622
815879
449545
457874
102205
377020
556073
680540
452626
991799
252218
464
579699
530711
284404
721430
592766
13880
928261
42415
116904
941071
940300
612743
739554
258134
108023
36349
984174
836163
574510
264340
362180
197638
262367
64540
122112
721027
273999
435443
197235
496505
648947
43091
591879
334672
341327
193588
695793
466077
366124
526068
914768
91342
397620
333890
906542
658040
43976
89004
825206
217564
953826
589845
823473
905462
986740
354636
39628
441040
57362
775962
534860
920429
164942
580258
621467
599364
679636
497658
308629
567303
921513
779016
111866
158607
637400
987346
86805
665398
168587
279014
500291
154383
361998
519249
708753
584511
917110
211530
732321
965476
392094
552622
185518
467515
896417
99084
620896
586719
83067
11644
725271
839792
118039
453110
324855
848886
198744
135758
191428
347695
856566
495764
136147
932152
20838
872871
861622
40875
992877
439139
211477
301388
188659
254187
134543
355302
896899
777398
148784
674497
8595
473301
634253
828534
223758
693474
490499
242697
157118
943347
446950
974555
755914
292302
141458
644140
101224
526303
830393
818627
874364
223963
139377
850851
559658
623197
43322
145939
168972
861102
857926
422415
64038
198739
142509
572992
896571
28986
95620
221430
464982
839730
312668
367125
904707
578608
676224
960474
12962
803970
962918
354856
785201
469652
634531
553785
233685
630066
213170
843164
533774
200120
247542
990796
150473
913198
438089
69546
455248
616214
738957
487456
902583
593409
924240
942333
310563
725891
368397
825133
74339
288846
776530
334238
725245
837476
743324
515519
257380
372084
779858
198926
601391
656244
214134
991779
294864
129069
325118
785777
618015
890345
619413
252038
673791
213485
356496
18536
520448
755375
980707
60657
205766
95103
206329
295676
525592
288451
969790
124833
80667
38612
412398
934610
17521
487239
746913
729928
44210
239820
904156
680294
113916
509435
783880
5038
744894
753129
91606
369530
966393
276215
354116
999176
827563
152128
52356
427074
108452
475901
395009
597327
794683
905138
406212
976653
316255
232563
645911
95969
111453
552487
839314
464835
228260
835157
965419
492056
598786
706931
20174
415278
542213
183069
565974
533166
536936
897034
111290
450531
655544
283
223361
302138
797511
48080
172645
528086
891343
263868
605586
475280
475819
593045
62882
930651
439927
878078
571983
734356
712647
93614
499369
694861
14615
144826
90212
76750
906023
229589
286333
382312
877561
896153
105913
828786
202704
619292
139760
882541
40384
426530
877495
763884
626128
741603
257140
774402
999543
904049
295356
964326
951561
783636
607585
499185
194688
255968
135661
656979
450413
654267
783380
689205
853686
425860
828932
720033
538736
947248
390293
178649
630375
419504
17117
975628
953637
15154
265326
292250
323686
75403
384187
405264
520099
931862
360007
143709
888646
88424
110942
5555
356321
656613
13430
586302
353618
327018
33470
807749
737813
99940
243090
942178
787699
762999
835721
203516
360344
966169
62382
34118
712325
324667
742957
692579
52070
863345
30042
350384
337273
346619
318664
722695
101893
139802
102559
60646
766066
433553
158467
333440
417481
367119
99468
753219
60433
876974
869444
101936
452506
727912
361549
744629
950729
410282
515392
315418
320586
214453
230413
68502
608963
333515
493162
405930
507581
328936
529764
767612
249660
75259
142072
879739
934805
188547
474475
647171
902957
880434
505534
866656
842096
77883
773855
343894
215002
299243
810948
98664
20285
873084
928827
256093
571368
974361
300885
416050
363702
574110
804538
359902
84858
864038
619211
654097
404438
744372
943561
540394
546565
979754
533742
393450
34478
534098
757034
507127
505538
41938
183849
632579
670533
97042
335414
970056
663031
28454
472477
204875
285474
66211
623912
323207
26088
911265
775644
689037
85430
33994
246286
697579
498975
138646
379793
467655
171498
613841
581084
140765
232743
786561
601106
843027
657103
933747
311621
542599
877981
527803
569819
136557
510236
472768
142446
732085
411949
755733
453760
843595
851380
297375
17989
647571
128631
962773
550647
915030
508893
436598
968029
601365
771209
758516
641670
881821
114591
350678
704494
391972
186059
987956
539218
262420
928396
200474
79676
557518
117250
716420
340388
166168
345671
740009
593897
53417
221444
185254
492156
349970
902523
664148
975159
747298
174609
837048
502282
796741
454926
268324
90504
889631
730336
265128
814526
598773
662785
24151
615042
655621
148438
560830
776507
590196
927649
444440
641185
405356
690684
589777
745424
284777
954664
739134
158869
966156
183019
768626
386820
698793
817381
129165
188940
327500
808563
328021
311278
766667
10321
345649
498516
894822
732915
345889
556705
132915
957042
438201
587954
145516
886090
617478
727440
756213
874671
650493
166820
186956
225598
974103
588642
690972
520287
248949
356895
815752
817204
783218
116205
613163
455836
473085
554981
665984
836996
493985
999185
311085
586477
618961
678796
468354
32061
536154
259217
33566
917850
977890
259441
82447
981858
776982
26547
780129
371460
270743
986011
343482
439479
996484
421821
112569
323963
11513
434718
840868
282118
483420
362101
788346
397810
843190
270416
776542
126071
742589
618770
27171
803794
678372
47487
208854
159375
71548
966492
49832
254545
532334
695281
694296
201972
916840
738221
829800
931589
47463
731707
999997
686766
136722
34749
154264
870771
615970
18
445173
832145
196098
464256
13651
694158
928068
143761
865093
888529
148802
92716
58748
327033
464448
959644
283309
79151
362660
46710
256704
893298
23512
769832
639096
421976
69003
106001
399927
322268
625277
244205
254595
580249
696098
340524
572013
600496
314225
930819
529171
946777
435868
717260
888188
174277
140753
454976
175799
588307
68640
215953
640946
748403
967848
533624
845568
739765
420935
788568
473768
513788
340021
696565
118537
709863
769635
995038
955574
745160
641301
473431
410604
752058
34887
45564
958036
107491
300267
35376
416028
170677
440149
801534
105788
672172
112366
300006
201688
740045
398822
245368
525089
783394
387806
749205
268035
627908
866130
102888
679943
490865
412627
858308
902805
453717
687773
848631
450268
741005
958311
894645
916696
87014
47627
328980
562690
540102
748127
735056
891549
316158
509878
560494
871608
458803
127925
979371
616298
456321
858162
382771
326146
774962
931198
585512
448195
833512
10791
665824
153382
209453
352806
427312
374492
590970
951932
521534
510204
793276
643471
497010
785229
107185
417904
442626
279300
950952
226240
24324
348324
147991
64064
135741
952432
614337
650166
45778
705306
915455
971932
978822
430784
182709
460539
337087
705625
63767
689077
124695
640541
709336
245506
889782
864997
630648
486311
692588
307192
847491
585401
965334
144053
206852
874127
291542
329113
171358
167592
271745
687680
530003
97747
698304
275340
332871
95383
552543
504203
960548
931201
925760
77442
505283
640833
602689
662621
202364
335145
707918
687887
597924
874130
618309
739385
816187
743594
267412
416813
336074
220196
376014
378250
90520
159495
636472
348525
152331
180744
48866
157163
704927
92262
341028
440716
289452
717464
456989
885141
699729
722230
411654
856172
228207
194238
381015
774053
616414
19351
616329
304182
177812
135229
190717
499719
758411
403835
754819
17609
324694
959209
186568
500536
815592
20946
52948
950113
951589
479567
442354
537568
403741
479201
348651
603767
717120
862067
760813
462348
500536
560559
793304
940605
300688
96786
225229
6528
594113
550728
780993
345590
100687
900029
183031
963910
953293
567962
661042
908668
500617
751017
305182
952399
841726
305660
231147
186614
651859
253426
739634
671099
184207
69331
985122
896107
22228
283894
353240
106847
359351
829683
304098
93594
338670
569131
81762
745268
798435
903346
362318
707947
507755
755903
37789
562850
656744
676961
262074
483358
265147
748630
955160
694601
340810
242882
25474
123124
138557
237819
15872
598026
411871
875647
899446
11811
106091
506609
812059
819404
277593
768744
198196
233266
504947
25910
639724
275019
932185
525835
109529
319905
601482
433036
855516
377198
200104
41296
918568
758462
794640
732137
390899
40092
275565
71279
584969
513670
423846
144975
832725
841022
30538
758705
610889
818345
468422
163547
956772
770505
605541
421728
83982
211272
463200
646968
298983
517420
432659
455868
85865
471810
27127
309931
654045
600577
409741
771964
354429
997378
654299
724531
322917
221857
101597
418092
910661
984971
562535
564108
461174
56169
592960
915321
164154
646933
923070
595958
935080
299782
191356
318943
455901
362153
20235
506943
180970
142468
905794
387570
711047
512812
748075
643178
718800
470878
230400
20008
540669
110605
302202
994585
957311
480291
46016
185258
704129
325618
917260
989854
252830
744548
402588
332259
671314
458613
759449
469991
485324
716503
431766
215656
543247
771191
221511
889080
539210
580794
403674
976230
545735
516485
549113
938673
287975
876579
401663
524924
863925
495687
757994
218250
723258
878737
688561
963200
671836
824686
537751
63039
636243
293965
579137
533878
781756
319152
172181
108086
666828
426390
425909
522302
788613
620698
728088
966918
629141
735299
70695
41150
276902
111531
824056
266595
827389
439337
220456
502320
317899
883833
422634
647223
929699
398287
918251
342998
241141
437806
245330
631061
159606
526176
543847
709236
249966
577991
61587
995496
258990
323145
264038
983092
323030
894334
124843
752400
445362
179851
6850
493723
924374
364202
682429
494740
256454
538687
772925
811206
344961
820121
691879
424510
188147
650663
441076
879656
74053
445888
657384
222148
440438
987920
605027
368392
684179
332627
381964
410830
959179
972944
342333
250882
276435
745162
121683
583386
678996
20340
491352
770013
477562
308340
795307
50356
904642
975659
612980
275422
984512
738677
814411
680760
944409
771172
185009
947780
489275
696669
280170
31923
812918
779655
23893
338403
230980
472205
264208
316473
616298
671489
830384
495893
185622
364536
32772
701766
449503
789062
532380
282479
269774
385145
780437
939303
109166
152651
910033
249948
225021
860669
612417
582977
392676
252955
599680
427263
521431
783974
232146
806573
542051
512601
765678
391348
651332
851598
126677
160806
237985
19927
155101
664055
525945
537717
676297
242405
217703
415821
607330
622376
530681
465012
830782
874998
977017
346475
187635
241357
396108
831894
670326
652604
859280
738788
630537
47498
322453
841610
281865
27213
12769
126135
914562
557533
560860
38215
253723
38537
892796
671391
636123
984479
916
107778
108422
486458
109631
920016
800067
813613
320345
390706
931961
237648
41675
62875
492090
129796
586119
505303
422730
542519
421788
11008
57822
292019
611806
645461
709358
170387
52587
364478
46240
913848
503318
967771
31536
869744
141857
736167
144368
9957
954023
926977
469884
132292
2322
245418
366532
10366
105961
174781
857941
873685
100047
565541
540690
37093
845627
525305
298276
795933
604435
86502
789328
8411
610056
282737
293362
741701
427484
954901
518847
117672
739444
836501
768273
370493
299191
543283
689150
255107
854661
596349
667017
792479
794934
305446
428666
525178
514594
262958
176347
605586
454794
681221
208832
167786
374940
522474
906535
995393
433834
553233
6074
667537
141350
475579
599792
205290
811643
504098
193323
510231
520513
821470
473209
527343
563158
602912
138957
349267
369760
332324
885661
286216
296823
368615
269298
953547
713394
621953
666583
96462
98109
974658
503348
916696
375514
45923
37154
33130
381587
13405
878480
991333
167714
585729
120716
465613
681407
590052
520874
393921
534422
662897
259040
471297
216330
418604
24024
83596
51329
720139
353171
762830
235034
43694
706472
532050
327730
64299
80154
837077
745550
713951
798032
873675
479967
582988
109260
650063
534655
140638
5823
574326
545371
101052
821156
109312
241366
454885
951760
73605
175935
536261
848247
888811
335486
180699
671864
130859
646852
193239
502555
286088
421205
687938
117468
164170
615734
796709
985436
120349
495414
43126
640196
547484
173990
393953
50548
477142
579054
963414
905369
505260
161422
99142
990347
15610
803250
799147
612077
251143
692738
887981
740727
89246
980104
699064
966091
222150
505088
340161
688965
293508
723371
925483
832354
511241
203580
363658
327680
625839
824046
449233
5799
782832
349846
912034
779956
316940
483555
127086
149922
310821
133646
994620
399183
109908
737620
497777
447848
42348
958049
88158
843787
961294
958215
77698
77893
482358
79729
759645
371611
632517
551397
408262
748134
681217
736307
166658
218139
433583
912367
337299
655175
334174
833377
617104
734598
729359
574780
862481
586189
592498
653169
875396
763297
794687
512571
320950
891827
339821
609494
740315
353991
764241
809503
413479
946443
406849
769419
61111
442011
286253
625107
531455
650322
132188
419581
811075
61399
540193
253076
82025
851234
178004
495465
916134
331176
964690
149273
852636
686900
902409
4503
163693
648762
259353
969387
802191
803343
490288
644582
394610
495401
641702
487482
12749
107450
799060
298104
433093
933601
23534
9196
419725
586071
831910
75771
259898
568863
277467
292136
831941
191286
782372
798390
735162
295470
265099
718976
478279
507469
805580
917200
719538
401214
216444
365133
214713
270355
879091
729492
547614
326702
974029
977965
672292
132191
643287
953696
224921
738677
506092
304755
778840
576708
416714
481339
316055
453798
456034
416110
228305
729553
776857
37980
919818
896326
928771
862961
30816
16912
907893
471216
977212
897454
654900
738275
336917
351393
389411
545859
537383
204909
396805
425129
492356
92578
816937
338967
392672
117553
719578
149155
125285
428507
803885
852932
695175
459675
681789
950713
969280
904962
58796
571865
607697
783802
483071
779569
260415
821292
831665
734931
81108
726641
928647
358466
194108
733999
500900
474003
81685
426189
669951
717334
835074
900178
315752
224063
31686
237354
756122
254655
275722
655878
750629
841976
39887
398533
796707
480693
226927
784494
666190
126014
646966
895187
236268
220165
817084
776049
716670
122975
844569
602691
610417
62011
963919
658310
602565
125714
998
715951
926175
311987
966874
145882
913932
908141
687305
895326
100870
968869
781965
11594
382015
424236
808087
278004
889656
632175
266747
189888
27308
752501
561048
124603
197362
227501
953183
365998
696703
649251
50768
95521
589680
353617
953613
264791
218201
761482
25289
137533
59126
813345
734810
549196
284400
835422
781933
605306
924672
391028
648681
554347
223624
60463
648779
560824
138726
166196
421987
482270
20008
192328
352247
688433
516806
423955
140149
38443
365581
25016
255772
747644
611548
157586
495555
269026
381135
755559
261859
974859
432605
328821
887069
348884
393070
439821
201800
178257
582590
432452
867763
724703
19018
357557
553655
459728
138815
385527
611763
47404
196847
889701
273093
347924
385523
754088
691628
981426
544215
894339
67229
262658
187739
349005
607002
465484
828928
117803
818775
968179
341079
161934
217774
359599
383453
974495
674143
659460
47276
403027
775982
650697
71059
498651
572678
154192
532389
916149
300751
163782
742852
710884
403985
182847
675503
545682
972205
433239
267942
143637
427707
396655
573722
819349
909881
892774
196743
76825
22801
575109
101399
719707
148680
964467
666330
271327
925185
455044
86264
703063
940935
46649
772383
858195
91156
422709
369217
160138
353915
332077
671861
276049
532929
903563
523995
505444
37561
731451
410009
354846
489496
770030
242844
867441
859265
801474
84766
863482
554548
982520
34525
689682
632369
318075
507180
981774
142149
933064
21037
795996
389400
921912
702269
286932
642064
468135
575948
119731
79336
517990
929563
104284
837216
943457
668613
338904
477052
853721
573563
169202
576648
502631
839361
255447
70646
122164
1389
762125
205943
489112
229593
413573
216054
973556
634935
763250
672927
725542
76160
791788
385036
485337
533585
936261
312141
167353
365670
299690
999600
29880
412099
238088
106399
347311
955079
205556
785662
449204
104606
373322
265022
837404
294028
151653
124718
172306
987935
298037
407937
468592
725295
194367
777576
563805
594554
541439
505565
983823
667608
610774
45463
839793
753793
572624
706197
319296
864037
758142
912840
236725
396972
148296
824044
394383
64752
210367
434946
305890
924075
288738
279483
362309
469104
230998
476626
302711
862343
43767
166326
921348
973263
488809
508092
653061
324960
965623
33379
198690
270556
772341
599833
269481
347097
591543
973985
993685
199158
323064
747663
640633
478472
438447
698124
277529
657864
458090
878689
968993
109534
146788
969533
570384
954457
347154
892821
926614
153560
222132
628967
309456
478510
825599
744860
688187
313818
868120
72943
117642
958876
338346
842621
320808
931432
352496
280625
458264
921413
185634
627108
141697
46590
961026
286823
172236
162628
355129
241448
863496
789386
826377
463495
933617
447878
881102
190434
545979
702906
604511
930713
553312
219939
622845
742030
710374
727592
455249
407290
593300
751634
152212
225634
756485
34952
658577
656236
469465
599478
458544
398179
468028
681941
446572
642350
5183
392075
361893
24954
160565
967780
257634
20850
235860
518482
152035
429727
338316
637263
139882
909817
508808
825627
296743
541608
618689
3694
165944
677839
932846
818743
996377
314084
494284
127966
843569
750298
808703
199840
124737
73976
708243
994776
104323
191405
992804
568576
975827
887514
782740
970026
850932
275840
594910
75315
145749
818816
533008
286752
775321
591627
182780
703221
411735
104126
272017
110068
331395
855521
440032
891287
896155
613050
951386
595418
238665
301293
772232
385898
176003
74725
356014
858632
602837
42858
551382
427482
218784
592430
535449
991676
86623
633948
960726
251550
725577
906666
686171
626671
463738
899853
3002
479435
831455
924428
82048
101566
318841
785131
158969
674828
401876
242205
452280
51035
16231
101195
804526
252404
447277
317452
225654
36041
647235
905381
323041
381467
225457
666820
134498
760593
437504
55837
669110
895161
668904
766108
112163
735842
499880
181706
692230
173639
351801
385589
628995
970393
971844
182718
762833
687710
301286
764256
129851
761484
552179
568328
143804
551901
371550
336174
561984
808616
365805
164844
188170
632365
144477
921786
858417
25071
635590
207000
479672
607612
213390
758921
923473
955471
216009
882236
117341
592812
812762
233396
406589
548065
322349
106591
853859
65769
437274
61666
203257
601816
556044
465732
114900
120568
312533
429048
217459
962363
662802
114561
504511
398304
491418
425342
134815
697499
687088
391435
451523
841365
523941
181378
363731
336449
997478
620901
155245
15049
264102
808101
725075
394810
590328
228723
550424
250675
467131
928041
653824
324755
679453
95349
96093
182922
551323
575771
340394
584012
745183
429527
834021
726457
742754
294419
349044
769649
575854
898794
675153
518785
295913
584039
399533
85295
252882
99613
573558
109287
625286
809623
134820
399742
686505
782335
622525
658271
852464
195015
493786
811419
141580
239872
956462
968060
45037
904225
64111
789602
369915
376126
473143
37635
65521
125597
327479
963547
939973
675241
470796
464811
504951
48395
232146
918455
848515
681441
58290
37760
172486
187272
985872
276834
373783
404626
454959
702291
804283
375945
396238
587656
354974
267566
761005
690045
727607
829296
551704
261655
293765
521539
102349
70660
662633
295442
940865
84764
241309
991795
70392
671099
234185
917652
634654
93135
112692
880805
757848
658473
76479
412169
528622
883469
660379
743413
679156
443157
521223
682430
110185
609591
323150
972863
435748
262138
538414
41220
776099
498382
238807
62541
391888
168702
688344
400599
786782
556094
953709
964538
454369
322535
851499
48467
632513
121865
353962
335717
18872
867378
39092
222397
256580
44493
443327
199828
134357
542184
875594
43825
734161
843607
945936
40115
136904
427167
657031
900757
658836
555160
446204
868507
697598
250153
558977
488180
387886
399952
951883
724480
21668
176868
860887
809797
207761
928931
156386
264678
730623
696284
588938
646234
931523
470105
459108
288926
990604
833916
222941
636661
80964
947957
251629
754123
981791
135789
856762
528074
579991
154176
684658
861158
947300
849978
943763
936117
888398
567205
351577
146868
906087
535018
785836
495014
260502
445220
249894
955935
639823
463830
694204
263883
491804
593387
567190
631811
77303
14752
337520
435081
794819
236657
713964
963888
620708
904738
445615
944857
329914
275621
129818
198294
325063
386184
643942
598124
801164
976544
227941
861795
982038
103350
742122
485306
482409
234953
289893
774422
439722
3249
55688
517333
707069
994616
480724
921219
384405
722004
194723
446440
779538
445188
983801
457363
144113
544300
303633
35618
16945
106399
275126
756693
197417
926417
905510
901879
990334
65873
924196
644146
882521
430387
90012
544093
216860
9162
489492
599993
767340
217960
491159
453469
637630
622399
709004
229086
15651
919014
827471
677100
125129
103036
484679
68986
529663
356031
605609
939345
599430
504437
641743
6835
314764
77855
151977
743594
962025
885792
401870
240367
782220
103308
687804
185684
928577
634130
43233
809822
838155
585964
388746
921683
722544
546849
732006
212544
289737
307945
553675
585649
421387
359141
304345
805726
833290
618195
126685
882550
991717
236465
294702
98088
818471
11592
567994
864807
61717
199407
964826
232135
2888
309458
123692
789083
490331
302175
43040
203706
650185
470597
969452
761254
731881
704470
848319
416887
1013
362969
536706
245787
629902
957088
575360
948007
859932
199101
83518
911299
592669
847210
436435
375740
546340
912085
312232
583034
864514
266882
594256
887167
375957
104334
259494
576769
460323
320001
613252
188127
678733
844529
528967
908450
323169
21214
98500
25732
148109
318868
838871
356257
238093
915077
498497
982301
941582
811017
35449
907342
347406
353356
272241
908689
199990
110951
525627
751277
679971
620061
135036
440686
688272
722054
574020
475026
665228
83761
215617
78812
450975
739743
924404
8960
915766
328207
843962
795942
633726
216221
496012
211565
670583
715793
875859
713150
329447
89909
768009
721530
719547
487617
795708
795180
399472
177508
160616
759956
54974
309545
75928
259334
96070
690359
399977
861680
594080
166068
269504
33072
850582
179367
171175
353156
117720
566438
591234
974564
607949
708071
654916
844950
641150
584246
882779
60439
999158
195038
401962
971870
72915
126589
925348
317069
602641
730446
280074
108492
994312
454724
815752
604928
714273
729464
773078
26789
54897
814972
664675
996543
853442
964581
557293
358654
421146
880892
163881
310649
750434
767754
103911
841167
230964
850486
944167
421384
384088
586915
240357
855555
277110
460936
298346
842343
538414
920092
677517
778014
736637
91089
338113
537924
842274
638010
6812
27760
253037
755942
464780
157695
85632
243947
725577
467633
367989
906730
518717
255076
213039
317250
568720
956377
748085
984017
883298
959172
41966
591070
748299
162393
939802
502967
427247
520325
392460
277230
843433
840642
358812
174093
835046
8138
5734
380463
676393
815405
395247
779504
399880
915373
956502
348428
488886
252693
440068
688709
68821
378011
537644
293958
228797
762740
469333
828460
404274
759950
457632
190675
905706
300873
737195
986687
968948
913754
694207
925385
204851
319833
347573
656761
868542
234122
850246
691743
816693
882803
212838
658288
156740
286964
556842
491505
95276
607836
71656
553834
794127
166578
293779
894237
981950
445333
257739
524653
43323
439462
262309
988414
129147
234050
801614
496535
900014
405537
194045
64138
976277
558843
378597
590176
769474
604507
177685
291131
601291
702587
186579
156001
725968
80089
538904
331571
479298
386674
255718
62875
792627
880840
84070
484640
122138
916703
460467
31960
956905
264519
101696
793630
495901
447272
737980
660894
252887
906519
98470
334363
348846
48989
128891
742365
259779
123537
409555
428722
569320
432951
694977
104738
916364
681230
830910
673013
194029
818325
954440
973581
33641
659140
223114
39075
391929
599406
314110
932685
293369
613159
936308
452994
647002
733767
674468
537427
370019
733005
592498
684448
699643
561113
687683
131535
792659
605663
499521
146716
361640
297637
610729
197678
78637
94297
427999
379946
582942
251884
271016
528066
402668
858329
84799
228308
792048
436102
492490
536919
796346
673676
410871
471188
244667
4076
159662
283683
860633
201800
368743
912728
986235
408905
483746
174220
402494
962301
528590
49712
943202
939368
756566
600953
197621
946113
331726
876848
785191
453687
19999
201567
100163
164490
946361
494225
970979
528392
424357
966192
592958
28059
508264
455281
44190
917784
674776
797163
481061
218830
415431
701575
575559
203785
743613
156107
421712
239166
750040
273147
421045
291192
830780
109237
806238
623006
543934
642655
858386
160432
416990
349988
490908
329231
909007
187448
777208
137307
180471
715856
823824
347730
99012
892170
438865
596356
893713
673128
875679
782476
769133
983051
455638
121594
362255
697270
135735
54938
361410
247033
655940
323341
596677
192472
360027
291670
218674
645240
235640
991765
308947
50159
511367
136130
189237
993020
900535
466378
315475
54266
769930
953377
447931
760776
206090
668626
639773
164721
958404
209760
991902
245971
901215
545015
987126
397164
112103
414794
942450
602280
787909
351865
268457
134569
996650
716956
734790
823422
225264
295169
328570
29538
558256
378390
473911
830511
893663
102676
581756
487901
813054
940169
538875
812845
825183
343078
535256
792588
147449
460413
135071
20308
994309
931539
165061
657274
140012
825321
29037
811166
200213
473340
348441
125447
927181
164277
343284
875899
909598
8667
409552
940955
874967
581369
119937
467878
400380
138750
955156
579947
259885
642277
464802
657950
394769
928300
135647
62990
881961
949637
940907
884295
185292
490049
585681
778540
128117
800780
567747
577744
229418
943413
435740
299655
280114
938261
570401
969478
847379
497134
781562
981311
804434
310582
619592
372523
882047
328907
457748
22367
951902
872773
782119
702547
975167
417822
800268
590195
606287
369121
444649
468149
44772
806952
787729
540987
621832
597626
302351
336285
484134
935741
717619
493668
808026
106546
531461
702486
315187
191184
162285
465549
749800
169306
733331
200474
85879
423730
313928
780451
362467
889170
255250
689966
59430
850481
333899
484278
59488
936093
422870
495674
646919
76886
234581
640748
283920
724141
703147
140213
875955
526999
880491
603117
178991
989242
988820
821165
294640
573828
758607
605734
895703
933577
195290
286576
788854
595826
408609
767909
320720
980070
326973
326536
442335
358249
865919
404935
184015
41841
71333
38939
76867
491136
27868
949338
342565
918081
187100
71409
378450
5231
545369
364919
385088
628262
786525
455405
376033
420571
526717
834200
209388
176897
660725
884144
583189
805848
860527
872952
647359
553604
586211
395342
870040
936809
87419
681194
818872
274846
622495
42457
327170
420288
561186
816803
939434
533383
985016
170496
84922
496777
769617
726300
107450
693956
876848
215717
147892
62618
250665
27042
747251
312356
751514
268134
696680
78488
875779
793558
274635
751229
402309
651258
102851
814455
464036
193329
193364
906666
799399
107925
536700
226559
310604
112459
902805
843939
723694
267492
652466
304651
633659
235055
223883
492577
120751
63930
744419
668524
643630
286010
843309
229514
271223
703015
221548
551422
582574
881953
255859
956137
77307
812775
65142
267123
822234
883911
196964
781557
211998
395657
498788
45044
624088
232969
188481
324667
705180
383180
299147
90149
439796
687685
467305
206231
444887
723125
599509
604718
202071
622724
326169
530504
571382
810350
163852
494082
215454
943369
712003
752928
693993
705461
710543
415847
584041
568531
670760
711815
887264
674741
981291
788359
859249
501331
975588
933482
232558
650124
874694
97016
105949
812019
931555
345399
960973
759105
872266
446297
120410
670221
867348
798100
860372
741445
30458
288932
471443
661081
843377
421102
384098
539622
952762
177134
830493
600879
975286
965706
69437
87895
408729
882258
653232
21178
803323
120683
806620
801118
576167
15383
370645
712261
807371
173868
175425
740023
750921
331383
217093
823968
941817
553344
17816
518107
85939
895993
956167
340619
68888
406828
273875
69969
82012
69010
763322
24301
271454
29795
802143
946538
542580
915903
915253
523273
702697
53817
135914
944467
688555
882361
762551
681118
252170
504312
225631
247758
435383
201461
883608
433997
103433
722017
35897
173079
959838
308089
131802
899022
778165
980803
89353
673285
547052
727107
377734
321899
147492
462857
23407
599406
621383
356639
879926
900518
932615
127361
32609
686801
496134
720753
756246
496826
465210
458110
153122
654203
633622
618667
930066
49832
242983
821850
227051
919247
546168
243196
444594
41176
837952
601602
229150
148735
448477
162240
709708
598601
28932
517581
668966
640004
827622
961230
535569
878408
441642
148769
675713
171593
20196
962868
446234
109039
564762
710961
303124
920614
311095
939048
33546
768512
305380
592229
224478
271109
588228
241309
598167
18410
482827
245937
633940
153389
542002
898880
298565
328446
349651
876812
928676
316940
503889
805226
378118
812817
465305
699029
495938
600891
160178
646666
904695
988402
36677
343892
742154
126755
143331
45417
288160
640562
649920
758433
625399
85085
939509
227937
4076
359259
874212
550454
834952
513204
349761
628886
957343
777981
180748
367647
713117
48534
145657
294451
558676
639621
181740
379584
88525
352800
767058
421831
157800
912197
834317
900631
590269
49586
638947
895233
993770
260906
903102
252624
291255
698629
218429
477164
396283
173132
792255
673911
966226
829405
903631
105453
670995
115618
391851
983694
151980
773572
730468
991776
559303
715934
509370
638773
483709
254531
288357
506698
928924
868540
138988
245641
339537
132311
182727
582144
894736
77634
487063
59614
981061
437072
454204
811460
620465
278085
199059
442934
447553
301406
524392
605272
314526
67782
350490
476496
583192
373220
662089
943473
150948
875302
354882
973331
326632
230535
105996
953615
718657
973790
948477
834542
48567
919951
888327
460250
192480
44896
231051
168134
11119
76204
99347
576734
616248
656865
445881
775603
860252
739452
921056
191202
965212
523217
36335
79458
769550
4258
82116
617169
479625
654762
788489
355196
896974
449588
446207
487756
170496
412082
856322
287091
783579
693399
219430
639306
863336
612899
676355
910051
654166
976653
867378
466102
456029
841418
376183
929293
505520
853059
609525
166644
597751
688889
931430
547816
735145
95696
490850
641646
8101
310676
587810
793709
684980
80374
612612
735853
861966
292280
726394
16854
999140
940951
414706
470280
727344
302573
823520
737812
1452
566460
625636
712729
908794
164910
991503
776464
252705
441939
567795
526979
566268
674013
995031
442742
507501
446237
130526
781861
567116
931625
522555
389113
842129
231747
670521
941907
511989
894373
10879
294827
278448
328426
243191
899139
700146
710005
688227
636969
822441
913006
578116
932186
139103
896309
404970
265708
652078
644429
874889
763805
702641
189909
359895
724745
85845
486910
442931
749308
760548
56882
641060
141848
76762
601733
923956
156154
547225
96678
809870
777248
657832
667190
923005
72970
438492
368246
755936
476447
779334
917832
249874
358534
830977
434662
573155
723926
151107
854117
901825
883660
323314
776837
296396
232934
271265
712462
898674
261154
553934
14879
43485
76467
109156
525701
465415
980093
304605
103970
937067
330157
843847
80950
455809
272322
285420
945213
360227
758780
549139
479944
846040
42918
778944
842962
851046
468429
346429
920154
1382
686776
180860
216529
314854
999630
167899
363263
594246
33101
514578
959644
56198
487811
688114
734517
667270
418373
471115
338721
911585
282755
996622
188575
628315
156833
70721
212438
414552
23167
157288
117546
846292
442018
40181
95495
995107
822980
40412
65320
25980
148835
288295
842596
395545
859152
36710
560408
90100
837109
408672
82981
502857
983492
654797
510563
243225
854713
977927
90312
745398
549727
991780
110456
764434
832636
403216
920608
937398
552907
972859
213623
617272
230441
420710
223742
987466
636031
550879
164865
183417
96622
964293
989115
150013
218175
811827
710347
849708
880324
324762
117073
32421
784531
19962
37949
236925
952408
190799
890959
119637
679152
461424
731444
26320
398635
637980
23643
550921
221515
868542
457150
398668
912860
508272
669794
80885
699108
124300
22847
261168
163340
380021
740142
963828
795084
504245
15418
230579
373613
244820
850003
258967
607778
964804
981976
768528
809366
171682
650232
394331
833788
878998
272782
695046
588827
482657
719435
308795
90780
835688
695926
525433
910366
533439
59781
253725
983486
99092
497943
192500
268528
133870
731011
270565
45001
386335
301304
934145
76679
419362
937170
56710
726216
361302
784338
967444
285822
376953
498858
526054
208350
187055
516714
973205
914095
708935
616913
845610
439838
975649
731669
347188
476554
235443
251540
66317
526351
885706
868287
166500
450235
479444
323696
155314
893984
576793
280651
862834
948707
641564
955884
913308
251456
525001
212652
564963
876016
884531
492247
829204
901215
448743
895259
987701
577979
278312
939718
699313
107183
454342
83958
555238
366100
344780
680608
598233
518457
775041
593138
815202
236613
863931
420462
437475
771007
389891
290532
714875
533397
837313
131109
120692
232174
810804
341327
300259
765347
694106
552429
414355
288965
186745
140867
143767
923480
69323
941136
958347
799083
185120
344347
727851
172234
329551
777037
961375
21646
479369
981044
886413
412448
844774
952073
428683
806424
691903
863617
98515
562987
3142
48107
165371
981001
301512
900069
351195
679702
120214
366444
260894
26554
79574
675030
935389
148396
260988
592953
614939
148092
344520
580807
417468
418267
162162
825515
9344
972558
234395
211635
968673
747696
94528
447657
246286
182424
981460
577077
470290
566768
286708
459925
958641
856767
623440
739237
688012
119294
954427
398185
202399
249705
969437
842968
115479
525936
462870
73708
957776
883815
240686
459337
307536
157051
802304
364399
910957
730742
241434
173320
943789
201442
677513
283563
286216
529747
675431
225512
973055
753867
690919
123118
683786
54018
777872
46532
220463
512544
849276
252228
8295
795883
783690
263978
843174
782592
553619
342653
653470
860480
769711
228243
897380
385150
233379
85374
575564
678512
881556
607049
406917
669531
774154
120935
397546
567440
95188
863713
213620
780237
133817
330063
759079
836394
161517
753453
317565
320825
637596
941361
77615
530190
479967
949582
381271
133017
257556
266767
26670
560442
760161
286323
133141
356519
521953
144513
59165
344175
884337
683090
543626
237902
793535
491626
471813
384965
24032
774361
422922
864353
455227
393323
169000
440428
252473
971230
134871
619246
856860
820268
54675
532083
565596
41564
48633
275454
623051
469000
999704
981006
126929
335182
989605
27077
673822
243390
611483
609737
341637
930510
399551
220219
403214
774088
625161
200022
750967
835860
56283
792900
475232
210269
312252
593957
235269
691979
872009
957892
970025
937610
270754
347057
992649
13695
603015
219453
29002
114201
127911
402415
349808
830703
786160
959923
859723
376096
915077
102862
250540
402070
46785
483859
735514
475870
177892
907986
935623
204939
990511
294192
172234
676792
338412
950715
542910
432538
275158
744164
545393
381261
70005
507550
263810
87398
216418
312329
166137
47859
679936
555793
413971
983039
62233
649526
208713
877813
150190
111623
642083
923781
463584
213601
944724
162607
112495
706192
790534
629515
271835
139697
7405
986021
333140
36503
191692
662096
913075
13077
804943
669238
45103
798541
210560
797667
503478
475053
83821
352895
362779
441277
345968
473192
277711
291276
693235
270682
921622
892630
733274
932172
547927
222119
343835
379177
775603
136852
996686
693615
161382
174287
271450
975250
396028
990660
253270
102865
993935
331537
897083
941711
58302
382349
903927
712367
41844
856526
250105
210501
629659
327007
243506
919774
61281
462602
560474
299616
809554
830116
648863
571139
766147
255118
217345
319111
639773
608959
530060
560864
442708
855187
611832
61618
688892
140799
566456
829745
254085
520074
443042
151096
619098
155228
981145
671273
870431
829501
318700
129320
577894
148889
639902
315192
97789
818554
716534
783740
459313
11931
188687
795966
227941
937466
438080
419783
644143
59778
685743
18959
766239
61796
806954
211199
436971
124934
200478
849282
321238
45712
389862
682483
593213
923069
898952
269950
634374
433417
221218
997835
397328
354043
61452
136637
226781
593680
95826
518234
871565
899011
887125
986337
360085
528198
30993
96973
29729
908693
468095
613888
949928
359484
878050
112701
676732
684398
647425
918786
643254
123113
220303
877920
737808
651609
525158
425244
604008
662831
852257
495175
273657
386104
263704
705898
362904
184911
896390
45704
287602
659418
739132
132379
531026
780982
386292
64429
143449
934253
711748
928999
667232
845185
840905
737305
212975
518002
864163
732542
78228
183193
381858
961347
708496
512504
64780
302152
106831
289900
487997
403469
134319
120706
181698
332358
522580
175557
945391
789668
241868
555281
849711
3507
646052
70753
520676
70178
506055
106293
878078
243008
941965
579922
878423
996931
326402
474559
464026
508146
664768
931058
445206
438348
709367
93229
153107
588523
662496
290363
836652
66994
940983
671482
888214
99548
640363
179603
587163
361168
872945
457259
795496
461384
186447
605739
691262
384460
583854
341028
972933
388900
394538
166927
141155
403428
7551
952502
930440
316562
96518
649979
630787
997846
956089
856485
598756
5705
610532
402676
767907
485619
220691
45492
53739
804688
101376
18439
18848
179299
686114
843584
356854
639577
771315
747301
576064
733232
628267
585071
68600
468458
244871
873794
723463
195347
258296
887634
590767
32701
104577
551120
904497
476769
108868
162292
49305
618812
105674
407574
902608
284725
254178
950277
28790
946257
743151
657667
288613
788974
660129
35588
506333
101621
624126
328499
515349
224500
105961
573044
443964
659900
25232
710816
682256
801556
997510
496872
129674
393404
533900
265284
535336
884366
546943
924583
224983
790320
75198
9820
483366
217234
343777
214154
580112
252519
176353
863449
761342
242979
206867
197537
753337
806432
253273
872627
247053
827137
866985
154140
966320
387765
489367
781727
188268
320829
410719
460647
204237
576892
552920
458460
521587
527388
810369
494100
105953
989471
889497
452962
2579
599274
822038
194511
274810
43890
352888
775739
641856
269678
204840
568085
167378
462734
154174
929834
517522
798038
62553
383672
906976
35633
595259
690007
787683
882711
378900
726519
91471
168846
272681
391429
517199
707339
112375
348920
890358
14030
604563
93826
340579
251238
225659
743036
828179
62935
763629
191075
434496
761942
481082
611199
845389
981195
501705
781586
838481
671214
320546
731080
983654
761521
275056
179005
724624
386819
575501
99150
988569
570400
269402
433953
3914
825556
916708
302772
70585
695431
373086
443636
852748
305318
253779
384693
789787
507337
527701
565305
425706
830016
921564
380488
698007
148275
71348
842131
713681
502619
927501
288053
8233
379335
787690
888944
352249
306162
225007
813162
278658
334834
798099
371626
704806
432078
128855
635328
911846
64322
640676
368983
929689
203777
38460
349776
64432
617272
449180
941078
239682
595315
727876
178884
755943
418122
54365
154390
67947
21297
155165
228906
65948
344132
109403
367044
705103
389225
281444
765638
798244
345789
236520
490883
907277
862
269730
780243
805522
763126
76958
831941
270870
483406
500567
386277
369134
439187
943936
524312
473471
630841
514773
523269
841483
995496
519922
302023
806097
969522
315005
249324
79818
380469
981667
134620
151789
751076
365008
686132
177839
646203
768696
916649
386713
230646
170950
58070
752750
512511
100247
44646
505581
634286
954431
220375
383415
220281
905691
676025
444956
489971
544807
508063
558379
125489
988244
117748
657009
447699
777823
711835
265596
902563
474166
669391
149510
636155
33059
421519
464164
600079
927195
623197
164690
325049
912525
33775
782075
521354
578676
71263
956116
179301
269963
390386
655876
977122
359484
76488
918356
453298
784181
608016
565743
347387
344230
87962
555359
488996
647458
810399
135460
182586
469677
149339
603551
39996
235
489341
726271
915189
112123
707883
266253
60243
325895
881503
360278
435443
671494
254860
763027
9325
404673
766375
23171
367188
752120
929027
678370
196430
622970
344083
248580
417468
18512
684749
113268
53738
471830
317528
283581
352047
572068
631635
750513
994485
412956
55684
984020
500635
216547
47860
27774
988706
538604
698746
279085
138156
21985
620587
922459
136593
15425
409624
325437
116308
793953
868540
340337
994103
507564
978688
758767
690602
501971
75222
809922
54374
147682
360968
774037
345712
34427
475793
370629
645509
347820
196381
893293
474337
349870
41840
831699
397367
532590
522462
243070
602663
606088
922648
281009
434006
679983
545667
471286
918589
162657
467287
625345
931392
260494
238114
824706
22994
829752
407281
979412
543945
608387
140757
519312
637946
33197
863494
740715
666942
726380
260864
406622
437197
447749
237171
24331
342500
741253
14454
129304
540916
400228
459717
141082
58171
869014
303279
911992
307362
133006
616712
411058
492097
909315
398245
315254
84602
577831
3466
427333
996269
880416
731097
471917
179949
486952
464817
411645
434819
798460
946078
189677
503618
805899
139772
41628
657941
276929
306176
779527
735333
745640
765842
84209
942038
217126
337767
832403
675660
932676
100090
686258
462137
45168
455558
258808
488394
769675
271305
247272
174702
379204
766654
38592
365489
285111
321981
272645
716702
923783
949486
875664
335557
179381
981462
403887
668071
180325
602937
455418
490516
452568
974950
749547
201688
483746
980803
369664
755379
915775
589235
747694
244661
615950
578234
623929
631768
940513
367968
435269
302067
434033
16825
910985
701530
674490
404142
761315
130589
755172
93480
96213
744178
44629
600903
630005
13891
279947
184885
253133
410479
556498
312559
544984
789201
199566
775690
145262
589311
679865
860457
4793
987427
844455
424098
627782
342312
222037
809208
763741
442751
773358
394406
31038
637342
670851
181578
451375
442234
250687
818356
865911
466040
107655
218995
773360
311893
328150
526318
858356
662588
666692
183341
336842
581727
400466
542166
765377
447356
278807
175288
635415
196341
507914
282498
404571
12222
42861
121410
350922
357782
758419
213587
53691
150737
379611
526326
792022
459390
763499
986441
944841
577509
641725
7510
892264
332098
451393
511536
127595
42778
734576
93415
715250
31346
368866
96487
489357
686384
867129
394634
800765
824489
925780
94564
105269
233584
171105
634632
907963
774794
907497
715049
243336
901099
130896
925185
395934
867105
654673
970588
511659
451358
35623
887762
905079
868866
598463
553798
437917
555542
653649
636717
351042
688510
424267
539222
493632
807391
191054
931828
213177
412627
714964
619939
380606
347653
705772
117607
805014
25145
267557
69400
287648
828803
931261
428519
780429
360789
502295
184893
264785
646021
801028
268113
266552
89581
889994
545249
304213
292712
885527
237561
321086
11886
790400
938371
386015
577591
321700
548659
326913
451288
30271
404904
379529
824885
56131
284799
148151
860904
101469
441448
980137
822786
17477
11635
112781
444734
733423
915483
515562
939293
136139
166752
703022
386086
978001
306961
176861
721822
350617
323325
771445
363007
690534
827736
463474
509358
344099
389073
605414
637711
114921
767873
896652
224415
75769
333403
457665
370641
896441
718591
73023
243752
975532
25190
740259
80266
139368
791400
43006
239720
362078
928886
34089
678847
818449
139988
784417
188454
940596
478755
875005
693280
561461
576629
915396
234798
984033
348369
690611
640193
242431
902186
143370
152539
687150
603936
388167
162823
285786
411516
513187
148717
518362
600978
403728
412516
350059
761089
573894
987448
15920
952734
630970
911454
627724
803740
110989
605575
566237
253393
61741
345778
13188
630440
713681
323730
542898
462506
410009
782547
22147
226000
714752
661233
254861
365366
586490
685127
341637
861822
367618
691104
371391
418519
40547
381146
113946
367307
389528
335884
220098
56723
200037
334095
138151
396470
355800
514999
394382
383695
353053
392236
57180
773055
180018
254211
527458
512263
307491
801951
175847
995217
46757
769349
706773
73652
60927
743847
369021
245651
95116
893141
807849
520676
700350
304841
313153
743661
394652
676325
153464
633400
471877
645278
799867
729544
171298
809370
650717
775951
503730
977710
971817
508769
710353
567029
230497
150844
982179
563910
142429
701385
904642
90583
842079
296351
720881
710211
149093
555467
918667
329682
214708
261692
583908
167401
117470
690287
641497
305056
468757
227908
699811
750051
189455
875674
313503
921622
164329
148820
724533
13475
945433
799386
346707
667651
891829
591304
664961
197129
151419
840757
23534
777960
950689
316381
683042
751993
234391
318233
979249
659104
650805
529443
518678
745306
994895
304629
947743
308619
744548
387817
163024
426421
10981
784816
530263
154682
252222
185669
531465
875900
971303
290655
306943
447841
507469
604523
297005
875418
196492
165841
429661
771244
180467
94065
373771
56613
444315
429497
539760
643441
486787
670367
491104
943800
268266
366390
10942
422310
46270
70778
473942
441053
330033
652405
664048
335722
43339
211600
291309
336926
597621
960052
243558
214573
379446
30782
47420
648476
405121
966849
299010
258254
762371
369745
380480
19303
684082
533584
665344
23861
378365
117637
531817
243254
718126
677821
504718
31079
672552
575680
76648
369055
202041
126770
862199
871382
208229
59109
734231
17270
225841
749001
2238
809371
512632
338495
733380
892336
125159
812388
764459
987176
779784
717558
394090
670726
615098
107223
62215
701603
474111
667799
373658
507220
568695
40869
88026
55851
178863
983112
724723
181717
193102
566028
431502
213769
36571
45838
11895
356449
690222
999185
420447
828872
758696
549052
806417
771933
487701
606827
219994
878653
589794
1226
154982
865843
235951
49063
648214
596621
55176
730750
82400
935470
975659
171272
856103
40439
307815
936312
776121
301849
857111
158606
463536
510550
905407
8593
438954
680233
266841
297149
585212
449714
907573
538491
524302
750595
785609
642201
912730
31851
988011
397367
460816
535005
433124
38244
560839
37963
143304
452857
608296
751325
448538
39394
267757
477791
329613
520742
537406
19997
533355
736462
652501
302170
930125
384456
62582
619489
795390
52768
315405
731301
626495
870063
174676
415828
135910
735051
335736
431365
433598
254474
686043
461608
537945
291293
47350
271135
501314
766042
990996
162982
475092
910104
716214
5744
387237
245370
71682
102742
364271
707414
115236
829312
163031
663562
604192
873768
426933
613937
132147
655002
723085
473040
894658
610726
526184
490795
177855
635025
165973
243942
578266
233981
251131
157011
576604
456621
766498
881528
915309
488794
900850
827834
586648
718338
923971
906085
351963
505996
119678
219542
22994
445948
469315
563194
771316
222251
526587
451513
743882
583009
475830
463556
281398
125555
385547
752796
453096
782516
244209
757527
584508
696793
331405
113528
462974
777853
411489
937598
267374
998166
305156
704792
117737
818860
394118
142067
296532
734402
245325
796584
973156
146418
723346
278553
530736
304703
516354
182004
183981
11273
575490
43925
403562
558933
29547
812775
697577
905985
36722
343838
211998
926978
785287
740527
268798
226869
985326
483103
205693
696677
454083
141343
185969
282579
897024
24526
697094
599338
302057
887095
264684
439166
767478
681984
69285
89946
177970
949262
888004
345165
795167
744857
583320
133759
471931
625163
406043
912999
373914
583177
205852
278524
177175
605565
743938
619240
579341
987618
668633
699739
858280
426569
620569
279585
183870
985006
575080
847391
531370
197920
962739
289834
106019
763801
379515
11346
404437
662947
399525
962749
485441
656951
132679
931557
843893
706210
858175
991624
54394
579423
397944
508553
209737
401086
146092
128517
598722
807189
600571
886418
736679
954858
865403
987541
244176
820302
8833
631348
474254
563196
558976
373499
532418
465227
508486
141082
801084
315732
393364
891624
914874
214607
955260
407884
40900
925812
544661
799787
475757
417250
674042
140941
337737
472255
338472
793603
876929
88501
833177
982140
843757
24395
409611
156293
959405
190534
379689
607944
542580
281623
981141
857929
485740
206385
287570
660595
5464
174841
771111
576755
254845
790797
640757
146486
433654
457370
160609
504106
892252
19288
684136
469907
592618
923752
917368
68532
671374
567252
416688
134842
227373
300966
200039
959258
133380
147950
352249
594998
711243
923026
130925
217613
602837
832287
252059
183732
668182
259535
779715
460030
98635
652667
922460
254204
424298
435346
559465
750338
524463
561650
593080
701989
502268
421295
497675
62619
163069
247370
31992
176032
645210
448653
635019
424987
499735
537007
688732
832886
289969
774065
85610
717137
16710
654860
851072
754178
463903
914109
327214
38859
561255
319719
814796
260816
281195
597648
127384
590187
39183
609432
3668
762383
14206
810402
494117
525846
789596
930760
978947
625989
411013
411921
811178
376239
991973
306976
164384
152382
764141
247316
550527
939171
631899
337868
150375
770606
574092
539596
586902
570340
30629
250155
553024
747786
548103
806492
343363
685268
837938
352162
41266
711505
337981
501119
793481
163330
573549
415270
337484
389916
783117
93636
425790
758557
607468
415780
513783
733234
932848
587397
653785
329139
691220
265676
483876
463473
890353
360855
70035
355130
488799
224722
685095
416712
562309
251756
800416
46018
328609
296196
17720
843739
381009
832641
366288
291462
952952
37609
14773
337321
234265
35872
899067
924828
904308
302934
984461
5041
615140
669770
855768
417423
367700
834588
407671
149255
145492
171839
583584
74303
112361
165063
171706
80697
263521
648172
16572
451404
177901
128298
635854
844303
58655
246852
948359
750555
996846
668077
572099
818839
990097
778702
989675
483545
338884
203004
32291
192556
504026
509870
457218
329150
756373
448545
503748
955550
2434
609144
161927
904604
482186
733808
22796
950885
989237
723410
131672
67055
967623
211033
459681
576916
321085
969462
192327
680584
690045
702830
44888
676301
516255
610903
835708
993724
66147
191674
899501
58974
608980
852789
600700
918941
274854
515305
901702
987615
485366
412439
141589
4355
554545
349416
735715
596404
590393
858966
44808
568269
53231
423392
454945
34292
467017
739464
409750
566817
201508
945843
281488
882873
230998
997654
901420
53079
886688
925717
345723
472869
317958
481477
451168
84070
429153
556224
694276
308918
386047
292966
678399
446271
218953
427453
634512
374820
451912
45077
679472
567994
146433
202505
253745
10494
418532
781460
37586
661027
277875
622901
530151
516620
748299
143876
926614
369916
505855
434944
543636
298006
375615
733528
971784
295882
498636
866043
317894
958608
295060
212257
486275
506357
595150
790706
922677
129424
811989
78794
769685
738158
622125
441137
132146
641495
671722
190128
136007
313399
896138
97703
164329
756547
494100
421920
54212
443971
638673
132230
391736
808811
801239
388939
809117
45678
236669
343141
711614
398991
87136
730327
193318
469037
627624
894101
955619
852700
822980
453753
445782
432111
204517
789154
280349
929506
94571
527221
100429
413062
13703
862580
453254
864767
410009
364629
56272
917323
738163
989883
926575
623084
971227
696689
530967
785933
567670
385950
68498
216463
384461
629795
401932
994876
831151
78032
466920
371076
454765
792089
613827
321127
565384
753458
544015
214992
695599
446590
107962
270633
569254
996162
299746
323185
546328
320316
772669
657281
187244
90407
398720
669262
495576
652278
297754
604099
195329
155647
62263
509435
726509
953385
953017
610604
85444
733504
494149
566694
568534
385580
746276
649013
764274
388353
337208
575364
382781
228048
897836
864180
252680
784580
783924
722331
455687
181282
568826
161632
474718
617894
156295
282136
429231
38153
470113
371139
157069
458306
928922
167231
132659
246297
142628
559814
397126
400170
746762
970445
364737
627092
966460
664948
463287
140111
549002
278473
457179
86994
542171
38586
410996
786915
436742
800507
342006
803269
172631
903760
231938
830731
989340
256159
252910
197112
535746
740608
300749
397759
223970
611865
952157
889161
478235
296080
537184
134962
52685
876735
774171
573630
614489
523726
366948
751641
898168
108574
840165
474664
342231
762005
612602
840167
632766
628464
567486
274436
379660
67634
477596
650327
218978
953446
606060
160704
923556
914421
574381
760231
28881
745866
233699
68775
39891
236176
681851
966988
718214
359688
712499
144236
412740
75057
521502
184056
338535
234964
270253
970863
280693
551032
877776
215872
291284
297534
357068
96680
838239
47743
171660
135851
217058
226683
595991
149193
707301
723771
87616
6798
87006
933334
197138
911197
760783
146434
128965
812057
901022
14243
260394
915827
653904
167272
625393
455340
275152
915425
981588
727507
519674
550484
566153
982084
909952
83727
958897
781216
26246
742964
315188
975042
923857
622575
28200
847756
738517
146362
799518
419633
848173
37233
217210
439965
967795
268489
747141
121343
435788
762932
644069
938657
209040
653358
929541
426285
743041
325098
887732
768308
450785
953191
671653
780671
774610
928871
201341
56456
731474
979625
703607
122560
163971
383469
877302
307961
805956
347203
787073
486162
981091
35808
238184
151809
723673
265958
393556
951175
445435
676491
240073
621142
399865
98082
3306
304841
527684
906184
425210
880417
142039
607342
687796
270871
508083
159713
255862
912197
902265
371620
890892
696210
382261
956049
859066
799264
411214
56784
238966
258370
266098
956424
681735
312113
295394
853705
167232
252575
140867
836359
616603
542497
568197
821386
438026
900873
871219
125946
873950
510306
512428
794775
897863
119458
352806
206151
88570
57695
981786
215238
681344
935054
425973
43147
561753
600893
155116
153776
730755
608010
510841
528155
112765
314045
906399
240482
182126
413926
16004
178449
579694
271982
134486
91726
309927
414829
788178
98507
449706
383803
767122
303797
299312
437123
704270
50221
641091
64330
852812
124294
404154
649872
394328
733830
172653
734356
41526
720066
957137
47511
286296
319768
245424
80110
386406
613023
80525
348079
194804
613750
423503
202162
304090
519927
17182
476324
191030
548072
967969
309100
446338
603837
462945
791803
773419
598248
665529
429696
44033
349344
386540
193237
571604
556094
271598
218305
889685
47149
918180
229087
528034
397072
971089
154683
486221
626147
915985
896052
733479
46678
688737
654288
92733
458714
219693
838826
209773
507268
373480
482289
55861
573726
285458
65293
146735
899134
851114
247855
622857
817392
379493
588159
909688
83767
63590
495908
900093
424152
6065
929894
276055
712531
224029
589265
843476
81818
615430
547085
567434
145521
461287
561997
39618
209998
582776
977533
426731
161857
962414
561986
97529
219575
223786
424762
779984
14046
719506
646068
630072
397172
869892
939863
227916
614684
535265
867763
849131
589647
498644
579284
940900
445670
423890
848214
974062
259045
778347
382611
478098
24078
349353
115598
283272
190504
323755
841963
379859
727714
201776
766367
574038
6620
100270
362079
652982
749651
