901691
788135
481642
984535
860606
938784
245898
800717
807730
758311
610191
93837
821861
918526
414036
948706
366724
653876
743750
556798
182781
2739
167854
422151
626362
85590
484260
9939
356866
286066
808400
742196
905237
337848
431538
488790
902851
65527
316212
540235
889215
623102
758545
585414
805091
207041
990495
686157
320882
164417
659180
580002
22438
236530
399585
50854
379180
583485
707243
696199
148868
327655
730953
101389
436103
340383
126329
842251
235130
171384
493141
851960
649582
293064
427367
644807
708502
232601
330944
113172
521228
991325
851555
356490
629647
779861
462508
71899
557795
937558
546688
582990
915633
904123
147019
335631
400139
373870
510415
502918
814880
580404
570301
967573
659248
898707
621667
96480
991080
930794
347057
391923
752018
694619
338460
294770
211022
892381
95202
493410
892485
423543
790612
338030
682978
419241
721210
906876
930534
219762
94662
894773
471680
486608
769915
876835
945338
543408
74637
67630
612343
805188
176997
795461
683434
576804
343333
997299
202648
465699
537107
85739
254457
365753
210027
822477
936561
725414
246923
51147
55231
82018
99685
458903
480166
823657
851172
980967
576826
276755
622060
889618
645211
551399
690080
317217
105984
371292
165082
355988
678344
791026
602473
705388
505713
207064
345836
23633
293362
634446
292264
647378
918278
363959
810446
427035
893549
358145
483787
870542
825852
467961
373269
378425
839836
938496
571543
877410
340053
887739
56951
734297
113111
833167
186731
187880
785349
355888
832888
849965
349865
522115
990601
956541
470068
977573
876716
256264
594554
853950
348647
764412
311302
661764
202679
902933
448440
727742
172674
440287
572418
790293
446750
35473
534098
825793
233954
344665
690822
843060
380417
374549
730526
249514
11488
761887
811620
405217
977933
985095
202679
866531
878985
334062
396860
631621
149320
125989
950672
683981
95931
461532
810159
226608
721580
407729
49369
911965
830270
530894
100023
64899
53039
825517
643803
183699
125656
332120
432145
705710
497134
329122
942045
499356
709080
677178
200028
494597
464690
547493
659738
778900
340569
365816
712374
725515
487586
873402
145308
652580
483464
720890
889744
159072
122805
586897
20933
213889
789686
537162
297701
271347
323673
492803
570079
576812
339633
253661
524038
536900
141003
562496
335898
213146
700341
703248
58982
446859
898940
573493
927848
280624
7171
145563
255438
205623
70013
469408
681507
591008
683185
241407
627655
130863
129169
503681
9883
274340
561905
725195
53719
998605
523049
442456
46501
333764
100011
781116
33988
671576
649186
357327
673895
639594
727261
706948
591555
423673
255223
477787
224188
773661
314392
240626
868246
595082
211437
486006
614921
810366
389957
792551
992987
585579
828545
421708
909094
72641
234697
314308
573057
684613
925463
438322
96349
475613
429450
139132
81781
319363
589837
751556
973974
192370
384307
335322
505708
497358
394596
350590
617402
901851
172697
376001
200877
66665
156791
855114
534220
824018
828243
461963
617222
920104
24367
122060
881565
913993
713581
118080
612468
723854
185952
161084
110862
74457
890543
260697
700923
882093
958993
360804
630100
104701
28647
164765
594680
481312
157267
883202
26290
582700
554927
15920
451909
955630
477614
253824
227661
221207
367397
178272
159829
535926
105779
893047
709968
525107
974454
745152
682188
366652
393137
21460
401425
867017
719846
524544
793054
646220
729800
489570
998199
16664
98805
246392
551931
50262
224710
640420
57089
842032
882433
250580
946628
268844
307711
597701
382662
125029
663327
574501
23729
710674
232647
737474
19619
818363
324015
673590
961083
145824
318209
170751
239527
58755
806819
855236
289748
6748
693202
949766
809299
893460
119287
657082
997062
180515
424279
812211
884813
629758
712141
597478
341275
357928
640118
90058
253022
549258
296947
700825
24338
500124
938945
625389
796106
450022
231411
475954
516379
837780
879066
348050
248936
394707
719057
497616
254590
539466
497312
881349
415249
820858
875084
979370
196100
9746
147527
261230
145773
420998
104217
57971
652702
937579
338602
665015
712752
969737
571973
246499
184588
253288
108252
495014
855165
594781
327179
320773
917795
19465
773107
671615
303259
883621
273838
671793
469260
65671
806957
812546
9638
259918
211704
937491
475753
6372
278715
65082
675908
539948
798125
748424
336220
569862
60093
115081
180507
180442
942512
19564
972803
173062
473699
772835
102335
987470
422966
113946
804999
579867
34187
830033
7068
987875
495696
99802
468007
344866
189788
822658
833591
696363
602921
866009
60689
895662
919493
325988
479525
526792
759456
33495
766868
568751
313830
193015
335531
11648
364091
663838
832115
738432
380909
601891
979938
568141
382955
875717
536624
259785
641060
415943
687052
396226
201585
20087
901140
3254
996192
526903
563223
203648
461983
15483
284278
458682
566192
970214
388390
922354
426619
333304
299832
850005
781058
107494
193124
422768
278303
840947
226183
330141
232414
882880
957937
425272
858255
472665
879217
158992
51675
336025
567588
356261
780809
480634
205254
577672
613828
968380
823687
94487
582765
472664
984798
993211
180270
74097
335527
982354
389958
72984
243249
365335
659431
256410
334582
993321
797238
155080
641591
158039
276144
908710
218873
326318
111911
474107
754396
438831
14125
562336
557744
912876
907062
865833
647340
991980
697616
23388
449629
549079
98890
627920
61621
843849
597942
62454
186446
6748
303287
6047
395505
362916
389075
50873
305776
52442
274605
332985
915213
249104
753456
593904
422560
957296
706764
76391
503007
551
146079
833317
880889
888228
411580
37160
67119
275405
512653
3505
826191
422648
255795
522815
436085
339475
525829
277391
95240
955897
159565
506238
470601
412865
421696
230175
347800
807435
418229
598014
128924
999380
288091
971463
655930
35334
520589
671309
97117
409093
401810
97726
666069
171775
24284
556755
463442
792556
816167
531014
111931
479215
134463
986974
454262
926548
249258
667678
603274
544017
828975
67710
504452
732457
522277
800722
738432
385284
606098
121674
23992
395862
89379
97371
584289
90268
799590
338853
653876
782670
190803
804364
77200
958378
321139
290151
23048
295064
704027
653714
369868
128233
238528
619064
529220
966518
269100
372136
481630
620086
917315
294200
737433
244869
213999
467630
994908
962496
962895
179552
10662
336189
50456
544487
752232
966804
203880
653361
217398
936475
349270
757508
815241
919863
880023
404058
599847
139409
56749
839841
929213
110202
968231
269510
640272
949294
99342
194388
535867
260398
299350
880911
514200
245412
680897
128701
19903
703851
211860
512884
264890
291874
411219
15059
226174
339613
951924
969778
249084
857948
55
378155
750929
223928
616489
596433
760219
23334
303260
885767
187017
226344
258899
761119
641334
351766
382401
656709
298614
486060
375472
766889
9775
815969
6060
712030
333481
40625
768682
435102
142757
542937
57451
407314
591869
169844
408344
458365
478396
894775
35343
934918
6538
433819
626879
912992
242343
540899
437124
288640
291958
568702
761271
468734
509872
698924
141995
593283
131724
94470
268507
430797
364850
2904
896968
531394
449523
372133
353450
213951
544958
152824
451769
900606
842500
937139
534143
102987
842300
172299
875348
683803
327160
61613
168359
197117
743433
587471
191414
465474
52910
885871
93512
373327
519137
537145
235092
366171
347044
372415
681335
725467
184696
246351
256425
584798
170419
696367
527809
820740
401582
943819
980167
619226
823218
107061
266550
464126
984373
850602
710699
598502
680540
759118
511045
222139
365407
558621
327459
296542
405077
134543
43153
875693
945374
475011
887172
690348
755112
182833
382473
628706
641600
112298
378095
270331
461457
503074
559864
551895
48411
772559
275471
783240
705810
760066
140015
764304
251121
592470
352978
725647
129093
821550
378679
107466
157589
622344
159467
600744
912028
48558
522071
900579
911427
705080
527120
90588
52569
902390
278726
290850
307235
441845
964217
602100
25389
598748
415019
506290
565261
245977
587601
688042
644987
597185
29378
517005
276639
597159
218428
748847
772868
208879
135710
16485
739461
870301
616783
909347
950236
242243
422638
401360
326427
243082
546725
708498
354741
210504
640392
377615
299513
956326
588042
615202
655233
125486
779963
34506
392511
505782
371636
418370
199068
140977
371094
444305
584591
488217
241049
164576
382840
935787
13432
18292
119062
32835
944335
4890
299588
33947
374025
165669
314740
358034
797371
733331
453831
738423
630627
762999
277623
974319
559119
167588
494851
134701
35910
568357
692320
751691
769131
622226
823889
608950
851506
942740
161946
443214
990974
43741
171613
509710
206259
183575
380150
172201
151440
477072
795251
509882
186212
388054
353916
953835
629331
802281
469875
814926
114923
469181
128436
233902
931395
971169
668503
931788
739608
519851
292641
964448
412003
743000
968059
205175
727824
915271
240058
161554
490832
690593
241783
990973
68862
612932
989560
281602
599653
603466
962962
564344
167011
881940
346494
95803
738529
545987
506002
230043
614731
628413
739921
64239
853331
982802
30673
477088
594281
944962
19968
677801
471508
602260
349043
817003
304122
375249
642828
100616
242141
386155
49527
34056
664310
774293
95859
836657
408059
20868
436179
409812
666412
236001
509626
195276
105022
198031
90912
167603
382131
222495
560408
7780
955675
492499
616975
542463
585632
174966
492021
373092
7090
658625
386428
330154
408170
50520
937133
627005
152620
3174
42748
23589
306674
903695
166799
159297
827779
329117
143703
310090
392228
270883
840315
612669
317962
443658
296388
709860
77958
652148
783867
893895
521098
694875
972904
530782
857580
748198
352050
236459
3552
796249
796649
181419
65099
697170
996402
474103
906309
387864
864959
153893
516826
732018
600066
377522
410943
809648
460909
675782
475936
84958
569033
264880
369194
824694
816302
579894
847825
425505
969323
60605
570048
974220
35859
84809
971278
799690
274243
55999
267884
202474
819249
112564
539973
566076
632845
957054
832737
475863
784539
314278
443172
968154
392733
601356
423493
837587
924174
669897
317902
504855
724369
500543
635622
27909
448917
992995
583887
828498
156188
729427
978973
247562
498099
111625
846118
117955
329521
473729
781857
368220
721474
727051
741292
547739
883150
111961
836533
864074
280292
980503
51213
293876
780482
396603
465337
954317
126364
385423
30963
189257
584579
560839
855285
152525
480764
646000
954160
314784
878229
357300
334641
501281
973747
266631
469345
785898
78222
496372
361380
784130
783229
254740
403896
518389
431184
858604
428864
265306
165375
358484
812015
826419
207441
894653
579710
491288
960703
696926
338959
483549
770131
540578
817449
458043
691644
885663
495723
678517
417056
830138
499542
608050
153158
569421
26545
368814
986473
705453
722284
50108
278824
769165
2265
310740
521423
190693
836896
209916
195594
68900
937260
780246
57189
104004
716691
365634
24524
518589
365184
208040
733755
814832
173420
664236
500049
637876
174801
287363
823696
661501
457046
43357
246985
981914
668064
536153
951178
148303
15691
575038
46181
473822
348207
427631
386962
253167
744037
981734
150698
219547
729335
984314
556903
752774
781315
838631
988757
620377
620887
545849
38946
140634
192604
678960
509840
723728
375100
508843
368555
793757
478027
238819
765931
424906
839456
134938
937138
126129
46995
330866
463608
738137
708921
944476
189712
908180
916752
295236
516349
998269
206609
36466
382012
389187
635539
955853
61681
372071
736229
538942
82644
483769
757562
223571
335380
22822
48822
462130
243238
394472
390416
951370
137813
303050
243583
252576
993815
85474
357305
531885
442462
571260
510765
903648
312319
81496
324745
858390
769151
866150
725774
810205
172978
822201
26463
295457
516527
572196
948658
406270
73743
504344
356699
172014
187575
791495
829594
725168
936165
401309
510722
824209
38895
912563
244000
216305
664013
672206
14565
732799
48380
227300
476168
137917
960617
211117
884007
368342
681566
831305
307775
876327
42776
391762
793168
258195
74042
237004
954010
564356
936330
83008
621676
666089
912766
763114
22188
929167
873628
304021
225298
355505
803399
979639
527998
71201
687292
473419
483863
835854
330972
4137
233150
519085
133543
392036
383304
457863
106077
61464
632058
548968
925860
300981
584137
521681
108767
393347
484822
219720
127018
43844
531118
152729
695733
505463
802268
370095
735083
519401
437265
380989
279812
704862
818512
573190
888279
170684
704873
948700
24580
46976
81204
604073
101735
295109
533835
444364
18841
520001
504164
703149
83555
548857
829211
133542
243079
287413
175207
263498
486173
671889
726122
130760
950377
915620
746514
86283
479033
924650
503947
450610
797558
716106
983389
412350
914969
290680
46683
732357
868918
637118
549005
931658
985851
581642
81663
483122
213374
641659
691763
431594
933973
491162
494216
232992
858948
140419
102105
977606
504856
576501
82387
937502
517562
684855
474551
811207
153947
949345
683594
173524
814619
905768
894353
2606
973059
131838
386520
823665
426238
832468
513453
424431
125043
366246
505886
380298
339353
15746
816081
453898
349163
275535
929379
872223
676479
209152
826302
719244
797074
354394
241647
865058
489709
670928
222916
44664
139868
908201
302983
263892
119246
234150
653622
789927
871412
632664
305735
285893
366041
359460
177502
255306
538714
106021
372807
633532
603606
406488
292523
534023
707952
158743
572408
625558
432515
828203
569533
682240
370245
327349
260905
62309
89105
942371
430943
883798
338342
32355
612005
134858
652259
502509
833716
951575
580726
306806
985772
597141
39834
641571
53992
160546
286495
314523
629065
533625
808553
786223
160633
480456
793104
315425
8688
606065
65323
193748
951336
146459
616007
8351
370658
785583
190169
845175
959135
617555
857169
256732
633343
758056
11552
216701
344994
998696
582339
400016
933320
803884
992677
801470
34213
569879
113677
973820
243453
13411
499399
915429
235819
177041
945652
812462
105972
688098
459244
803987
923989
336297
191217
85433
267133
140890
12056
392416
257673
374423
209074
887311
845879
949741
413141
339830
559991
397248
743464
764840
406627
980030
682769
741063
150679
910559
141661
221696
689514
153794
325319
672940
920041
247099
881591
503564
926185
372316
415331
256462
750048
812280
1915
933614
617726
891632
415968
975363
774800
856316
765297
867028
814426
577056
625987
544012
372772
582032
380969
253244
499525
743067
955572
261781
455813
535151
708325
737440
276294
542919
252148
71727
322822
590830
653318
578779
666121
629407
331332
694473
645921
999599
646957
6180
32483
178717
677527
181313
366851
958341
160979
737090
188341
922175
883706
443391
692477
758054
952081
567554
747777
803683
533075
485123
349569
824233
172582
208668
76687
709017
285259
311341
158064
564360
700333
821053
718535
335917
155220
767437
738901
124553
73274
450494
661746
716306
688667
419736
718552
161609
789933
842831
956290
278853
571543
259077
758965
424253
760284
193456
406120
739532
11165
642768
631340
539675
319626
47648
238570
712138
663584
862764
492795
476526
97099
354756
8152
35868
859456
191126
711662
993221
446604
734112
558149
513341
747977
426787
768147
669033
913249
729739
810147
207459
643674
463786
669040
606475
348814
795166
113490
150838
751640
273311
654026
552688
406118
425961
334401
73533
432404
388406
539709
67219
690936
483622
403326
114499
302989
261712
563082
843630
188425
495913
972887
71547
166948
306489
846108
920474
318676
119772
21110
78420
891396
123925
796093
574032
101962
221988
80382
206552
913495
566232
640467
839731
605205
961246
505398
527571
644791
62166
382049
325525
594203
345629
929863
109540
746053
265472
741063
306135
86794
661921
965315
243279
520378
298520
389235
991699
215078
48421
406561
187435
955851
727576
289550
250892
38160
393150
121635
87802
34455
538239
511417
927874
924848
421722
614746
667106
278697
780933
962696
557037
17927
618713
615844
562389
858454
861738
620030
443406
414555
101161
519153
109106
417095
564302
276626
906565
408115
180528
103654
244864
587619
492612
64681
347180
97952
71470
792090
956117
811722
696777
541157
654853
277699
529634
466508
593592
219010
316247
671424
74807
947739
37350
542003
722431
724994
462299
658559
250736
779095
441999
132108
660418
108908
558854
390014
22343
821554
213184
396183
791275
416309
722075
761774
598382
25323
435482
326288
34767
30158
263496
556049
217460
970886
827240
571561
894788
120035
436923
386990
658971
857850
344055
412375
178184
351552
24473
861797
229550
949910
56865
596305
18031
700504
870179
698787
414559
690283
502215
640824
317478
233955
523564
665265
575220
832619
4670
411582
724692
189784
822422
291715
378595
699514
566883
572337
804673
421203
265342
37100
866536
974012
72510
557396
4951
621609
212143
363590
466292
535926
82494
593080
520051
317438
643395
868547
49089
420863
350602
612261
583547
330706
844913
358400
239109
724221
38400
646819
819891
485999
886582
7390
42222
287030
131955
934577
472067
594354
555735
571372
59872
43487
951240
106090
326531
290734
664629
531650
34079
765990
51496
464871
845813
385341
864205
802275
108366
412904
909221
217386
91812
195975
102196
113524
509404
910842
402143
217595
327627
154626
915557
660096
57265
35303
84017
317993
850428
65517
413721
111106
136699
346704
618596
687226
258685
566168
452373
682017
450387
807390
697775
712246
284482
313157
970154
870769
444823
262836
642301
181553
286960
296459
432584
606283
659809
77518
526262
727310
823913
374090
822026
53648
525483
626929
63047
228483
981128
713322
822156
308917
883156
870905
497049
464542
880027
902970
385244
398293
723706
676820
147230
745794
125813
236298
940595
608610
852515
858804
297231
622201
943470
434191
157260
165957
952215
497761
673485
166245
28862
668694
192516
489512
382333
856274
193911
623183
756701
277057
261242
406968
64911
113103
387334
24283
897655
677556
294119
119631
19825
58744
940573
727101
376775
855397
286571
244647
609918
980204
86434
63207
592920
875396
674034
304662
619259
710335
4711
512910
134647
535626
162719
256310
839074
650722
460381
15137
450595
665345
410361
620921
569450
844137
840851
613849
989169
878560
485517
33275
140961
290747
577935
807817
605000
912046
167348
976647
529383
402345
857495
328004
403526
581795
242864
516294
983360
789123
157576
569957
82490
859135
165807
638241
658652
574913
578404
465047
459056
685174
361835
929629
658937
559847
181064
424612
651100
902955
356052
348046
548932
817266
803303
162998
115716
132774
405915
294026
267079
315635
484031
444788
757146
853812
244668
172329
802377
880549
450998
553461
672494
614035
250406
779858
585402
981553
415751
445886
194348
348011
308655
952175
117007
109521
576695
294840
683693
311831
291176
57985
234028
545261
56238
767715
5519
176836
526801
896985
673057
992013
305912
582154
344033
22100
376687
986375
514678
354987
333031
453437
412227
226726
804017
877272
905078
334844
853894
34716
703350
359481
983908
431799
20107
194267
409620
58412
883954
422259
279693
334705
139090
545101
539532
163050
397029
73769
926937
926419
853653
76052
509430
242518
398163
67098
612522
537615
883204
180504
765265
691644
118966
619806
959509
862998
968658
45862
788350
979560
316078
280564
400284
738726
513429
317621
866889
324144
490475
60906
921517
752436
774757
801679
872398
64334
972925
3878
294793
732066
486707
269477
930343
321013
68307
786314
330073
173102
766712
373906
878275
68193
386340
65232
709959
789202
897001
416538
146398
756342
44038
548700
276318
862103
517039
480005
582810
706531
720585
774630
683760
769554
686529
489284
926257
357391
868857
596275
801891
53448
511145
601986
220883
962818
91984
938803
116938
812584
733534
721984
778815
695876
406132
300578
272653
280828
363150
122801
478819
756816
159360
197316
678974
976770
506189
407873
87511
886124
49984
335741
462298
634623
440914
955419
349595
740265
596523
674245
7560
606122
641148
242830
680218
834542
377885
792871
26419
929293
206837
657455
472579
69162
760219
168445
903706
392758
353720
993868
977835
902533
525719
961668
879360
96054
130449
706337
744725
482186
859597
189708
218583
282189
761235
616356
614222
849086
127802
944422
273675
800237
373146
837970
682559
274671
309867
274490
439481
289265
608826
169325
357112
66552
911276
765813
738463
962988
179872
948166
835725
872665
283570
714694
374116
194470
326122
294687
252676
219186
807578
423979
178026
617403
505051
705681
417862
999223
780343
437783
885444
793592
410102
83210
280290
99199
993211
377715
724042
441515
52599
754719
541470
513654
879036
167196
697106
257507
225139
723041
583093
655526
786328
201805
755159
419825
251109
245164
722154
104173
229038
724505
780557
321724
363270
111619
710197
947797
104070
550510
220936
623717
780933
366310
531752
137692
93081
262590
332614
222426
880856
317677
107682
974144
198042
485863
60795
118691
527444
64776
856720
786692
178981
928865
17651
511105
245895
971913
813503
824331
87308
650947
752657
566291
669648
48894
895654
958747
102123
60452
472908
409381
973973
641882
305884
102265
449986
259590
336882
748096
602012
259816
599249
97036
94069
48171
405312
564520
231102
903098
596144
495001
747833
291761
524418
953526
593013
182194
956599
378164
247309
535497
188283
763096
66379
110018
587089
845270
97280
541260
601881
583485
269724
238508
698420
803244
365600
343684
814367
101433
503736
513830
385720
89714
151432
490467
205674
482658
214134
846536
95202
993830
324747
484011
203845
598478
404799
154565
555592
472321
131414
697303
56439
329800
310458
519716
743965
505829
541478
424747
856244
937355
337223
643096
866538
324354
966551
882863
469791
595281
903156
376583
950898
849524
965513
22203
974291
967848
617370
226263
460955
225083
842285
110855
956635
116218
851766
849254
775482
813918
8275
447508
779475
193324
816487
72019
34592
739735
368936
477852
337049
702529
845647
544241
889123
484900
817752
827305
530474
483165
477419
612669
119748
265307
250631
239201
661740
542333
919979
901264
747348
265817
364593
892350
139210
350475
183183
519827
33780
192557
497663
766059
628407
295134
7961
934680
633367
666166
498191
155750
165066
670779
775773
1493
384200
833530
558348
850954
416887
590803
228835
20964
837487
930907
435851
111232
214998
342978
590486
755266
260386
960479
434586
769183
484313
799822
964600
258727
819027
595845
357939
53885
496651
847415
544978
29301
246332
354225
270996
677422
552182
860029
497350
827873
255879
636608
2331
160236
225272
943914
333244
495360
467712
347936
33261
349624
380841
590871
18182
938903
662595
77567
789255
733946
797170
719932
202759
309080
575425
216036
385460
70179
791310
990019
625308
362288
56142
215421
609589
501264
622723
817402
505658
153004
733393
159791
362415
37210
183842
890993
717278
496080
895023
328037
156082
870303
361740
158192
103173
991006
746076
331455
386267
3276
460914
226834
912069
192033
685869
462944
971870
106758
184487
4655
928672
50119
772450
557431
390873
375963
530882
211095
142888
766447
989240
743777
221448
890546
441673
442614
836767
153180
75712
3086
413129
504635
68780
878097
411788
95063
703209
857887
630868
773320
545335
171764
265974
855356
806921
524328
562282
181553
569745
323268
5492
609075
526048
187518
115358
7066
173770
744290
983258
806107
93352
305367
889549
277613
242877
169474
47784
831733
581341
721313
540175
707899
823782
238662
740330
50400
923400
262388
679840
467176
897452
30463
248431
48726
123636
971666
687295
14167
576501
732619
529497
111650
828979
318856
338782
357364
320005
747297
520176
525785
662177
562385
409883
633351
105442
962008
143169
766831
92515
21414
23058
930970
728620
748342
154039
691115
977415
839747
637567
368726
447159
550890
11452
914288
418412
236080
413087
990442
781008
761422
564702
876873
671395
62214
984887
745235
705097
451146
802830
646860
940062
242933
360837
624943
460789
226344
678079
688004
71957
737420
855698
158519
509254
500205
604372
395794
39332
119485
781584
929980
923075
241501
602959
741898
283868
742713
457399
477939
452850
774479
259714
825425
598747
92146
914982
494262
920236
342643
396366
888245
146367
483381
778057
686824
436360
380271
232189
638926
955459
479001
389994
510929
129414
13110
682716
783657
66004
575098
431317
825743
532902
591961
554151
591554
453577
907480
255589
142372
209883
831891
695081
329217
904849
195981
532867
988099
409231
782958
59930
118330
527017
666391
655893
84095
116751
223814
68779
73276
106701
719348
320548
696409
534426
528124
568269
179293
708094
456767
336198
778202
499496
354028
466390
632009
228230
557048
391615
110522
234601
516227
482260
305584
883597
491654
368929
444909
752711
368471
969134
636360
11880
477820
737446
984974
945882
252728
494309
551505
902098
280080
353651
559386
336458
173772
61748
3516
141785
746645
39590
432443
492644
976416
55495
627
700954
64612
883758
756228
5575
957910
422090
351020
946345
887752
920287
915861
608488
540698
765596
769876
506884
528784
443227
135269
584055
526681
632230
567362
823685
508345
82602
811105
278675
415059
788216
973037
452326
458938
779032
310310
934741
631445
743576
434844
524666
424730
835070
558208
388509
756504
576205
126399
285295
284932
637534
26148
290118
66688
601537
142314
698940
207908
888784
40022
948527
582389
44533
357320
875191
697036
388690
958477
730806
203068
706909
275719
466634
168004
25107
290884
691371
152167
30800
393355
243175
634505
133586
332663
428592
515114
182771
846230
298087
378987
459345
957661
312249
596385
849699
252818
232768
317080
679130
20933
129992
759796
266318
926436
711535
505375
301853
982294
781788
382834
541635
805783
38461
37257
141593
984714
27770
520627
491268
619651
948876
581564
753034
303210
420175
936560
695851
363917
322987
815700
377734
660826
987090
144915
687892
883463
105490
158871
770820
598253
734771
776629
127991
601219
273002
737064
452388
87437
872385
581043
296050
310569
913955
167309
674303
340163
481141
193254
954216
286770
197724
331418
800466
24346
507714
627596
508065
754494
525064
913673
762164
793102
283891
303185
276741
87029
212361
404477
250631
87504
433557
509350
936221
944679
530554
47932
692787
278079
573918
447953
742619
394906
147311
921559
524429
766469
460612
685365
99696
547992
912489
26281
735381
884035
835853
769446
65099
372725
962375
464736
509091
647435
532486
129607
934219
178961
512682
531377
888574
80040
935765
870611
990209
794399
366345
526500
558492
498360
811987
473984
415266
143901
10635
40575
489604
853622
946552
412396
529218
914124
272708
36981
123022
49019
636386
687598
491715
737515
388701
248446
977852
346902
356418
388562
680676
889087
312820
126930
441917
634042
957959
130188
870809
