547968
514801
931360
599971
625114
427849
630669
472404
793527
762829
421106
94674
95278
198231
616705
580228
102554
134300
327367
502877
411962
706391
291447
455650
916711
550437
56834
165769
938327
115329
220544
663450
788376
572536
695591
787802
762192
436682
529992
39645
829137
440506
370751
836304
658462
575136
208899
881376
8338
283199
504967
749203
421092
634215
830867
269182
477547
601851
545507
567838
106240
836522
99353
88518
183351
438462
668230
664523
759058
142972
21487
824764
376450
69969
37637
344837
136113
117151
214577
318629
670018
349422
5979
712533
287908
698009
84464
409272
386121
571893
57609
699088
92761
73036
232007
887433
653718
908009
659647
645623
216688
53170
926913
485943
996806
544167
123267
673556
464202
244232
134090
433981
840538
244603
803655
361096
583415
908219
215105
626287
31321
954191
780163
111703
345689
289105
558427
220088
623353
286912
649271
409833
707524
521706
603439
424160
245343
885200
991767
79667
650537
601869
168882
506976
982218
111313
8655
932324
935587
546938
280838
830403
513675
747342
721736
275572
228784
539073
185052
273477
375847
397519
766712
550147
175170
949103
407691
13060
549224
495734
317172
514807
129174
578101
158453
882322
930435
924221
731080
960646
126252
664595
386662
200175
80441
512510
882938
856830
347838
961591
54725
875463
755560
974234
384655
423826
480360
920371
481667
207965
384258
337709
591121
315255
217439
451068
135757
27154
593091
805156
28365
445903
762127
854607
824167
657310
350339
660586
827064
695870
229731
236719
441141
826355
579614
198984
183801
25174
126230
455519
457174
522513
908069
298248
622720
226444
249808
875795
512414
666926
854031
233359
377051
520672
729250
928089
53316
933777
530706
440320
351817
887425
112774
449821
777885
177313
51195
47478
574965
297291
883248
343279
44481
23526
118438
612827
558957
654117
550305
914355
416957
420126
518392
910132
936319
814344
316634
218920
792286
548141
470922
855414
963864
668805
81787
970594
323002
85233
252144
276172
136951
207123
938421
811587
373886
785017
868960
36393
415334
442308
154307
816303
389992
883854
238355
169216
313055
875559
184166
466162
601147
809251
371440
895540
848847
396727
813331
988512
824474
848232
998648
199058
567182
802298
484176
931326
423711
919623
691975
473502
394735
135196
605721
451997
534091
457682
156893
316851
956564
499289
180354
54576
681870
760002
210899
669755
113611
426535
208849
16371
614301
813130
720644
993824
358646
652123
443578
555483
266768
96608
220946
230074
737700
307007
907056
256299
330567
713029
989476
44677
977748
582676
822993
694725
398237
673629
522484
634916
744920
379542
49766
840471
988743
441853
79798
280318
93408
891156
271799
621115
69037
950629
824452
459485
752194
608735
986911
600992
709766
672592
375459
986376
947853
166100
719408
34969
425758
832780
453294
584692
176037
644679
956272
327493
508330
530548
583683
322318
244038
128222
17414
704218
514985
489286
206916
871055
568047
951654
123153
719687
161418
6645
826270
180962
431984
83755
150464
821454
966016
356222
623770
499775
79895
163994
799636
211810
202893
205674
733099
455244
446092
818822
587426
545047
283251
803623
390371
179040
189127
657310
917501
629941
241651
63899
786992
615188
948831
831591
90470
766895
166223
258586
365812
424710
572020
685454
596844
211834
80871
448972
758900
531523
596844
615940
654432
623008
278097
375326
482395
595967
409856
764259
835279
125377
255271
762108
99865
184690
810744
875610
484405
97913
389286
997149
623646
159060
915571
555510
335126
600772
504892
662803
341820
785118
388372
910614
405703
664792
574574
508217
6631
933581
583296
666667
593973
310754
615634
307260
201946
625042
25876
447208
160564
835628
387245
425699
618131
12489
862851
916459
46288
455224
52929
215179
813021
243414
673177
425185
737781
657483
502073
251681
218535
231381
870028
49439
897255
586955
976012
969119
41447
764900
548141
659753
91992
170688
279647
91993
29359
882536
378519
922644
604885
403355
366376
27362
219465
212613
617872
363117
656748
12171
976161
107046
350861
981411
578801
285936
79222
957962
695226
928408
713282
369330
544235
201954
363392
666530
281679
794835
823801
485300
688951
967899
963003
94132
651815
737460
439779
530823
940538
358446
812875
919091
684857
130655
280444
924183
382446
433566
738073
100674
714071
831982
321348
290116
22369
818840
191413
467519
759997
561636
880375
996727
964847
587744
349642
138296
629765
684813
891301
245755
936925
792269
797073
959380
212902
669469
462279
652271
995209
371414
910396
32491
900012
680099
402724
996178
472775
977949
96691
704133
496929
350762
503889
856842
296140
26178
204686
69955
374354
468548
390648
130579
476426
149578
511642
119548
883464
710951
172691
24639
602499
838470
851320
571857
824027
109990
847177
639180
668896
917819
486022
700990
674482
410417
43587
3628
608322
840133
917517
735535
665621
134802
885437
354432
754718
713447
616026
718756
682831
55051
556647
317016
983375
510252
92363
178810
47184
44036
500802
885810
265873
445707
439192
818655
357232
99573
3244
137233
846622
724245
942911
316553
24840
217377
240758
126899
383801
292662
140591
607974
956409
211180
577142
444137
236489
173190
761310
871586
205599
152486
925982
213842
554296
569192
955872
637957
120092
743565
852532
660466
58318
692358
768682
585355
474589
229127
301048
262396
194345
133577
881481
843395
446936
769980
936475
438331
930859
537709
58257
110947
827917
132315
807425
837722
411620
997575
846267
925514
440225
46165
84985
289384
632110
139372
97315
277704
31997
420471
861432
216149
937479
488585
219473
950006
814250
824659
456999
578714
116328
210847
210170
741598
352945
354951
767316
266985
629272
981686
149879
453756
772718
21333
178928
200102
358521
895800
962906
759502
908004
283144
364787
36775
252402
437047
303881
594448
675710
214191
916799
106647
283430
773237
582167
84566
337675
512563
325603
160647
229874
477983
284052
159963
871196
868068
865674
655115
880712
137984
367042
284136
553913
773564
543049
956110
986244
861670
220454
271685
970113
217309
406434
785268
700625
758892
73327
281866
86542
560152
694503
985345
115697
161966
523499
69355
864451
968818
745649
622303
4262
214053
730061
333989
254728
60329
478421
112371
744224
735020
627170
633387
323556
644954
865536
111756
998574
931370
29627
497216
649242
692073
500355
974433
86414
776774
258933
484974
448218
488614
170994
747902
203546
124340
531524
245839
426810
532776
914666
727669
417395
105694
661784
289699
561319
105792
183694
901828
645585
276127
828475
305424
209619
638648
581267
862421
711077
621279
896382
372012
261341
242273
590327
908103
734302
118578
694747
77842
830403
465071
216152
184267
439536
138760
813219
920627
492211
670683
985476
295804
119767
842937
286698
434426
534754
293028
216194
834948
402088
558181
191594
431805
531273
83998
382177
643985
675950
466231
938022
672427
298449
635554
882639
688592
847550
462281
697973
257365
478944
1617
167526
53625
381879
744534
49849
259787
114883
30478
122350
159018
202162
943533
140852
926970
865312
329752
30612
232973
689999
842008
362607
633065
289471
447547
157675
407863
282745
295355
174026
124224
637142
411852
74598
847826
708689
954416
161917
865488
992040
293216
65820
498621
262098
501766
894735
948559
514674
708469
504082
764714
690465
590961
412608
812496
297092
745805
562770
285389
729934
730965
135836
880318
860939
317516
470118
194326
268595
283271
10475
120710
531304
789668
248207
665811
80712
865593
683632
944311
366115
960470
105234
50019
469776
232469
49069
225477
284150
197609
412500
748729
36935
987277
327861
695141
186115
652587
187557
45070
359914
55515
937204
591604
967505
719922
221326
423491
738045
332369
9174
458066
527954
732440
46286
566400
29172
329644
569426
821247
872981
7878
725831
9025
237477
82614
799614
128476
387583
217273
110146
755379
249325
540418
468650
37848
17273
502333
818033
364091
536478
655561
337761
483138
223592
613348
777541
654315
430495
239113
485240
340624
955823
3868
709729
515267
618546
410300
677601
883388
358782
210562
211782
905275
964743
150685
704570
27367
343608
131080
816274
825784
289344
992954
115210
505445
115276
28336
106538
932654
188911
273420
574816
324350
795169
496778
776144
318975
527578
813330
882291
921069
229763
368605
671038
844285
621960
941023
682844
578748
236505
550033
313164
566721
996995
344192
936866
558004
45528
414541
205697
304317
996166
231768
824246
122179
510700
95820
834637
836301
581186
277703
455101
388219
685483
367825
445857
972904
168577
657898
580882
56451
720504
64858
641173
160423
250193
181335
200818
62514
53490
881691
322763
747182
19164
840584
814596
134477
900371
610023
684998
450413
379738
44643
381526
262542
310728
873420
162075
913130
174999
268362
98282
698485
891576
669985
409324
74246
841134
487026
800442
377029
858676
743923
536045
578536
557632
752552
974619
142866
272191
760753
547749
840198
99588
419749
997507
864868
88585
215136
787945
638908
510510
657481
256080
468461
990246
681256
22481
625918
69913
289575
740521
713821
321310
572459
136851
461258
363283
382629
403297
985365
657021
352396
580103
150785
492867
347285
824528
824000
444728
597796
244730
731666
117962
716892
570233
924278
901042
362389
6555
97676
106615
414088
513040
626939
9840
136720
866984
557823
934709
14715
181645
4799
496158
819606
77855
266107
721887
260178
886435
141457
141502
467145
158804
47701
786426
997633
688049
680018
948385
404860
499525
886538
999253
689319
23139
914112
30246
272237
821452
29347
930628
368728
651535
859521
287180
843553
226960
971316
619690
816543
118679
779382
557368
840399
8959
773167
214406
961502
559179
728553
294445
502968
766180
621679
751911
768327
111265
405901
751093
559714
106341
757886
485541
778402
749311
3804
713405
703274
753611
472379
108807
609954
395609
550993
794947
817273
944731
934511
240123
482797
988762
102270
650545
5697
640982
77546
129554
424830
447041
941374
336731
126404
994130
448409
857003
878501
628173
84157
674832
842751
966415
514729
889168
545539
575212
678394
185144
705679
88773
518435
954010
861097
976576
143693
477519
230197
605565
994582
207791
817441
283266
795173
855357
867155
329445
981494
837619
818959
205344
293265
843996
715929
558319
18703
505309
406933
12269
792914
171246
829902
574488
737989
864025
76966
929149
687256
724436
710667
585023
379610
565804
309906
331776
481673
757626
915138
452216
172530
406692
623857
208150
88611
53197
155001
821834
161856
837476
654324
854716
908080
96722
73757
856521
572887
31713
312327
818717
835380
111965
405336
292186
396727
59534
477970
677252
811394
907964
542622
589405
34339
437628
149764
696340
207826
997024
957648
657523
655233
952994
946831
315531
710823
904636
826221
260106
457904
5756
82460
666231
554461
698587
325309
206008
509772
496632
501547
537617
266237
40607
425474
591946
42218
908455
742328
310703
690936
585872
265584
74979
35963
109745
834452
550433
807399
555529
266618
754666
721317
392947
165884
286528
512974
572634
462548
838302
531806
553554
580625
852461
464429
505357
187419
339407
19212
197766
326643
404526
454054
740661
197451
395424
592174
817843
871991
226444
172343
481640
810561
99945
559386
814022
72700
561619
415945
891334
750942
9735
964541
901071
852830
236912
650392
961396
474355
179722
93318
462047
35343
719842
393301
23154
691817
861325
339819
899939
368421
623115
669588
939791
144137
746434
598423
55237
562110
255697
466495
696000
85974
805217
755978
297563
800941
642003
823274
664459
461237
157102
460104
484205
229483
176431
984155
376501
645136
531807
74076
574862
754810
117002
947830
975465
311423
289768
223872
125949
876582
772697
560545
423673
670954
67758
692555
69169
884356
739515
799783
133505
186710
702469
162641
988359
788201
194083
511250
304891
405454
288181
774263
735173
839757
875191
610698
823934
388344
23711
802712
367940
772106
847502
542127
905847
980876
577770
562889
624331
697679
269646
951919
76101
747723
349835
494518
453495
73527
626889
978032
690896
54639
20310
160012
21166
93803
896155
527646
882165
959043
496496
898150
232271
853059
884787
790233
63865
366740
343664
998169
767903
719319
898500
917588
380838
232680
906031
390494
512032
151980
69636
912303
537827
584673
494557
475065
856645
215710
211728
23935
32737
820710
234016
278295
362573
350772
106217
532053
242019
760175
31031
326166
14233
428880
843321
432202
724892
883441
539009
94485
517806
470633
49977
155198
585762
996956
26580
463496
674611
995675
856175
419752
950387
936277
658424
824391
944160
808423
507923
702775
470152
324677
391292
91380
210116
410013
43494
610673
98900
320879
177258
857923
25781
53531
926577
341664
314795
879810
417611
977883
998945
9912
595885
359822
486599
121815
420771
98051
66602
842497
668761
58
819458
609001
988820
162452
252508
136102
587521
695796
418309
791771
858986
620477
284555
996521
140457
556636
479311
44095
609750
265319
980074
151647
58763
913163
812424
268539
732850
983107
420604
93956
258186
685920
430321
42216
91354
467150
616058
192505
369527
252895
688575
759938
955243
9944
91739
666400
197132
343705
865483
339905
121865
579041
94478
135284
263864
619740
590504
839090
741288
281415
870841
958146
176861
165204
291429
92054
588692
444211
849062
878572
636246
634819
407669
654304
399507
390851
893329
404076
144180
554090
533440
741598
302461
179558
576447
298339
384352
472590
247643
827124
832607
383460
237089
643094
744094
327665
135732
960299
894905
662838
178929
556325
925178
479815
908813
593240
181045
869419
251555
952875
203979
667342
419742
709282
744902
124229
282379
671072
612615
980138
945722
61131
972147
377377
756691
222120
698573
452908
244914
374408
949675
136197
296473
146936
248567
12381
408099
414653
705977
777123
935386
896137
276885
189886
990708
912055
154531
118063
30136
782492
185774
743064
275505
281935
566585
816588
327021
891851
807353
973520
654876
534511
127851
683482
123105
183814
562150
738058
751971
983557
309096
802767
233448
158293
364371
396297
589767
506045
994926
692917
174788
592414
377776
240374
407995
681714
916459
372236
48803
816834
671417
38615
142148
395720
929959
681941
546057
86445
600193
355114
167296
800946
403360
308958
728767
947838
829353
360394
123738
836317
862172
475114
456249
149990
801938
101202
484570
730737
545091
951745
851933
541007
182010
636247
504246
362506
321699
917243
660253
448135
711177
56548
957187
5704
956515
49138
639885
185521
693872
206672
765619
387651
485796
631099
262438
549107
269151
228325
427082
431449
297267
484920
361941
832279
482063
9330
702813
282901
805931
785505
521169
683941
950697
612742
57789
657330
51218
341424
328844
114260
901629
98301
156916
492291
725440
771222
416042
769395
296862
36040
19884
65779
577272
812233
336783
212668
284367
783287
268660
705946
383034
48251
163170
822250
145545
914484
407059
407061
79860
203078
997723
517286
498486
319664
755651
403732
258346
574213
176205
20838
194549
915197
818057
936931
433270
708113
358896
738487
163748
449140
356512
305605
470926
892918
655917
261496
598511
674216
930508
578502
796415
760130
778272
150895
780417
436914
135827
283318
825923
488351
124425
446236
859362
472683
699536
715024
442012
866121
657234
526774
387672
21993
972554
131673
18628
799746
732812
799943
467195
779786
316416
94362
444009
849449
709366
340548
832475
924231
989588
702152
484623
822478
134387
292282
410058
369592
375150
447537
902967
6893
878729
876037
351682
240504
177453
530440
448109
374973
123539
956844
420032
546302
422363
569516
674697
865815
115544
293259
405136
119746
593308
373435
183350
347090
413909
43630
730229
265428
411616
243564
983159
935067
438738
90438
270194
287147
428818
831553
22059
60796
761327
530501
404259
900458
26906
959520
394477
708693
565222
710273
690723
531531
149754
124205
202090
136493
443507
814933
857480
477407
19665
949830
706229
920603
250848
78909
548447
889273
411004
451880
362321
613170
344040
295066
626364
728078
15100
677960
892691
60914
701832
174125
72487
957994
35931
855958
783182
538689
640900
380971
233006
335439
977712
218250
208260
468380
237115
811046
516373
250071
848751
615969
89685
116662
735419
675639
828988
567628
454827
427690
322252
444184
574562
794487
782343
818267
236629
248357
957552
79270
25131
35893
164886
857947
45194
595069
177711
615960
569986
763802
644789
22572
808762
215760
945624
184357
383776
4593
94458
560374
231360
184730
461951
217269
876968
516841
496354
478627
459106
283856
784753
62990
398416
192732
565401
947460
865082
393740
305263
314778
233312
956104
755211
481933
935053
448837
818125
718732
6733
68304
399138
635927
915752
147853
531892
781573
287681
609912
962170
241467
886652
369987
717989
709566
77162
288637
448007
57937
588329
691453
679839
956861
604286
824120
886451
479195
365952
606715
141322
964437
724214
223195
901279
848439
342012
218357
485757
285542
355214
350691
775027
606814
111974
399294
135236
310931
259126
515964
29049
203070
247036
119248
130069
663188
335580
18221
545236
879275
107427
341392
102122
692870
124836
915338
32905
875792
135335
694071
352915
939953
935013
283414
242271
645917
168490
608011
977250
489828
706096
342460
470402
212998
862394
628828
534593
891879
696059
715454
504217
460419
830236
238340
828536
291159
196921
608254
734886
944344
988987
690916
387206
718009
60925
704358
48055
72953
29972
679770
639615
866182
893484
905064
285761
376198
378145
750679
234371
340184
65681
195101
344763
909436
234638
871137
778902
166862
709644
945981
16903
703001
204582
700751
556310
115211
830198
423093
429106
20921
739885
837234
651317
441755
140054
545293
861233
212963
946894
395340
265025
453631
247424
405464
81741
551872
676022
670338
945400
484479
208033
73273
498854
776450
366789
968612
891304
95952
625279
597261
74352
437950
608595
490458
368135
332436
787792
762537
858141
785493
483324
32536
689941
120733
534583
155479
379205
77650
133142
672231
494812
637893
81392
443178
565114
874152
29325
401519
5788
734581
653352
138037
612974
257671
835414
155448
650622
266822
560524
362182
902554
316771
1518
241174
307101
510446
680303
955657
648020
33432
872003
799052
587855
253742
360736
894970
86503
91561
113707
970411
777715
681329
463463
777758
47023
455938
345610
512905
299829
540468
284204
334351
846874
636881
506339
146924
390485
310478
191888
758661
225225
298604
432696
357412
774297
65907
771353
939673
388386
987984
947758
264815
840760
948681
14801
92916
554930
416249
602499
876473
32428
586223
742999
545605
753404
834402
788978
163825
464125
886947
829957
171835
832064
287957
874475
383974
96769
445982
682267
354951
838395
295728
599038
706452
824308
627869
494001
620948
159815
521976
826053
286632
842049
54111
861222
435388
216683
988401
450776
42889
474105
592549
456333
571899
215447
867351
165931
6312
712940
791660
375241
41016
513322
475505
68122
855230
397137
74330
163631
249435
931267
987756
604340
842733
716169
75735
552394
886051
49473
858949
406641
862503
312069
812599
140218
151758
611326
398056
362619
461530
422850
794157
558808
708481
305199
469844
251919
298654
226284
484487
948648
25076
539069
996688
447859
887135
622791
740440
278391
18032
77080
325654
249975
446939
445343
860424
894262
144737
301717
592749
151507
973889
865599
99362
496786
591218
682475
878664
576570
905837
183629
174992
513825
201222
799441
935250
546006
637189
819412
229086
808477
875498
197949
289318
852666
220265
14408
952879
432683
304604
282381
386483
961288
76030
150642
798457
418028
662294
26792
864159
912929
761847
756303
266184
38706
828036
848170
42369
910014
165884
992640
566485
495760
879540
548431
71868
298517
48026
672909
270375
59320
956176
118705
844732
377669
727216
882575
152360
379326
464969
553552
964770
947481
449457
294821
301251
889334
51387
556652
144587
720133
718083
993180
857626
681005
245534
112230
315157
726560
849634
236777
707981
949229
580356
844271
237824
471240
616753
312372
898738
618959
309878
383905
245602
529434
624619
419758
224108
661332
781476
985867
982162
627319
218730
374883
767137
29839
820220
73548
940661
686552
100
606044
519682
736531
265319
952876
857664
811038
180836
347778
282403
989238
284585
357720
655002
625648
283463
817722
400845
370938
259561
838312
18020
272480
47186
79263
762105
868403
693926
56113
885581
253025
155832
348582
55411
487683
569816
19502
596468
105399
892934
427038
295408
55848
617225
715599
137576
213435
174597
313290
89822
164864
53136
188453
609818
223786
279699
932944
562102
692406
712263
207616
835627
52065
375382
465412
32305
654281
65548
262704
584950
103298
820690
395544
413869
695980
505691
42891
553712
736209
987227
263914
379593
431525
655635
31252
543788
574240
457109
42110
576406
237699
157673
744529
924779
875674
433916
653970
2022
877994
223022
854444
521623
909963
90863
464770
380018
70888
945981
371195
786667
122427
62822
359406
220429
785668
261114
99754
546470
949912
706594
566167
839643
367037
485118
911563
978100
928319
201814
452172
578896
338145
994009
893498
751507
181167
554170
719581
233465
865746
328470
851319
112779
361391
991287
899652
283873
129545
203788
835405
512048
928832
151640
795420
340130
207924
979008
932689
49731
146701
927928
570610
392432
662006
915662
929828
523277
322132
956358
337160
640672
186968
706389
519084
166437
190937
946043
600058
660653
698495
20121
636996
876559
246170
859768
633819
464647
215244
408539
481611
751854
672202
889014
116502
656084
778321
43972
450377
135754
453891
441104
856616
974738
826076
471997
455099
894214
457046
566269
194009
333585
992951
417602
787590
482082
644236
950121
72432
834913
990250
183918
555419
519413
446326
444829
612255
966139
599036
291174
432447
145179
609942
600576
538571
921545
874599
137530
208722
361568
200788
85418
395736
952106
246738
974656
1028
415103
259476
312382
748624
46676
769095
587392
632204
334393
753149
529499
926533
267946
734358
429800
658994
470083
711625
807232
631408
364388
109236
735281
839089
542796
363111
880439
429144
444262
120953
997216
109009
811990
557703
517739
685613
433515
618146
402833
937678
126558
363346
653981
529329
861236
470289
425981
806618
199715
900728
783879
78262
761922
937473
331667
808504
992963
482765
151404
312611
449268
890403
994944
63830
450682
520597
916744
663084
480563
403933
764428
705891
462583
238716
984262
63532
814322
361492
435982
248295
632817
320765
144989
558166
49629
214833
570817
478317
916574
987332
620569
732331
623275
303519
34495
884561
52772
307814
343077
768858
615195
40383
194567
234826
101721
788829
998287
505518
275342
51828
232641
516995
148612
364663
989399
749931
514714
833383
519495
975128
317248
338023
824720
841314
994108
614741
171588
967867
840890
824293
532909
619427
412677
743322
411008
540172
146504
999461
702975
436949
536487
605949
811434
216108
103448
80362
107088
852599
128802
716945
484666
709064
882387
928152
466822
742898
712567
250096
495529
248916
910236
438076
950893
46502
30356
105339
130603
587194
679122
430374
13092
14184
559896
353915
295441
45435
114292
885905
456435
663002
418164
815756
270159
350697
409913
380616
704525
226127
607447
560539
691877
416073
459759
68484
821394
880321
410572
113899
990453
220220
766554
9405
573711
619438
152416
933084
653112
910793
360940
107086
771718
258808
619381
53055
489518
585164
195536
262297
100286
182396
439871
916761
230855
803118
740766
956322
616110
135461
872288
449824
142968
290740
17824
859092
222921
361285
459782
488862
527064
826074
618221
661410
43753
347201
533626
940351
374050
270878
25296
440091
859324
585018
178695
256565
945858
326349
465332
596010
821457
612927
602347
114426
507298
195568
678970
850124
997960
920456
628966
999253
414421
77726
946905
23511
911645
599501
458819
909331
19884
645533
955447
301433
197816
394240
496502
782012
44799
422305
361345
514647
344776
615898
292828
106495
689107
653963
870339
196276
620791
653690
810731
912216
259256
849608
956337
565593
216114
870685
941429
49765
673765
575280
750655
747641
642024
341203
226181
552537
546176
805197
481887
121927
405382
94794
207994
859693
870843
765670
47241
134197
797546
514558
479106
173434
118977
29762
202357
281633
833061
155654
582394
140048
771610
837429
868175
906142
663256
97467
594625
413415
642048
729094
203107
721625
301703
300101
540964
114336
143879
722035
304885
538745
598365
585772
52108
355627
504428
452124
54024
896046
154546
710765
139240
923849
290505
119340
11895
984039
721150
908363
524620
804774
568320
195281
433238
102464
244475
638688
337997
519508
145448
808954
680276
749650
461223
366461
514840
858119
491419
887061
948615
276421
267267
520348
939811
807283
614040
345869
718393
175443
440552
568990
29785
443081
875898
315867
636978
358972
52771
770259
798908
298961
975401
64858
906541
289266
957723
472676
526988
833338
548530
624775
302964
391429
965081
863855
167500
41719
172026
662187
326403
673105
387262
909599
578027
11344
637586
587127
1573
541340
409516
705594
747517
783113
538484
707312
882011
248964
674420
164536
659805
697100
359910
132893
80805
835366
511941
252952
272915
495869
150357
589790
197290
8676
478177
645784
164632
727238
757479
17982
607937
751675
695992
921269
159526
933833
634200
661117
798634
507660
362663
235505
113841
227278
117496
287676
511385
393374
870632
245061
706772
353425
284288
868986
305395
861329
886096
137836
836315
731241
891890
808846
977734
261053
967989
702156
989403
192628
998980
4312
445669
346488
561757
893697
916216
626933
894572
405082
234624
466220
352675
917672
989437
96597
768046
273124
512089
106764
574462
806082
664245
765932
166019
523700
828857
437378
996732
857758
492474
116330
472970
334559
303139
776247
881699
660928
806239
209003
249037
604989
260758
532433
163917
623669
981221
61596
325138
556972
623413
752145
106804
169076
77987
723847
566768
737239
179546
902015
440057
687771
305047
847472
695270
872319
841843
634182
731551
878858
107901
257520
896821
747710
957483
366777
71462
783050
290452
125434
817249
155896
897659
546867
760184
844943
97508
755384
44640
367914
509971
799295
848053
834096
532332
511481
212063
920708
300074
193411
691076
943084
378655
897485
852405
994555
451637
617916
835364
823856
467844
996506
883368
394830
324704
105618
421245
226871
422914
77919
783968
996291
54179
969810
923315
344264
281718
844532
740850
793164
814786
224182
27716
306700
982731
588568
726869
806339
702735
418684
646227
116669
254070
917018
122062
816284
896459
734564
652093
530289
991767
816983
661955
572802
649050
710212
886721
756189
558610
846018
881454
266804
420259
848700
415430
647929
172127
210550
685861
530349
657783
764833
55436
68759
260568
379669
60630
945508
347704
634316
910014
594933
869402
609562
933409
815730
630214
614387
792639
225629
483042
8554
106143
392342
883060
480120
505069
158473
103797
462425
227898
745776
266053
254255
814705
395128
613523
94322
42370
666959
983965
381527
593087
256974
480254
392560
832959
646124
973684
578980
676376
620702
132717
367087
658122
685547
849518
189801
847059
143674
699214
346411
346245
291866
531935
831778
500576
552933
368728
926416
447954
686242
250714
578254
184588
989739
528497
782318
585175
652845
660724
726911
801500
826564
743239
715919
501387
580286
389546
583883
478678
853075
52474
281869
584076
692754
174542
411472
787276
82981
358525
764387
85691
128222
940280
613440
122292
444980
355648
560030
384965
279599
430099
325901
664867
568838
795047
75083
87695
204872
951944
128761
882279
270196
547010
120236
834128
144947
546604
847550
964831
158318
922581
451217
97755
883097
294240
41959
288241
898394
150096
894542
698245
768981
138059
509089
689871
537383
751481
582595
615797
634717
492862
509293
147991
598911
453312
540607
858501
97459
392583
916115
808397
98282
124749
700750
943147
204443
767236
56167
174636
363168
484104
574918
530744
55877
29652
550263
919537
439221
687701
860759
928284
700229
511936
629322
954542
287552
279259
390979
828856
614156
267983
33729
358051
747110
569781
477452
105873
516062
596569
614462
387469
473691
614827
35771
47060
882538
834942
926762
447940
51064
576310
617319
483911
968225
689858
21408
697896
586008
706734
753660
532830
101339
92084
819578
377222
586648
981696
855391
801326
495869
509861
339348
459011
523620
263613
663390
130742
175563
975470
401627
175972
367792
195359
149472
456180
500898
570540
24647
738427
711869
23673
89971
602989
492518
831421
306130
392017
870403
994243
54522
938357
865051
210074
882363
12414
936573
659985
866524
834691
630382
710924
661445
900173
39107
469841
822656
343140
777463
452858
773184
920133
52210
154943
630611
184316
595423
498534
826114
599630
455121
97953
527901
557843
746521
772363
79023
927197
740156
427125
210850
224509
94934
899901
988349
267426
457094
15788
984863
122591
70700
158951
214257
129152
123120
603307
255607
218136
702644
859657
32756
574060
374916
57957
893883
640779
426977
640504
598126
344083
944963
807483
268201
568886
958161
798457
999443
753894
783591
615667
695548
951549
137715
768023
457962
965302
806105
449672
351382
902488
800438
225236
842696
144690
693800
48101
140331
810160
309002
536049
508619
219809
422498
812499
139531
218945
514176
363308
118015
677662
852962
142076
329203
387471
338914
271247
358729
519140
820449
622175
391186
917349
349594
66132
107205
421930
628173
360962
667373
817556
381607
485839
305832
457838
530527
502974
804107
149877
836795
14158
597293
670657
540936
509373
960412
141221
632399
69555
281086
777125
686241
827880
922231
592826
51012
745287
527516
119571
958525
61133
550109
556403
189813
851713
420326
207454
809280
299845
519369
851251
646988
797775
280743
238665
43324
656820
64878
170044
361273
902135
59437
333520
57957
770457
994907
209651
943724
992285
280572
987434
323081
369487
774369
955263
93678
16923
722940
787318
706423
36333
23799
625282
226452
394993
616585
576930
697640
596826
284520
103343
143669
451189
785493
227736
115139
428806
978123
105704
500209
452815
934407
279994
619572
606612
12316
405802
566003
513738
621480
421145
713072
658642
135643
291628
510012
847321
576003
241578
903901
91861
715215
304634
70662
953037
868335
108249
945601
933337
526208
145482
939086
795883
958985
246234
352113
432144
233280
900442
112119
335644
760956
310067
997535
560504
975486
132915
819699
217396
780993
877996
66762
852371
380062
579514
943075
984697
398505
151268
52476
606155
496640
624785
599218
33484
547330
906804
873316
101700
759166
272903
904152
581661
26245
422999
315778
508162
886722
527415
584236
831562
474999
656678
177629
853027
315571
975584
772169
963810
451787
836701
368667
485798
476605
613755
653257
898892
952617
735164
553167
453330
474535
521668
938336
112378
557640
856935
88116
839562
414328
931127
469584
233891
438325
834303
14151
668107
330980
460221
136431
51280
583107
283310
436225
948696
592238
921449
323550
629273
74935
464255
265969
781199
375161
861093
157765
534750
786297
642964
37518
21391
24126
421058
559608
878996
58776
985805
588234
105015
658624
466631
154418
97845
428112
92941
331861
454399
488559
294003
433806
414674
958572
170014
650492
832206
786545
680838
226588
567637
972268
927891
841691
713694
157865
397453
629735
231294
796243
961360
447535
822297
398001
22167
901828
490890
990862
392736
489756
444048
251961
789241
622776
692362
37649
756943
391601
729385
355104
635958
483570
430771
574452
838359
537857
695380
324143
652970
609590
652193
684933
238786
5150
363167
794744
613267
256689
667433
22011
703895
775795
815377
801855
214349
842150
330569
413878
640133
663322
874362
454054
717983
474067
310470
697195
10959
134123
78314
117251
518633
668177
708094
604599
18499
73496
870653
885100
307469
73682
987225
104885
914917
536534
100387
330003
454506
403020
724440
149450
83162
682457
933440
845689
654314
902043
333237
989018
152534
788557
194406
737429
444422
619474
849391
131760
674559
123419
883132
308919
549683
988911
47183
586493
585138
865435
178395
491132
796407
722653
591671
258385
310578
592233
117061
477899
500552
719912
711848
110487
255486
663089
827105
70598
947630
987539
530988
957768
289367
11019
987502
645765
141695
744726
250964
657543
100969
769153
78547
61311
172921
158400
965682
345734
233318
957038
650493
817367
422532
993956
873075
51969
775026
438142
907739
314157
886277
783811
67624
952201
463015
926614
400775
309171
866869
41266
890177
224896
331104
429945
407832
185328
913106
132225
951143
136935
756220
877867
808694
576722
955078
175130
427915
801582
508800
69563
164048
904763
906580
12552
387168
63180
598806
909378
971535
826625
151548
149484
226869
651447
724160
298545
710233
485247
837219
445371
890305
4412
885884
219738
255408
237383
91265
815883
890931
645279
713052
342170
415864
48057
825269
483138
217833
284071
351609
956773
238065
808110
477591
277083
850836
959358
138843
371623
954782
201716
268690
926240
20711
251274
41070
609627
485666
413347
550570
25916
895001
444674
717376
504136
699335
964840
315541
941478
918340
184572
303322
979329
957446
758396
332934
75795
518490
869402
270112
629359
857328
932882
145701
402139
840853
392099
878378
136430
16206
395968
458870
807363
680965
608936
147267
843290
975916
645250
45708
673266
287035
711383
782012
659297
132090
103676
738467
227427
564171
103478
413123
560526
803384
644167
158320
783113
814419
537516
130467
52676
292485
675181
32385
177334
365971
960706
166515
83490
554550
861200
348284
939956
464020
474101
38052
367550
843209
121523
335836
610814
945105
394288
913222
945870
304509
315891
993525
332952
745750
612840
169417
730884
111965
815185
961408
583016
5306
965534
43587
704694
489558
448679
626430
708132
396320
88736
30175
682344
192082
603700
746293
170263
122810
724946
319915
23711
112077
518406
523226
346047
902504
975550
367805
105667
834030
857057
47708
169753
879475
330336
556786
324017
818460
24644
521967
493274
270669
11257
608262
189079
799103
35238
438031
977010
991058
489736
276249
204486
479399
127679
348388
284575
136099
589263
184349
855285
685343
441583
541324
451209
374576
133752
608322
492570
626891
84243
519909
65417
921354
814228
704113
35244
567465
960910
629870
919649
927948
770802
472531
658986
975201
433231
163292
633651
853352
43572
209635
652303
886367
887467
627572
82048
592678
632173
865960
813070
809359
205389
306706
852954
435019
534141
395815
128686
973468
954645
68805
516756
231636
780916
684165
336043
610755
387763
420373
162784
866758
895927
44610
589819
266975
615375
182714
532607
45521
609326
4015
856936
902554
48953
959328
226373
135832
187512
149169
690495
960552
62519
412530
466579
686800
499348
226574
914537
760234
642037
797489
144947
665621
648562
804925
444256
917771
561889
575178
339099
409691
540385
243414
921506
119117
628738
729635
910436
472792
791011
308032
202212
382459
709109
529162
284030
286196
338421
57803
510939
793279
977485
573209
990744
393188
855702
787612
601852
951580
964733
989357
494518
383284
689918
635512
910919
564747
614244
607727
131650
436436
330782
701486
419851
152911
439563
562350
591879
370708
800646
421846
820311
624128
397052
174518
494010
74946
626605
465930
905957
998458
366608
824586
305178
497521
932461
43243
120896
906615
468651
228806
415903
70506
118259
711344
452132
441581
128011
567826
619457
660225
745701
246935
702741
741598
224977
968261
694349
112440
675084
21738
22070
360761
712519
379909
39969
521790
73251
685606
599556
355460
70604
736671
39596
30135
92578
309288
417110
562502
144761
736357
956463
821123
722039
378367
142964
606389
350597
35771
667186
149945
316589
936950
69982
801483
77918
108132
550041
733336
99853
28656
746217
865345
531706
723609
535811
155842
754205
825081
956373
712310
638027
863786
228534
490119
665267
389003
476986
227168
839732
147510
744625
859991
365406
260603
781745
459
164176
474438
139414
625493
919770
902237
213265
109095
475837
802
603845
142968
360940
210605
975789
26675
614121
437106
932808
427711
541364
566719
624170
373098
678833
575898
185550
467756
592553
665045
319423
962276
575573
794504
417323
610272
191818
816208
250723
599660
981746
53077
433096
600562
148663
860302
979907
681715
826163
215374
852901
422318
707345
37337
22523
604084
2847
298961
76149
633178
569659
341168
674270
804016
776206
238745
473347
762541
266413
569510
559775
424456
838126
156244
440624
428548
493267
895836
789298
724376
470083
597849
420007
36560
405792
122850
610832
461386
365566
518935
244855
65189
219168
733648
265173
829093
777696
384970
761573
973924
52859
950249
51281
911757
154075
707811
797268
866352
684666
736734
41166
935746
993977
238837
33026
781899
811888
670860
606396
191031
604300
996944
490780
249239
988807
410328
35440
620375
131229
432352
779088
9169
44506
361536
396706
344443
634877
506647
966048
390096
119286
876614
931665
389389
203765
313259
289600
954919
884283
290131
217234
135000
473756
173798
250279
427874
410767
767582
593838
860327
650937
249748
584260
198020
539830
102648
166157
535391
918660
681511
684861
319858
113533
40474
639180
617690
38725
744353
692094
94332
177607
609680
235985
725361
470695
843227
886525
906786
321645
305135
43924
180874
604678
964362
44994
245637
540362
443736
501331
778309
558687
902249
905187
51480
802104
253229
406281
728893
40865
359955
260385
581808
735122
495984
530834
526942
542536
4784
327383
586694
469531
516743
565241
738994
560079
536488
546892
425408
293324
394945
999120
75200
223505
708843
178648
220323
651902
761469
677935
935820
15880
38384
643210
871617
392360
158015
378935
368766
923022
803400
373464
923930
346083
892010
915073
842891
4084
551342
481343
777515
211568
722135
282808
670000
934796
522375
107784
92756
487308
396287
781781
372834
831591
441997
593033
274586
870156
641423
500750
438235
339558
347300
930528
921507
203326
999871
780909
730868
662592
648613
24177
382744
398004
128659
197776
236309
240276
614992
378167
430583
3712
523747
371519
355967
78046
906060
247738
865570
604094
967978
555456
379318
866782
962629
211230
837259
526558
944096
562507
681804
473624
920291
102747
647030
706509
60166
178966
388967
77947
698998
92229
982052
389706
40576
180413
942649
459483
637335
404246
965899
991281
26054
318874
156252
839332
756478
153262
728876
972487
730081
800556
560843
587204
399900
245919
587893
946326
29423
92580
733352
80886
23337
63197
880038
438186
192325
660857
830871
934288
150489
712519
546062
200532
606577
677549
97249
571962
184403
738050
63035
709426
464157
650640
689757
579023
911928
965383
455923
723697
453848
422547
727033
847975
931159
251005
234984
278550
511397
496826
887540
387160
220794
831837
255012
660801
200565
740126
556589
443683
774285
157902
728078
701160
217700
269016
571946
14843
939691
628861
453640
772955
335201
956862
982849
360007
184732
603036
94878
441578
171745
124683
884756
943461
371976
973772
306470
400825
409931
72883
477024
370371
409205
53263
831491
919162
101303
66942
226582
923710
557760
985536
819609
241671
437613
793889
304844
450484
543546
648569
349799
466934
501710
672967
555729
737757
803927
849458
67344
824067
615251
987960
387636
507682
448007
708138
312155
65882
220356
701214
748266
666595
921927
295222
941121
283262
599395
66976
670311
321280
142464
386713
930714
823869
627301
815312
404813
813397
24563
544677
952287
662039
675003
107717
459512
445632
207769
486432
983244
291672
662908
464829
963949
763161
994077
538916
263807
280318
862237
643087
734890
649217
50756
660728
727439
988180
954702
998126
714169
197832
891807
752682
763606
550161
77421
375338
210806
740737
901804
716038
823482
311294
639010
328303
745751
359964
411607
883464
992949
320216
948825
846575
69676
189944
685430
309887
635252
395910
626863
213941
543717
680600
812163
800872
964770
981638
528163
562915
526531
619576
754335
892821
230067
69889
452691
993494
533498
123407
347538
532607
948227
525463
711325
90383
60440
20598
101293
948897
454187
213301
542018
316015
509425
119270
704652
500944
100565
324719
111563
693990
749179
319122
988812
607354
327063
47597
187557
925549
40436
447844
249612
801598
706233
572919
866868
556605
55763
994143
341933
59670
833369
419162
538157
137377
336675
960057
682374
975552
96000
645580
854991
437505
302651
765578
650391
314035
881058
450002
847529
583668
652126
662519
793093
276689
683347
180530
676664
886659
69275
103924
647799
427263
607283
456019
215580
209984
194879
412804
227065
6554
964462
690120
899690
51695
663954
839538
256700
181941
416848
962231
369653
953720
526815
738145
747075
129723
278708
815954
292862
363861
977207
527059
605845
179959
817186
930917
703460
578618
726373
537121
770315
192212
70025
964845
188676
197015
389583
79028
313288
184628
633822
525073
912307
580510
148017
985388
682857
25997
687632
721483
307112
905626
767449
699935
459992
714581
194388
232608
950907
795127
665597
808757
654000
544696
457826
446967
836619
60076
892580
795410
701408
128900
103769
342888
341425
992395
540353
772779
319256
136675
281628
789659
990934
804595
60176
558128
93434
580389
943947
157951
875873
51738
321424
578063
634658
180480
884639
590501
780858
590153
613257
894014
894722
864050
412403
188095
516893
959682
632864
424082
867810
101531
301974
157290
481221
547878
582765
762296
869347
199658
555352
429942
16401
962264
201322
714822
395085
356011
597618
916322
498307
521168
73055
803503
285175
826625
471021
669583
34824
131535
709151
325952
756312
369091
691099
980657
302790
846518
277858
326890
97205
94853
940161
834110
453352
774106
544579
67593
157238
289972
696233
69280
335871
620859
541509
891526
348411
611924
119911
956744
826515
643326
480319
756015
681421
467301
773599
612827
743163
2080
886428
615869
378262
397774
518447
704437
270037
364564
650887
259945
612006
653598
988341
661251
497734
879112
870939
524541
625022
540999
10528
637588
326805
330058
794659
764787
854760
540407
905499
553433
523800
930609
227896
251808
177337
259830
685749
660409
28484
353888
543697
736840
237836
236755
511811
605980
904065
243706
423111
373020
61064
603875
932149
167589
598439
527663
147576
252006
179300
372880
447390
716020
282492
807267
35650
629194
524467
64468
499482
525502
739326
802013
577970
933747
331617
688914
536349
446024
699082
279241
240150
62126
517537
731326
235567
759561
141384
850601
912938
789918
904920
977204
731172
630004
110168
706053
504440
891822
623779
317060
939285
671187
234480
761096
863372
760141
331450
542680
897597
434969
565770
349212
810029
552380
881687
894607
665479
341317
189788
404518
360012
802592
956528
80968
522973
513872
898796
138055
879994
691078
890569
646870
738321
824375
847608
182369
930861
103680
275035
764659
876378
642364
997439
408793
576299
420659
119635
586416
190885
987505
687864
117540
958396
145958
660809
277043
830877
809704
500192
467178
459764
525416
653546
123122
915551
841719
625140
879825
660394
785323
692823
727971
323931
334599
191390
776799
404384
397004
288335
375694
426725
716776
241738
957738
937204
252334
416378
552918
822976
782430
127998
470341
206260
255868
9340
429781
469237
605175
489124
615286
954095
584508
562481
471928
653556
969095
479673
914134
9766
435432
723887
688131
29214
287048
434756
768847
979373
778979
771461
595134
10214
787059
192156
476453
771547
872445
224737
143321
811731
166635
984185
606918
840530
518243
482161
866453
747013
206840
216735
431002
549354
385503
375910
980567
13491
156026
981524
223779
114365
279412
67760
570709
495604
370227
486938
931421
284637
601660
402509
742836
178853
103729
231025
302385
140109
490927
839963
351041
921357
898724
105119
143921
370925
927380
127430
706509
516307
2303
224092
839693
364784
345056
338744
242196
941060
855579
386299
703631
713135
273801
918218
418264
296998
404432
527578
369370
325613
771343
709208
475672
805848
767335
397150
459709
610586
335177
719349
831962
521135
506412
974183
235930
239793
353622
559291
297852
57600
167411
933439
174851
937488
989556
348018
730662
809360
339227
894795
97382
447228
295355
481354
856376
536729
553307
706817
712318
704599
42145
181168
129112
103104
557111
4193
5417
592710
213870
602491
819898
347860
405316
8827
151195
70671
925551
843952
302109
190321
916743
48672
962028
574691
947597
692466
230160
859056
52624
395731
582469
820684
558051
704307
648265
647608
337889
160858
976877
677764
796777
130625
902753
470961
526766
940837
580190
964643
134892
648997
141448
61863
936448
431053
125258
761539
184016
915073
184610
790800
653596
38678
148225
249948
780323
202848
653924
86823
769062
478097
977962
904560
726600
378765
714252
748175
97435
298545
967004
274295
612828
298664
410702
629276
696727
15524
53547
59446
920826
628846
574673
995577
46396
698820
974929
810512
64423
917834
667375
925536
23307
775878
377055
567038
844654
240999
399343
899439
402960
834604
873357
562541
565087
517979
883242
311918
109289
845605
748790
508785
200818
677601
636492
458533
468110
68120
745770
423174
411714
610576
413337
834712
82222
54169
540743
538391
713787
650291
519696
991872
949656
199871
568185
671411
44396
343328
122245
489734
130226
251893
407292
773640
619175
786426
122566
839747
573657
342151
196258
747554
816824
629498
237824
499309
889246
531783
343711
520592
454116
807056
57973
682643
612200
822972
738960
73130
69695
714446
712761
970980
186817
323961
612510
439445
663015
375373
699324
714469
9082
720824
20208
12966
818210
835095
967071
245765
885866
447282
785686
633329
406836
40442
428732
709841
331164
315549
524497
166739
528113
390994
218523
770326
178738
541104
134889
210826
168843
802048
108137
943044
105976
239653
882142
545339
164225
86699
735439
254666
415789
266759
793906
728590
760936
124140
661595
554525
728323
858047
896627
163877
514432
456400
895232
900347
37977
8402
703270
416447
493761
590854
665564
231418
256480
758505
601366
724870
874233
451653
384056
150020
734675
415359
928614
568232
233004
788405
468664
477983
934718
990383
794313
608656
659470
295647
909838
161321
377062
102441
709671
33256
714426
564536
727059
23546
587056
462120
959731
79113
83597
500358
162146
914612
167290
170744
808160
262452
715035
227185
42846
312508
421879
752595
258272
512921
967171
623239
946394
241168
241601
286078
820848
926685
719030
498480
191366
971081
553841
340172
377562
617875
686258
290746
385407
250705
97831
307544
63996
99216
330106
364773
667742
505956
992642
534862
43683
502751
662964
134528
670435
161212
730340
814905
514670
783560
717081
760338
794099
3744
824001
770514
453623
10119
202070
376314
661617
661911
457286
507026
200209
972197
281039
174444
983878
971169
589534
265581
855313
941349
451224
831976
388146
417648
652186
333891
909736
317494
681077
875792
672088
28851
187241
44118
7956
881012
641044
445165
867049
24385
578148
155593
791535
188065
496833
187879
354013
11652
833730
593165
966196
305813
46247
90782
146557
516417
999594
273497
875821
214505
529618
811731
888768
439705
207215
511004
871371
312705
381804
209656
536756
28080
585918
597865
213014
462436
511353
905640
841984
633675
689944
528209
837818
947695
97988
6386
932698
69770
132543
626230
21727
541325
698201
961455
461273
800941
234969
563318
93384
969917
425518
217390
869226
676047
625235
283921
631845
715880
796917
611475
275816
486207
851499
242767
440351
392287
272793
175723
611205
147922
552359
325747
356818
12765
799636
414251
520540
189910
146284
13864
324359
463764
307332
906660
818210
957798
904292
613130
661674
468234
179306
806324
332350
932991
381888
133795
323689
53666
382354
688950
640412
342436
132913
889082
332306
562379
601374
655073
447913
620614
201164
258302
839437
761577
719974
974020
304750
363936
330971
219262
270791
395333
679203
904473
923812
570907
343628
693635
774608
815953
848346
537927
872899
685462
756361
120530
986342
996238
849525
669142
896140
476992
585131
890263
592898
957920
223248
587085
381987
241564
855446
361798
515702
16877
907533
142102
214053
24006
871796
335570
858063
202483
725845
601660
409132
58236
331124
802457
871522
820460
289902
877216
721706
567747
149762
871220
136178
22610
816959
451548
362834
803131
901083
463827
679381
741025
286738
816785
897367
203338
669660
575249
593964
287923
97315
434210
727074
975330
504738
730496
206401
751101
286940
76067
968722
767887
548402
645313
183247
218804
769144
812188
423764
434421
473500
894503
965900
432425
579910
777062
619985
868503
393623
800289
552838
278381
634466
563557
147320
446373
255199
466536
909917
149923
870826
808394
417847
926950
614391
647414
885581
966478
700798
93105
672114
689922
953206
166362
453494
495225
908863
609733
275911
155038
380231
637341
708054
735277
11590
740173
811210
70262
424669
373622
21849
246863
173997
13980
559867
474189
742493
765102
10113
301169
933244
939029
278943
915967
663161
618228
812291
476965
662651
849201
160497
575550
959452
777096
894456
61132
51522
286105
191094
830015
407172
228356
947747
881381
441411
34204
654796
189542
40409
776182
283510
715184
508653
663438
947961
302910
764308
537848
766214
11570
76153
185052
607192
287356
135713
394855
430978
629851
634991
427800
544220
774023
341696
767318
30368
162711
264431
440553
836155
171113
714938
410413
485007
144502
618117
11279
875029
582298
484019
711474
294425
187291
407875
398615
876421
880698
651336
250873
257054
763364
109549
199955
487298
705382
268228
995987
705939
235379
133898
644746
451453
396873
478865
996766
291057
938297
756320
811377
274469
111440
434829
54827
620802
662054
992265
456170
169461
594656
429340
832539
917071
687632
488216
10202
242750
954096
511803
236713
171403
498484
266659
513647
578459
678943
619138
139907
373645
492855
840019
669753
186515
931291
360902
641891
253580
222898
907043
192982
727409
2416
149016
229206
277278
96161
664364
800483
519308
627457
686899
216107
813712
386368
387178
282087
51069
924423
843011
700589
120465
346945
679816
702528
43640
918277
607732
484195
79808
818079
228989
454738
376308
675708
290464
139895
550043
85334
313736
981317
347631
104612
132677
420730
89158
209125
23189
62792
24954
913789
609798
486011
852393
831761
203609
428435
601078
366516
646988
93138
331864
455255
446361
780391
140330
499504
419192
923840
541345
230047
156067
20772
618289
419309
478495
123401
39505
297529
927486
404905
162761
746393
329698
18087
440301
392550
114278
544747
692542
369007
140921
15248
129074
402299
115430
891492
830169
949639
82619
926946
60127
751259
874838
603007
371613
621807
674805
582465
665817
555395
867653
243421
480161
96853
260591
962828
995676
548972
109052
615763
257985
623809
287973
123294
491836
814154
319594
13542
32829
369330
804736
673689
107536
184040
95161
384825
329193
50182
226719
156349
31790
76945
629320
66416
82714
718894
978803
436086
957430
466409
487477
804630
417451
912663
217360
211206
7127
335178
635485
134342
89622
767982
601149
843414
214970
620790
666826
572263
835200
658994
44624
92964
158130
30149
636865
193606
387271
821906
266685
196730
626624
569704
176865
329084
176387
609750
472123
800089
540463
919336
911093
447324
535185
252093
660624
933027
793968
802058
639448
573144
607967
428889
75053
24904
532260
223617
671983
405985
740750
508425
146504
934145
898390
393546
560048
856552
516793
998437
826804
962319
872716
119171
176959
908166
785946
629300
923093
111433
855846
398655
625252
909733
83922
220140
831840
330172
301932
786282
528201
66229
374617
620135
668397
480310
662785
971683
996324
570962
746434
443630
991530
520862
724548
119526
677570
538439
129314
161691
17976
253755
725873
884547
442335
402733
775504
222631
403363
751263
560127
826678
414885
549866
135613
286273
376928
456051
399719
491222
897727
140896
734154
167996
49005
65776
7760
492957
895627
500360
741760
437575
991645
947436
895742
45342
489206
898522
517196
152383
690227
16092
804217
663718
978789
987564
830184
924698
72742
720317
192306
175031
36904
647680
558474
476699
760749
648224
607739
290034
240276
503592
957246
132268
923926
649589
118800
521823
558516
1829
479498
299452
237140
585411
967726
173687
594584
291634
166479
239069
499001
749827
300353
879668
35266
710818
284921
618659
580043
123049
259150
946821
344778
766098
18617
803000
966425
150316
251165
506699
508933
825706
969091
101138
982383
884235
682948
468720
442648
679201
27068
500134
779697
134325
575793
580044
441305
958603
197505
595466
155986
370106
455723
793953
120994
162071
689620
55533
956741
590857
140303
119507
25210
956365
132381
126096
151524
435494
436167
145841
840790
487106
984898
651946
731331
559486
950234
854782
562454
126286
683443
217311
778614
789362
245260
100911
721817
345445
427532
331660
86946
70712
851850
95376
608777
376382
611278
889351
648334
756385
715513
722471
912267
78874
990611
663804
121897
132437
728883
773766
911457
361711
856324
602641
77544
109630
601312
342306
378288
302693
185243
902543
637961
83690
662698
962296
504076
230848
326666
992909
352074
850284
629311
477349
191645
387287
290578
370390
461487
695113
161718
73531
994450
128606
738864
439259
222761
299811
16043
449326
86879
283802
998761
709725
311081
540598
567143
108944
81087
925134
800914
408626
656556
686259
352476
659218
514115
692012
9011
781420
726239
601021
285447
684808
357722
197298
827957
866466
123239
541262
543010
819035
581030
689500
733218
568869
665532
864057
498542
304258
616456
246078
197127
403774
617261
983174
141504
677141
753619
38984
900382
666876
976059
116856
381752
690146
746040
962610
954344
554027
121746
555049
986297
321815
646307
225929
827330
359741
246331
103299
641859
279744
336146
890486
799654
275580
223818
204959
438924
201406
558993
461721
850515
360836
743979
956971
168553
258045
628009
597796
868615
601528
82829
488372
986731
859188
564641
433914
290762
397594
102939
699722
898470
214826
351348
738391
661458
755204
598384
932024
315777
834692
167387
8409
824803
323482
808618
304947
151835
763856
426535
139380
735082
987695
902260
815710
726692
879914
326675
277605
3899
428409
662079
760680
535256
415408
565013
701985
617095
30455
877157
599174
199201
313090
606286
133156
66605
160501
296088
129915
476960
147506
682243
185807
429043
599560
414302
884078
602430
661272
748135
356415
790926
118458
322901
199012
673397
658245
633448
772714
984783
438231
843647
960722
704239
278246
409606
300224
89537
674318
538030
937166
25916
83904
117877
18203
884642
490669
39109
167882
477175
56557
35580
640959
90973
876337
20883
994642
86380
544212
721024
661215
913222
53771
873898
274799
874793
418397
217680
80203
774890
838308
931104
6899
982426
392946
160980
811065
632874
281671
384839
378063
817096
142250
540531
861826
877847
671367
115173
161653
606932
366922
376816
223499
33404
333390
596855
749703
686272
643330
651832
316651
934512
147555
842803
7492
395035
225787
793677
269088
544427
294666
222574
936051
63411
136692
498561
541595
177801
612302
296920
643138
917634
273554
293383
569451
259654
599154
949524
295057
750591
452110
456921
114514
644948
682279
884438
449404
749353
590795
469734
392194
49580
894881
804941
904649
56119
910752
133746
171645
449404
449103
427627
78951
281541
939623
899058
597225
801881
395109
115503
147320
159559
838667
671183
873379
62261
469628
842743
121373
481515
800729
781959
396418
432203
849114
251143
49215
677877
553895
389550
729525
34874
484134
741223
208683
93231
192034
978942
663923
814744
584845
938939
854523
910937
27209
887338
670634
42932
234039
720005
655714
147743
196953
610979
560295
386180
962095
921623
103946
297430
200729
998420
414681
274772
101537
471318
58659
924687
908908
497602
571353
241489
462248
948771
69792
233987
884530
876511
229233
301630
751191
656222
286940
511733
990093
865361
615201
326481
87627
908363
520202
755487
247903
435671
177941
720443
778915
792861
373934
772744
851664
534705
547501
320533
439586
520978
533082
987536
871326
733272
643170
797614
263344
714708
655124
307416
135758
58426
136602
967031
105730
141441
284422
21185
110937
700229
259904
298666
631360
666399
333011
143228
315481
250495
307825
522442
811618
573686
397588
552939
163151
202946
77080
904796
377786
106764
394960
22151
150700
562065
173057
213686
304183
191678
237046
523943
822072
74400
950420
465223
251906
167296
892691
515153
906514
382845
460057
619639
823208
175049
566965
728452
219755
352524
410575
181250
294930
694067
793641
254936
347548
556539
607817
384572
799462
555686
491697
925447
654909
333771
97733
601545
228236
967347
897928
924851
589529
242625
171810
233000
759393
271038
22855
908241
137859
396679
304628
225158
365428
790698
568633
579661
855493
226989
857500
996129
827520
111230
526305
931421
538714
391409
495275
69672
412539
613532
557887
9986
835561
571697
583092
733344
70615
785981
688940
985944
531973
152737
559420
291256
909599
963275
393530
686133
639642
197110
165065
959250
916183
476455
963288
60636
450196
556739
415157
578148
596547
793253
414808
213135
598285
506970
969821
795847
338814
682413
415450
126083
185108
53760
608322
466870
12686
916657
61970
486923
142274
871711
139592
550463
390482
884886
293370
871562
92160
430997
712877
752851
622425
71990
752252
821595
537056
631127
365786
446004
884832
635500
303702
196276
477999
970504
907857
24088
860471
575354
315920
263065
592548
787815
320745
914162
140779
32697
510942
291486
96504
313179
65570
778718
266176
998407
756025
409693
722074
573373
665942
908141
627925
385586
188191
29753
626714
609832
635084
388074
601734
367626
144705
320197
687861
107091
782029
733988
224295
340810
53103
920092
744897
486533
987225
843255
239730
221795
760488
963958
385121
814415
993469
486862
860566
139399
75296
226568
362109
921356
514083
167168
634452
54510
417465
713376
555284
234462
126836
80036
116945
203703
638463
747642
223228
276229
689388
46835
170381
678190
401882
264192
841210
399829
777755
162448
701397
10748
905084
574104
718437
839479
837238
323940
272171
660241
985684
662867
888842
327047
442936
727715
635177
388185
392216
657484
566511
723753
535867
144786
102792
270684
531989
101959
697362
769157
759618
533980
328688
479311
933077
600912
283269
506627
4944
950752
524243
968247
14960
228239
621874
475844
967065
739752
895256
34520
334325
45968
802499
897796
44747
798187
404735
394745
941304
315576
429098
358116
101138
756398
712836
456847
946655
120695
256409
531713
816723
573201
556294
744598
750813
456333
176505
209984
416925
66137
213894
743097
308880
673673
476499
900096
714865
509754
143856
484673
957729
12275
466039
771219
52676
778317
251765
654989
30143
425307
156509
987505
828094
515960
197677
351860
507581
682037
300805
853948
782839
889222
63874
104505
577884
434566
113228
784568
93351
587933
752053
211840
448759
561410
164769
547525
100900
138372
85284
961421
813606
436096
826595
893803
761407
571423
698539
583299
891432
25303
349854
432488
712921
734547
981023
554164
407031
131606
899553
747586
285116
327067
558738
420741
142691
321552
597551
265908
869718
972232
406154
925692
176725
963411
121357
937146
582243
600048
783071
128154
765747
813825
916842
368532
301328
599097
294087
309922
493294
481640
104398
976953
684307
639161
2781
727976
347221
828958
309208
746607
566352
739874
353973
646884
326938
972693
253995
682457
222918
459407
233932
726490
775279
788927
799274
109053
189786
621088
834096
776723
764335
514036
376570
174169
355388
286378
158886
642110
440188
663399
110138
839431
746970
953380
683927
169542
218231
243914
727788
702136
236354
758807
642476
607882
259668
867025
890100
343968
631368
731622
454323
583563
844804
636804
32347
432683
683855
716914
321545
8870
437304
342420
499495
112863
422340
216454
356259
589987
393183
15207
831141
861672
709293
691918
243227
650695
831985
619985
998085
596421
687731
281942
652713
750709
5710
554486
807539
776964
65529
575239
101552
78166
242587
774736
149702
652347
123570
752463
380879
208678
417821
216622
365520
237790
228306
753794
555858
912523
248949
269441
672680
263665
720133
739326
178985
533643
512334
893160
138143
958342
252137
635023
682738
58111
750009
598742
548087
166862
510692
299893
951713
175148
599501
404472
937284
18129
479146
229631
39634
992343
567730
942273
649913
762608
850478
584022
522892
367145
261468
114362
530895
49812
50564
125055
130684
308721
822496
137648
608357
182676
247793
857013
934210
130811
591911
803598
521535
186086
862914
415818
287094
476473
372079
552207
212802
381358
898307
528517
331153
366318
659421
362701
607224
129332
446129
234882
482732
484829
483034
137926
209049
157390
811596
590425
796976
40061
260916
866697
130684
398801
935102
40932
512780
217961
664953
265406
436682
457828
135137
248357
124570
794256
312632
32737
199747
711050
439793
11273
339104
523094
590143
95622
942711
42718
187868
440229
138807
598255
451976
541959
153971
825068
24534
628188
283032
434702
720591
114537
603100
198843
730340
885586
323072
744463
352392
501175
861108
698592
480102
893828
360629
998962
287223
342118
485719
489728
5978
901531
296198
899602
977283
528934
671432
570584
787748
781383
934303
634342
513632
128210
220375
34431
947098
750928
21789
581597
540881
182196
361341
664415
773587
779214
428737
90073
350898
314873
584779
908327
315154
427558
900243
579065
463519
208534
86058
380395
254858
46108
730417
806306
19521
417098
621551
357100
30823
20709
672571
938534
967593
683846
464014
379294
225718
719158
849352
936797
728380
87875
111294
731705
383793
212936
533086
407409
520422
460631
767978
665291
880236
941031
631663
495982
370511
898390
293551
985903
732233
797273
329715
810593
683758
53135
961882
520183
956554
740410
261757
144254
469981
74131
229734
202281
211403
936168
741115
704518
53307
265124
120607
933629
687989
515348
629883
673119
22749
291919
60156
560934
13734
991126
592738
13200
673232
946884
384438
278532
561691
112252
776208
301499
750741
333154
187458
379692
669051
799057
317337
968477
339960
653171
642657
630832
721508
589405
381379
317283
861118
667613
985728
911090
989020
200513
945360
29449
405713
463752
780858
374734
780458
695163
402211
532985
867607
252652
696378
629618
884937
578534
492208
51538
781950
365484
263156
631124
614127
683179
118223
423814
680003
832194
626045
355017
275807
169792
666164
496675
713834
204587
905771
626366
175461
212909
111938
652231
351731
359250
338898
466210
397895
589020
485873
808340
830585
870733
789154
853162
94689
929135
389710
735054
512212
101335
860464
916362
54535
80971
976359
985944
245740
871731
874248
168269
407212
721918
398224
837632
444452
782710
782115
749984
789913
253833
517255
710669
8715
888335
6659
990305
196185
882334
750859
762753
670776
996814
360396
670184
639835
505615
431631
954783
485382
299885
425658
245761
534070
279362
715651
243962
122672
753040
802688
39574
34905
595671
320103
291389
843268
832227
269631
149360
423258
238004
621862
97429
853288
430818
704960
605448
31955
842725
510158
141655
585731
741330
184460
793552
268835
361712
214823
446743
468808
83135
105205
413515
534230
949907
277180
645438
505925
207994
200555
491968
519460
976371
864232
704491
225468
586507
470413
635702
20383
681374
728125
820291
667135
793478
252747
541891
373875
469579
637879
770116
466304
87095
145808
379536
568176
257552
584032
941948
345934
921808
549604
6398
831425
451586
706609
483161
19489
542774
321616
489124
865483
198254
286912
527322
182249
559988
29989
220946
11312
271739
425903
187914
216106
941176
966613
84302
386296
836574
506632
74632
416925
402633
587055
875147
436131
885951
236384
949542
345156
778514
474056
118582
854699
700342
341765
836791
913530
595622
772825
228471
374039
411053
897792
348967
379513
712921
43028
426006
370481
354679
576582
493946
95684
845768
179098
349274
370619
483929
349423
308033
499046
810876
794292
976513
862157
555043
219240
188437
164354
510595
211199
808349
297082
753713
781150
79554
727934
732775
896528
508009
151055
159520
398023
816842
632898
954070
152853
190384
633047
956784
138860
232477
811888
11077
675389
29276
573887
889005
768627
557964
906455
397352
435250
213749
369479
46395
67214
2386
778481
307343
429020
975778
56738
823236
817391
392260
190325
514328
134243
108089
806153
463056
286529
759735
360917
463474
905936
540440
911803
745278
402903
592657
570613
896262
698111
395974
863884
203876
95895
302581
122094
10046
607406
784142
891010
194600
943572
651035
751012
878462
374381
819613
160619
609351
322838
150105
31832
192771
745274
941477
432477
786130
726122
425677
851642
764430
326513
505845
751978
743882
511590
322145
381844
696690
425886
555579
689187
624053
582288
684258
406767
601024
415804
413593
51725
207624
903158
790436
602095
328149
98781
185986
937248
119285
811998
372126
686987
48331
613450
157014
265876
967526
889610
45955
999012
1709
44825
672873
107466
281090
233832
962581
869504
689139
442865
264482
672714
27403
288566
496852
197451
829266
876151
58829
369647
432154
546221
378827
968238
545134
893952
563089
439270
955407
424470
970664
179684
1035
657153
302626
517489
52926
215567
920249
696324
611484
478633
372846
706988
859300
524733
237918
703686
481308
794875
516517
928747
120340
843500
235193
432042
507038
41074
381930
580817
33957
800139
941491
99865
39155
283035
680675
896102
745678
29744
112959
883982
834638
177235
979359
658851
498608
730500
246924
875881
534543
734076
433886
599381
991147
964024
847288
147353
193240
45172
823373
706734
67730
234519
678504
720118
831698
885748
315900
758309
605556
24157
674955
920092
394129
854469
463307
379685
488980
79496
627196
366326
273411
53981
482533
490677
288270
467850
672544
716435
319947
487263
798041
246082
326177
564404
892857
644057
463337
82048
225379
207542
98044
3651
569064
870820
387616
977324
631379
509573
535831
828705
676666
487909
750497
921858
858198
392444
855249
464235
528539
169414
952201
955806
790673
673911
14377
20578
348853
607705
638688
586329
131804
916502
939177
239680
780794
313576
956385
273446
472063
108855
416670
193907
568483
921259
802614
263278
110646
50879
932984
735895
545347
637408
684215
599369
801906
442751
807883
146930
393906
668540
917680
150410
949912
163619
155846
263460
515319
110433
697254
245384
506727
283862
548201
88860
370284
610883
783299
803344
599704
584498
532629
220159
824653
97777
747553
514173
709704
680108
816939
618832
29646
474771
117519
459743
837155
880945
778091
701765
626999
932970
175068
954328
243243
773774
286606
71882
49689
819939
595809
902150
597234
665817
289874
290016
582913
874952
551196
820215
347927
757143
346377
744123
490364
437218
140954
599312
680251
617789
738145
546548
109910
29083
260323
747682
74036
885842
616853
239936
723996
557528
170989
914047
120177
941967
349000
105225
380887
94776
612270
949069
454768
225407
790640
657157
165880
272366
67948
373723
533671
868569
585877
122035
660838
454550
914261
615912
388504
566036
440306
390560
825677
626819
526607
787558
261359
696217
598773
198434
297866
265167
844322
818133
420801
339781
981872
16200
844343
514027
396655
334103
861385
71013
914776
311913
146162
850660
393988
968966
599867
164176
719540
981273
710638
113991
486396
805023
867056
767540
947992
396906
546149
873743
64864
421143
80568
238259
94131
651090
717904
498924
761397
144940
485743
489524
68636
386463
970457
975892
891945
560760
474274
883215
650248
883368
988938
911764
10517
346394
339158
734639
485855
839622
321155
162817
352711
661456
634419
487445
592292
904426
405986
340891
52600
744195
829300
305542
608945
200129
263011
288741
300
239344
339528
590824
234328
753307
958545
228007
210812
31872
483410
766389
77560
844269
908104
806756
184031
720391
426854
812716
222983
446893
518782
324937
35365
573691
860229
626444
705661
906500
71830
357604
342809
200746
198607
792483
90239
142613
180916
808408
225483
852090
427869
711898
726149
429418
622771
