865631
263186
427154
940428
673591
843479
263376
627845
316062
958557
936764
946321
145477
794353
718257
382784
923920
699054
220305
319101
929794
632760
329649
867839
610989
110389
121639
291751
831043
335352
398289
328850
558492
485986
263090
356093
511933
919021
617974
114689
949275
575344
210958
554998
160936
886973
930604
518017
418941
220886
166734
339726
190511
280570
171153
470699
469460
437819
291486
738127
620667
976891
994323
409349
216756
404937
947255
928954
47492
437301
752105
390248
514733
685140
581379
180095
267877
954698
768599
747369
735816
534210
864699
90383
416408
6091
913740
495942
355823
895038
703887
910846
537892
908895
334483
806772
109521
767678
654532
662349
582691
834694
82354
795102
829754
994696
834298
880629
804174
660004
778433
302656
893185
343117
344692
53760
5884
576997
234976
932997
706620
303488
91463
579468
609206
115263
178017
152399
501280
323233
621840
66114
925438
803066
925106
329650
530663
589341
365255
828552
146992
702521
310575
565478
13596
380249
884932
965030
162598
779806
82230
658904
749479
768210
135398
428772
318740
247668
358540
554898
105969
631630
556722
322521
648930
652351
503164
714619
527066
324388
807408
863794
22463
489104
636867
112813
89447
433622
933133
364911
843634
509143
118615
867922
638787
639824
204825
496191
158372
548792
831458
842973
344629
27204
934446
519624
823658
922338
284907
706653
47575
162249
180020
209630
410212
657291
385495
926761
467094
959892
379812
482201
271931
542863
547373
692372
5548
251559
559438
825896
557317
113447
529397
225855
214986
357917
42097
914406
947114
213840
326940
310692
163763
294720
378941
756812
755496
526995
614352
738683
19605
599446
77822
22252
691682
776925
664229
438395
74147
310754
130780
737184
161773
901114
291376
222470
187756
703426
537937
109415
862968
985527
624037
56356
390203
19802
671350
311319
601418
281445
853603
279919
94013
908519
847840
974992
125996
924301
691504
511361
397339
237266
441333
840018
443572
122673
921679
528517
796539
456263
355400
956424
377885
36767
533688
602723
174989
359565
549827
65615
419735
458297
962196
860160
718461
368104
276224
982491
203520
48525
400610
31077
829488
635448
108775
965382
877666
424014
472349
4496
312598
982586
866616
172210
805354
693037
562983
156063
117620
629402
80672
824315
876629
650595
78812
29450
644042
325840
316031
426204
395541
862155
131304
445080
993172
751423
825611
426587
854274
997197
316621
764283
213888
945653
526775
142340
923736
126257
316524
606735
776139
329091
557596
320006
743807
11567
545654
612945
195252
351829
328145
521829
47446
423339
227242
14735
118660
637906
682101
836240
809718
225544
913411
126719
879663
544807
525630
670485
712168
614015
61111
639746
765493
648336
519463
227166
609844
412868
837195
327109
145329
241030
475186
266275
851040
944262
431106
37735
425494
893840
883972
240923
101903
999523
415794
103994
13856
616194
442486
929963
384413
960514
979763
455994
453855
888015
400144
550813
987170
149022
78860
189008
711297
766337
762940
317769
259181
167879
238294
229081
518922
47180
534964
278414
20445
426006
142818
860451
699108
433902
642885
376424
423663
638494
659854
911786
615214
30146
989744
662889
903638
562202
42211
289364
469208
237465
944967
467609
67238
529962
645950
606684
236295
333480
557019
369106
787020
804940
754705
226020
525462
659190
468194
552361
870506
278510
736162
242795
906736
316917
701646
622492
202453
953087
551259
387728
522214
827374
432703
172354
135400
406563
252030
164636
354661
429984
105304
994217
234832
972314
428036
426775
672017
687525
157083
893321
492546
81982
335365
220667
100357
552153
830317
481556
39693
179612
142200
661074
422931
547480
355950
620648
739425
117859
22969
971658
636680
720158
552268
957412
913132
889629
596419
342115
5976
232846
978977
305987
553028
280998
533939
319621
901728
209820
792945
488939
487594
141049
82052
787949
506656
345911
881876
553291
763248
678330
904179
581284
998570
194850
729405
588266
180099
906683
479382
135387
274897
867755
985357
696989
376979
919851
310453
430352
264018
862340
888595
283782
741593
143591
84936
793141
13466
655940
886548
395938
557987
226454
7897
872027
714345
730972
34618
405505
578701
34658
827878
796977
19744
292136
252574
366525
706808
491488
823292
844415
213617
238668
129703
66964
493218
883314
499446
511641
807779
555450
424963
854788
25401
210564
102947
470999
333471
14792
763527
181956
50638
89877
161981
853047
920678
145672
947359
176778
980664
771647
525721
900946
764000
227929
519627
815841
879386
678073
793405
995741
710379
742805
606591
935158
167068
889237
151392
484332
672087
404696
909584
895874
5292
436100
484167
338562
996986
608241
992838
995472
117366
904152
302633
250847
998284
748860
694645
253742
762825
813825
585091
25091
123476
438284
301877
559816
380060
255251
714837
786219
949108
782823
758700
268133
515937
259033
244123
45458
266830
201697
829622
244040
147295
998253
731971
474151
652711
477721
490206
320659
444789
233276
744498
396664
699661
983434
359539
72466
790753
543032
270530
27177
878129
379443
456386
334015
632724
293852
88404
319613
23799
239118
341561
885753
160775
719762
651225
960272
147575
45013
592649
32534
508339
948732
871271
762977
621282
929150
636974
719072
952399
392041
883402
865504
278553
981493
783983
927189
147210
411442
999498
202953
853391
441696
970031
673225
407962
788240
58050
326500
532363
577847
110964
59935
254070
122408
606348
723870
758462
775392
296047
357374
447396
484929
308443
374953
421473
394476
756565
332457
815103
899486
133831
615739
462784
27559
105070
706651
811133
153489
649385
6180
903943
284638
81175
665921
533532
694614
879809
911143
374231
680371
464217
552749
174882
23704
914794
286301
951304
203296
714498
420429
565110
358047
289525
325441
96737
615554
519436
22225
494298
265598
222742
744266
930438
233819
427567
887358
53676
46706
885280
288476
403599
463737
401704
862503
490741
298130
742881
617947
331910
787028
551908
906967
701305
36332
72566
172822
809208
137531
106181
649817
496075
91762
966016
259289
419610
697477
151731
149018
142902
570778
435811
202657
667445
46393
284902
495065
195786
411554
972179
552204
26042
146167
527975
691989
516283
706339
34671
795588
548348
389622
681338
977043
331011
82098
395090
779301
168563
921059
729937
306546
760222
443782
604318
583114
277309
804249
938641
464125
400133
938744
996230
160944
219545
395303
344921
815637
375444
548611
722371
425598
884900
538282
645838
358408
365253
754476
916984
636655
610448
56282
991557
434179
538028
666951
771783
354210
557672
268222
423925
420518
398484
968606
322492
682308
758438
956771
354462
422097
281029
557093
185782
3861
784520
807045
810040
753963
224843
418171
1467
83384
768960
702967
290641
292409
16475
187732
622080
414414
361781
657953
758152
736474
303774
817900
136257
718444
704796
879907
979678
376037
289427
509287
463118
410937
56701
492123
919723
424434
603363
685987
53458
970121
436324
833591
351342
161083
66942
684658
609459
150794
504241
659913
921645
874460
874208
994955
369378
938148
770446
815158
773557
560001
680062
919014
422598
919439
649018
320783
991576
189412
710476
652070
158747
209487
146522
305580
837031
424563
140902
897847
664229
164659
283910
845625
511665
647613
947716
989348
935993
405203
908239
950303
268161
615897
658369
221123
812406
943772
449765
55836
125485
231098
448499
460270
791683
493866
504283
923562
661313
267700
749274
225227
994353
411943
421534
867734
9638
254951
422888
726591
851735
17081
923464
652830
514119
731757
418255
920657
235298
418858
215712
321592
883561
413279
326747
839424
111108
275566
332035
945748
874539
34913
595641
256002
919327
810468
959529
471030
135991
357494
808892
531712
696258
640317
483096
867653
321293
186283
716748
594637
179304
931230
123528
460169
428023
786569
47730
720864
612153
72084
736585
246534
483754
795907
312923
480301
678069
470244
104033
550767
366110
66390
54385
806275
718597
663920
946975
808418
821832
147124
381217
644644
782832
555148
685672
253536
395166
244311
564445
520843
581700
926069
548688
805815
49102
730199
627697
310692
682327
11944
663659
292700
970003
721241
479589
985963
656287
709056
437462
257486
447752
336439
992998
898867
632160
1943
296476
823495
248616
75956
562070
692527
405203
154609
908110
518101
433741
858061
688181
606482
742886
366588
519751
786944
585225
144036
432875
441829
717264
122512
971014
674989
737996
909346
759026
155962
779553
70372
23190
1663
794905
979909
630179
959561
518951
256493
406382
741500
429688
307790
936289
855874
717356
195094
917911
816529
909430
656898
623956
698737
835421
646524
730241
371801
721620
571612
135795
369769
384935
772371
682917
681328
878191
64542
858351
649079
346487
209624
152836
987169
839720
908057
427002
271368
894551
146936
604645
715989
763985
436243
222761
382323
677977
823510
215275
432116
947846
585707
286433
357518
282272
639017
337693
761480
833336
266281
202795
749492
774003
58875
458865
926803
494791
414775
849542
974342
47051
582229
674799
262452
29503
83321
603078
302395
301936
858179
648690
65039
800716
284857
516650
684136
920896
733674
314108
499139
388166
211475
135708
386537
127113
21044
894309
402619
520959
529039
334472
581763
113952
488327
826589
931984
942883
412234
65737
652631
153185
53426
799040
429397
304306
644581
895928
457737
345779
483862
252943
758455
230464
828849
84125
446522
835230
934187
157169
18629
384730
248560
577071
463528
992704
871054
15718
702150
550372
823163
559351
50231
834731
791677
991092
108798
693656
195165
477562
910446
863878
123666
327986
502873
784696
486475
808491
993069
831717
550746
56141
710335
108200
57585
427717
895864
388938
438887
516716
483459
818850
843678
116388
301908
676456
348303
94091
139755
352000
738621
15902
200888
577469
408902
557806
729641
994828
971400
881878
747753
805447
301705
590121
64733
397516
263383
459774
931756
524593
505894
668648
681020
583414
901672
530237
829670
476000
427442
614460
482673
270118
743535
131347
396778
111751
777339
326777
498258
182008
160159
225068
835560
342407
366125
414086
426185
507932
929345
544567
656775
379475
996181
732514
538843
831787
68091
633362
475106
875772
76107
830597
678670
65886
526558
286892
69255
6467
378228
396229
827905
268105
830685
131714
425924
780155
302548
927740
25732
459998
8148
572894
352168
231482
371740
502489
184829
30847
22002
565746
470916
414541
371595
884458
403385
531109
929972
46224
235561
366241
992192
605558
328758
212318
151443
279367
239012
578321
863765
136294
177255
131868
439752
61227
132849
278704
979359
724162
967282
183880
208711
683896
160444
20980
932843
717298
441656
742053
985749
724675
365693
418695
221362
166899
575014
751729
429535
329345
735526
279738
817362
468741
822554
238738
94941
701834
516552
150239
290527
213626
765937
48883
249454
984610
241583
315427
104307
933317
198132
598502
285636
216158
133946
287705
220492
591992
433159
714847
311604
586307
190551
39168
320048
553214
724051
350716
313676
789961
568298
617257
796980
13180
28532
273286
842318
233018
832349
624546
176191
491314
680113
121650
628176
206108
631949
580496
962581
532199
507779
747980
693016
116650
82204
428980
290288
321867
246924
77051
137327
470682
271368
593190
896069
929295
204915
733552
227138
120507
833111
504563
693200
483170
74044
508882
144723
543484
153842
367811
654476
910152
976563
576990
897407
585939
532909
132047
867293
32639
546098
818875
410643
781358
957829
988526
160394
459858
750581
50170
945415
959628
103972
52313
804850
276609
253651
987904
896041
512604
138549
136722
336495
798268
257909
381948
223617
917844
533980
493375
258644
736918
901175
345649
241539
705502
592631
3145
228133
113110
625671
871209
529096
429408
429888
666076
799118
339579
471458
367973
214744
58271
877154
2278
216075
736040
673257
71302
204281
918367
364943
176691
512173
248614
655345
194977
191810
957684
286283
687405
154723
317353
856468
403316
550166
478
968392
135830
480505
216699
766549
85553
548038
425598
461213
754017
902785
442833
39173
903385
265457
279513
439844
594967
223930
906834
314639
267294
904456
937203
112532
131659
505219
702101
51105
877605
315232
369273
373403
374342
239527
270155
15074
88663
836300
70366
427051
820249
617264
241498
75109
106513
690714
718828
215017
718366
316442
529064
503035
27233
734125
359398
847353
132249
257802
92166
323120
939435
130639
447691
579632
942404
350007
789361
962145
386667
902074
270666
71869
914808
502211
685978
464032
747233
292778
733243
705306
941721
505394
5432
543701
593084
507944
354710
101218
858229
706101
358544
701394
353003
27203
203848
881712
871208
136767
449137
191866
814264
639635
595766
824106
16070
843131
908183
304010
233906
995128
192599
722248
835525
748579
732469
869410
202482
416826
91030
997280
263298
840920
453421
865317
142573
655264
835577
502718
129530
669398
86960
658574
42537
403166
717264
112782
947233
316385
226082
9253
308131
228250
154362
749716
46114
807723
288708
957185
413244
545397
526861
891443
725689
391664
849294
291791
229127
690237
530554
683116
992356
704925
334223
26910
325990
439933
838647
128974
139478
534308
909025
879631
100378
954642
441595
787289
902054
172430
560448
83321
438916
400368
254773
421760
866682
743337
860329
142971
607005
924898
254416
352960
487303
575785
599842
874695
872490
595492
222294
881352
798748
718838
622648
724486
956508
556924
926794
541177
571699
563711
805220
795989
409153
432529
208920
761875
322777
915481
434988
925217
927440
383767
99597
753477
271283
531989
350185
411204
681804
293047
399984
279161
653186
375047
56704
327673
509159
265238
253033
672037
609307
393460
55601
517660
822868
916929
68077
552838
981967
912304
840963
183733
764373
758508
730166
290816
52502
639510
359589
4436
966447
925081
326323
357026
562359
365034
773172
737449
762188
706533
861328
773572
42110
175356
72743
382482
208239
858704
977190
591851
583138
505999
595195
143828
55276
810101
2816
649407
798340
925677
529814
740708
638676
976877
932384
638271
217227
23207
846109
415588
812338
529868
664893
774723
835114
977919
258782
834180
277045
439832
124736
929287
235466
397883
149980
113436
107025
957681
816101
43731
118438
192957
758612
927242
977816
52471
362472
514745
290110
427639
9352
138227
890378
722971
390748
738541
319694
851775
206406
343186
108313
68072
211287
828214
192160
518062
71056
480576
121848
344369
602705
375508
820236
93302
368276
255767
697893
770511
874268
275042
235414
259835
675576
832866
137501
271839
208017
834797
195712
535064
623382
553628
987417
492455
795418
954361
77395
232597
283952
924185
832547
890986
650030
344013
16845
503540
602890
865270
793712
470400
740230
102229
198949
378901
416562
205344
51297
816021
927308
993524
745238
881294
467709
438544
471666
941968
931687
558124
73900
57949
568620
865837
461037
334536
779587
78634
241140
617804
271318
297689
681590
65387
199896
834811
2168
529338
365128
712929
40400
245707
655383
617517
262130
682123
103706
188004
289025
317563
691903
196729
800635
243602
29837
438301
939120
462776
457025
338333
703569
704419
635818
25876
348522
721426
607297
583766
412310
819343
922578
704662
179313
5319
350913
641091
989784
506558
725157
161237
658643
29179
848093
462477
792620
836743
379033
555463
74178
170641
382175
335518
286283
996270
61511
368387
372466
951820
929119
77361
753743
110651
318532
265959
30035
525783
379531
311370
239258
281674
664588
17802
415272
472841
640689
434332
515074
130512
284446
42972
803081
674528
213583
707951
350256
770016
737707
797704
505752
632035
167795
720398
520846
129433
98284
801884
822962
302123
131518
957987
347192
314188
291338
7892
563472
85354
804936
854087
477143
384969
247439
667850
743762
380562
199418
4598
532400
872401
740173
149590
405744
571547
223190
327602
987227
440746
974832
382628
270797
428837
725261
203240
753552
465898
706270
909790
195419
382982
612524
277245
442315
730412
445716
56996
317030
258593
326661
547987
210709
439057
989289
252118
357219
173006
947257
947882
633901
875072
210022
563247
505114
826680
207210
794410
830004
492274
763193
332584
214734
142758
96551
216494
794552
985623
621093
926290
690336
455500
245250
595479
522963
788513
509065
960856
534286
857865
550529
904557
995110
218566
212512
307311
441493
249747
923408
402170
998921
834479
257331
724025
872022
495392
744344
62
37210
892431
108407
834139
435613
610529
434478
274908
511336
512230
749919
127225
886844
722248
688168
80097
330984
631859
500824
251464
53872
636007
526290
300277
53344
122408
193826
756833
817247
852643
860757
165294
215550
980108
284391
100151
331922
94354
402962
996735
673645
851116
133391
849806
695313
987153
665142
846839
631447
524101
105638
233294
877267
765433
190999
375214
321512
112061
387508
55148
986649
769077
134972
343837
721958
320623
38696
646334
513703
729936
779298
967448
599526
394
424874
727168
68540
180433
108898
144070
977534
375479
675465
547923
976193
673012
64560
133115
303859
246382
148068
787731
52280
975317
462919
55649
877213
858751
727307
308480
269656
729553
265525
296360
883271
840347
255160
910891
729199
209289
458176
999443
698686
129906
822612
486619
950604
321525
529119
797269
967451
257910
402919
11953
654927
61565
596764
545007
562332
350225
105296
14516
66892
473967
141155
613835
487966
806577
502423
951506
783366
49484
315194
376651
911345
410142
871697
335367
158682
995719
310619
85892
836231
640674
860407
474
364068
362987
66149
536005
155919
540891
837929
770089
821089
699289
320189
346339
201897
721381
846192
972872
720417
789635
210171
99557
119737
612597
843216
725635
260380
97068
620781
205001
303859
227506
76120
361399
748305
35599
595401
688738
976862
666188
144010
354385
925343
251797
69557
404640
865571
798303
618364
316772
111389
829938
689546
268015
268507
389391
677785
870572
641685
842575
963023
757308
973664
489975
805474
516819
650213
883845
247479
486486
701657
694739
178205
130526
817779
797974
43843
109993
617050
133680
324932
36723
503101
625733
508825
367474
96073
947759
35229
133520
366437
955777
880923
72208
801218
723597
764800
197131
706061
841326
660240
360644
483791
848928
716407
457652
353554
140064
769920
336553
156245
837568
339292
620802
647184
57877
643162
118874
10977
732374
610833
485152
697612
891751
691594
174434
788289
747833
13637
985682
229916
923335
846196
720758
162874
340824
168126
682921
204646
347869
493516
120460
301380
231245
793485
539932
682703
833939
480799
115329
399479
137829
216354
335836
442668
39767
47982
542841
371687
526630
801815
971486
869841
311528
269741
510278
448745
362133
620636
626134
703315
818554
577824
754633
616025
489235
514167
951070
630965
571876
257538
698231
57779
434122
811067
245259
822757
284581
83053
769590
826399
278103
592596
786980
487245
659264
929168
186616
243867
394054
920788
796072
482388
656875
903537
33524
680557
832639
733260
160660
54227
214771
936995
146283
531745
216494
196005
624912
411178
772610
735683
394241
960556
529509
81968
396491
522193
463691
255789
478564
373526
349030
469704
566934
133887
893486
806318
190040
743616
472704
20521
87290
335126
668126
336420
163800
836786
382820
602281
867735
582129
42493
636810
471316
427902
495831
560894
90887
215986
310653
425303
896270
789361
152009
255295
632218
867174
581051
456566
364745
660944
454373
280623
294236
955759
451607
965088
701432
738159
975323
925196
324778
971526
469113
52132
723873
661226
376932
197601
118459
231318
652513
253
813481
667191
115002
372650
101981
223114
804260
851755
493068
467763
991415
944565
685965
484685
944194
886861
221403
7470
289622
158020
294587
877713
403053
398767
469643
146214
63182
657805
578834
535853
932960
493588
642343
509274
770285
938088
444764
114118
161501
106661
244613
273816
292215
290817
504600
531383
183546
828986
548548
569816
102031
343359
11511
345981
614516
462029
562239
394978
402155
837730
492920
39384
23430
590043
808845
711154
135435
139048
313648
706443
497861
801671
349595
685396
787492
122921
795400
492251
412942
357349
275255
698706
444189
591594
799561
156233
183691
434083
359238
802892
19476
193984
102058
120351
115753
298625
589822
874847
426322
656031
972341
781092
662566
243187
446326
648981
710892
425284
60861
914267
228667
458211
459016
24351
197181
703184
509324
282244
269526
467779
24739
184976
562593
282626
592666
536282
294698
568070
25457
538802
127888
566636
615165
462710
978607
704169
838864
443719
744878
314048
940884
757396
226308
448556
189408
13868
917004
779462
367540
150498
517411
27604
680758
396956
690302
754305
647909
411577
32913
189999
923199
364654
242151
531674
691141
465759
262296
925701
589037
519703
463264
713140
181623
899041
63757
765020
56394
993415
333471
13723
27179
483504
56138
667982
598484
908297
477598
867066
204019
614921
660120
785330
591349
368985
545066
991395
173740
114747
89494
311663
349889
581967
951944
893884
106059
252763
891461
673728
300058
689394
787527
481919
111468
423002
165928
154449
361637
234272
145649
677443
876760
259295
201269
136589
357400
458486
50043
390959
622208
251938
681192
812038
97032
50951
254388
799243
530683
245791
155047
630914
567633
521780
418379
901037
704115
120663
728473
756097
148188
188882
443040
260445
472561
313687
330264
55384
966735
69554
793002
891574
744207
148368
458213
308224
848701
740012
906737
578054
201926
106315
460807
733942
202660
226846
711409
965700
287631
648586
184701
684674
875998
753257
553140
433543
174859
141699
377058
572845
912379
354531
635581
848546
859082
975578
45399
604798
425904
749248
397267
969278
278302
213732
890871
729002
282464
647182
173165
945209
130677
607364
553876
171841
432612
564844
244678
575421
608026
984810
556775
678561
909183
54415
416683
782095
935982
84854
404719
99941
458824
188822
102746
654017
347773
268623
14045
390961
616958
758567
819338
551529
253971
994213
980186
458516
666053
121702
256191
117544
386493
221634
183454
336011
869160
457008
881851
308
202058
100308
906673
430985
196259
154779
809465
704983
134345
142878
816111
611192
559780
338217
204490
960246
232196
461930
615646
153511
340314
399498
392714
934225
302974
356063
17082
588724
252824
891394
539407
505667
210759
161763
20022
489957
99231
248168
322883
285865
103347
241881
645491
473603
374390
840939
27407
584882
530736
602790
52689
527698
479977
97015
696643
357174
125308
526321
98949
762819
148578
786509
254292
826743
580489
277512
950043
790981
100880
980417
10500
934281
45727
358665
356825
151481
361456
691927
752377
83766
290837
140928
888546
512312
624004
693938
151784
688761
506132
94966
348708
409184
98759
821298
410564
216220
282181
961308
432237
750494
559969
309440
882571
7548
767203
506603
847114
98925
891864
249967
572712
354690
597976
173775
728107
59197
799630
213279
854209
894768
605998
846619
528396
215149
237736
841183
619513
305906
825041
776404
883810
271512
471824
570108
277732
153589
962725
504530
323783
69086
526330
195267
621304
410951
161373
744228
110341
666285
403832
132908
251210
681048
202105
956649
312820
139906
194602
882698
361179
826094
661267
398690
452061
324925
689514
216348
184525
660021
907024
102391
28045
850889
871436
736049
610647
664654
613220
929187
512903
411563
172576
672239
576200
387765
943887
822193
775388
36145
734249
879414
948267
104309
62441
64645
523856
826748
814066
29678
693596
7267
714847
193562
389195
787075
602771
282172
970509
75885
488447
98283
765651
495446
552310
979611
383804
57652
184852
369745
253386
291999
292967
474358
45131
105667
938242
910013
755543
923043
612582
680909
419825
106510
786578
682586
536338
825621
982407
230139
13152
222727
447958
714429
225464
805913
677035
749088
575246
888156
55431
768307
433275
216203
582558
771308
324688
664902
145355
443558
335778
363086
206185
959814
518190
274935
447419
5628
410239
774595
853854
46867
160209
106201
395302
140351
733093
665304
115736
340165
896141
488136
373056
246550
273052
248303
857352
887157
748643
841543
405945
80477
400735
645430
426551
441639
960966
223628
976713
854660
379024
681555
793887
26105
548633
219834
628461
176471
42614
834366
236777
327445
96525
742399
119718
833673
245895
738843
266024
95866
498509
627924
997215
530486
547371
108802
326844
9944
648724
829879
859261
452623
929956
225694
108265
408780
808222
740341
445778
835656
679637
47966
390142
175540
548074
714725
561220
384897
410636
41815
289176
190965
78930
332016
871733
777375
381007
315751
787189
958356
709484
874121
105195
525107
685244
579972
3366
763515
302725
222393
759313
804321
84769
653978
966069
970091
46230
617570
936821
85255
910747
255666
877402
563413
829521
499864
971795
111444
153916
77174
501176
146867
1001
237289
626334
222155
638218
544491
9861
484607
783506
381771
327112
709068
627229
967475
886428
585125
900192
877152
917192
255414
406232
392542
790457
510402
214693
867437
843040
500128
46288
821382
663992
650858
938469
870716
757943
520108
736702
465285
924780
267219
158710
845446
122468
157623
100796
634176
954367
765790
73818
696156
187909
949319
250339
821118
891415
615785
530554
884368
785251
481514
203489
854887
590356
802243
249560
84366
12721
214669
767726
260695
987449
180340
915073
495876
722168
395639
116014
946298
920468
135339
347954
355961
906411
405705
387241
372805
802082
521302
417032
252262
834379
661190
61266
663637
270012
831108
997439
359473
60469
18704
985468
280644
457559
122685
653553
955101
240226
578599
751794
322994
793308
592418
787591
425618
278760
381314
457194
925601
429817
590537
236778
159143
717545
602703
618696
737864
415881
182352
842656
783885
159533
813875
539583
555359
678953
229670
60183
502368
171895
414381
661462
298436
29250
212836
908739
836236
429113
484118
36102
131056
846830
254268
3004
168890
713251
992686
374419
542082
102764
552289
233084
674996
745806
40299
508265
344660
23718
100282
82319
727191
947220
902246
883150
38294
529716
158291
508310
304831
695047
713810
112174
631957
949931
627135
177269
879719
246951
301957
592450
26366
851574
223866
964950
93022
905173
61246
211138
846594
167795
785735
827594
932395
943871
133058
352001
71235
641452
745244
884593
640741
500236
449529
311441
646846
362305
564948
61714
817610
819300
565729
401964
78898
385745
80379
535309
734731
492432
858866
435981
396832
528469
581883
305586
813279
80325
568441
62966
720980
232321
279530
703686
753692
320071
6867
837488
483425
87138
736705
772897
126350
586825
557017
627754
606758
250047
739901
390389
651975
162317
354763
159456
250281
992078
680041
740781
927499
730335
862069
214086
611992
94874
254852
185843
187426
406095
290960
409149
24273
509390
84847
328889
216203
238248
536970
454143
842196
901370
701084
749777
998412
182522
280833
331382
2006
884428
605346
660726
260645
289446
225464
812021
606411
581362
974831
677494
509733
979302
780604
788242
253269
828753
10143
75300
336056
275143
845487
837105
215234
175144
84508
367542
118163
422360
512299
375070
738127
436094
339288
338416
421476
996842
706878
215856
520319
54385
707428
205647
768899
34055
886808
823904
411296
831033
390939
529721
450050
672663
444721
73932
797190
566251
559088
49251
533193
492721
938123
606164
388938
881989
417948
917750
869209
711555
950601
816865
849841
587257
566658
970545
420787
830059
168327
297998
98789
719456
845498
215143
623286
955533
939304
585803
504283
108798
946655
570071
835180
67389
81041
563844
727080
517048
355904
590716
295841
890305
178542
252693
220130
47623
29684
79126
177817
727041
548249
890367
646792
654323
373305
242342
245741
364315
853200
212767
810088
742217
549759
436516
346340
504811
163586
313808
455385
719589
678728
797690
251558
971486
767036
390391
561575
934252
34444
847404
866786
297588
330081
153192
668210
41231
337003
397684
841562
113421
100813
539007
701117
350176
545569
679767
585997
264505
438571
595504
368177
654281
388613
175911
655393
483556
45969
895007
286795
938365
443672
899478
132096
950154
165440
890039
523681
809566
617666
836055
449335
717158
695740
686486
739073
228542
568116
332085
276358
239609
293943
202832
263425
885126
279022
516106
991484
945775
408750
223017
898485
12798
475800
163763
27276
628048
694988
195012
793894
571924
751224
337288
844638
909542
631525
227198
666032
934441
170205
422102
757185
51103
647230
966666
995914
536866
753130
250634
855284
475372
475549
71547
776560
167026
25978
982133
205535
959417
495723
416905
688839
740512
97238
298512
706307
54076
553544
561987
858756
284211
615676
265823
936704
298757
63461
358738
386510
402958
397642
50570
978510
214457
829677
173009
9832
822412
689651
349067
94040
467864
31386
676153
208130
833491
971727
606796
160081
416713
57951
758132
309946
203288
368468
853550
894309
285187
266901
790736
130606
519111
63057
706689
819201
752910
45175
736607
965571
822476
753844
404446
688618
804079
191213
903580
671101
88469
753983
18958
698024
456384
403044
851082
154774
435216
265809
362865
400436
477736
248155
597780
215248
998357
106874
559878
328300
996865
233058
295247
982593
279907
497654
961195
31963
628896
440214
154702
677842
601688
400177
510287
800058
988578
768016
444575
340823
880028
390291
966627
451149
376873
806082
996149
896018
76691
273985
98166
434437
683438
944196
156312
264869
670373
164491
336180
778665
812792
374979
973540
133331
999060
993614
417244
804529
668445
2388
389524
156131
247565
836916
628803
140157
74396
233464
267299
738260
511507
311953
321490
493771
659451
248431
626614
794654
239389
502854
663167
801053
214248
907256
768326
999542
947998
136311
237843
776534
517561
397123
95993
373970
486229
553264
756311
132802
387842
853936
507148
148147
243347
625397
554136
233318
380652
344609
939861
59464
944711
25344
703426
39670
379094
417062
220357
692398
334648
173007
889544
563901
915112
514232
724433
356971
120189
790626
78371
506799
521591
979705
514336
714422
532227
644439
389347
344782
792625
607847
946423
532076
259021
26131
192572
168717
819441
840968
220926
69469
979031
78833
980383
606476
407482
59524
267509
634723
405008
565721
553794
921553
528255
929063
310088
907990
755164
282584
219497
621235
264421
644622
333192
804590
909292
782311
399694
793238
336743
630153
767453
658552
27828
255655
783350
180484
384569
589957
369091
510442
919824
958447
373987
981614
395350
99880
456451
809108
445254
462431
267289
410451
722072
59000
67155
818557
313420
484723
919816
951164
728190
181781
750776
190737
415473
936260
111784
189641
772511
273292
542696
792107
761878
811259
176739
621781
234221
90345
729841
952198
879316
49679
934845
573261
940211
927471
285283
346963
375486
917705
427118
294794
393317
816899
913166
459074
841170
112245
302072
304971
410839
287320
568096
48426
186325
190904
505237
540576
889420
366022
961520
233909
628990
178289
635816
10425
620547
845948
742823
457251
493980
66770
426968
746690
396776
963918
922893
122038
576850
848043
496789
336745
222772
148222
98932
416239
340030
600572
261120
448552
234277
606360
20914
713588
737870
998055
145675
812497
505705
653534
929715
461768
245965
359776
86479
621306
353956
864774
322496
515799
439108
269883
416977
281875
297403
278635
310251
225513
619760
380928
98471
837575
182044
738471
992525
102956
174787
619361
819330
875387
906418
301512
653812
477239
371399
990502
68997
42790
820639
39567
966474
800036
126493
732206
12095
420197
419882
282221
608299
740882
241712
553934
670584
535208
345267
139659
418697
412180
912078
880249
9718
481463
307516
626855
874602
913905
576243
831779
353212
182650
156585
299653
408248
97367
20395
295244
29641
329979
83544
113778
700041
820044
522985
148155
158505
289111
733565
838290
376990
134544
601768
599840
741088
250507
494805
105479
497040
334418
930891
563997
358000
168335
582404
113337
503332
875975
604041
693792
559594
586756
355426
62799
379733
698779
349064
386784
314240
117331
170687
183539
399417
485222
15534
5533
640084
654680
294481
410449
970792
607389
750604
670537
798841
362571
562857
808716
173775
986573
643732
345947
567820
844513
586217
98915
945879
183330
189336
665561
326402
943027
8611
20542
502697
41162
174908
708254
919105
274371
467028
16545
101269
463681
60160
397672
41989
732010
50675
409495
269292
569535
98845
971581
324395
821015
584325
953319
507067
126669
717275
644577
332367
959469
455763
542083
567736
427326
497338
263857
866497
169572
726953
408158
614714
712643
371151
161757
180701
282728
220963
958765
215873
437005
199433
69957
701198
146087
77013
827657
322924
474009
343906
474860
929646
466276
401915
28077
920047
790600
398612
517508
662877
556178
481722
220161
135206
308802
816051
147318
450523
746115
139822
515249
90368
235793
351353
492070
364276
755612
330192
658867
484419
146413
781758
306291
487010
514518
67889
34983
19225
134051
385164
360180
708608
819740
65138
976722
796035
12798
255882
552857
738740
679509
526713
363445
240300
172756
961983
552775
500478
570135
718694
139000
187722
79032
151445
922980
808029
847082
15366
431093
824846
68328
139464
926631
422341
53925
362186
31173
116869
391062
137543
420234
90202
831331
313732
61639
155629
251355
558854
414325
142460
832088
651594
197264
549419
196088
162237
968985
262417
70743
797000
627666
603867
162520
542999
862187
431331
183873
848139
301760
517779
877009
47497
766490
326865
136181
831933
264880
624747
610576
127746
708465
441429
290179
689057
330006
899378
681075
236105
85993
929047
318698
509971
629412
704804
188712
981712
458388
236857
36059
773664
681438
891635
614260
157754
238043
902315
694248
156574
346922
415632
949238
24931
602930
901611
903648
384458
972204
388489
541960
470476
49612
748430
773374
129804
220860
467651
787711
512037
119046
610334
930758
145259
597655
161973
658722
270931
863186
927107
663286
98850
420986
828507
664914
351554
438189
334435
224033
23607
935533
15294
334527
569159
664745
81604
127870
963330
532980
748507
888878
472723
890882
786367
467717
845931
146896
520124
827206
788230
290641
359553
990706
118050
433720
485592
525341
788432
284157
429073
460469
814195
500991
994684
615874
86088
583898
684830
187603
182219
326541
788419
688355
616295
62966
796653
819483
650681
209104
724571
694251
81388
490322
345592
433023
830106
201445
55246
806306
93678
695727
582973
785670
649281
978978
286139
427683
573427
642036
168937
465336
716275
717451
668701
220818
193982
346239
340466
268203
849081
891728
176278
288700
195349
49413
791897
794925
799413
170487
892466
166993
425571
690778
36489
133750
269731
728613
398502
464943
188797
923235
902553
748055
542903
268467
576700
983778
85998
415468
970742
105494
382339
38349
277329
121410
826173
670806
285425
364849
536456
999588
828795
576661
938821
822610
94111
370790
817069
281470
52819
782934
190705
762403
582183
312820
89274
295045
986427
276272
97563
849880
686696
923005
919755
751789
362930
828482
133429
110361
950176
479678
249190
288499
229651
997881
974031
911788
106130
876338
978206
197014
666203
936370
484168
763930
696577
513090
451053
487565
263464
229566
477318
547399
136731
875950
958502
750300
572027
816893
810234
158871
589738
58910
673448
841114
432102
971423
420035
263854
551477
330396
531058
397894
463060
325445
521104
753827
773038
40769
372995
427297
603773
587323
366168
943147
301138
458152
705565
415891
525855
564549
57379
599608
334959
955154
793050
445067
396138
799932
574194
868612
630221
643488
637615
295636
323873
121858
874484
240562
243445
93020
228490
986816
319384
530511
758301
311639
301766
380951
774994
915308
409063
731664
953990
870043
768766
992320
681553
859750
332911
431480
461884
276943
305746
727828
933000
20158
150884
701606
227104
766727
240154
531058
78462
874823
764394
113515
387760
468911
17352
742688
186409
848288
613093
112744
638100
495174
251510
812713
525421
451712
160162
833160
453467
709340
12885
246091
544176
300093
784346
873247
587010
126986
474208
786793
848328
214818
414494
568036
511726
518622
964047
120628
4327
210978
139925
326285
642856
905626
825666
573914
489824
772538
688094
361890
807661
549150
240328
666540
92574
173216
296188
603867
840607
902048
297201
746148
505898
687291
273828
112896
356987
422217
595885
746908
56914
502003
952895
527494
784543
833552
609751
655322
884262
842534
391513
770687
884376
319171
864093
868861
515165
252070
318340
383831
440950
790643
61740
334544
867223
451584
996097
747333
751465
861810
517975
105513
675272
570802
667625
725246
111945
821236
119886
718251
866306
788576
663837
297384
130369
634034
818375
615726
826558
840190
364802
176224
715391
495244
65024
952312
46473
874772
549422
68531
75870
510205
224216
285241
919737
194844
928302
197803
154925
859995
178711
889420
437098
967424
90390
499951
221037
861364
447685
268984
848814
463215
201661
257162
808310
552709
326351
536208
925593
400128
921462
380051
552387
638791
891771
797207
302666
350180
45540
913034
189326
455627
345791
847830
702751
837601
572214
982680
757115
354176
702518
322446
311922
719932
366481
881938
108622
824322
106739
818395
540981
957984
542505
162214
902803
359070
416562
875962
852059
416706
334068
964266
196268
250651
472892
300750
221645
80894
501560
181847
6288
514430
734980
843314
866878
817773
637407
238010
394612
800292
475220
372676
465604
681962
795359
732211
668633
810630
675859
852665
645790
237899
428931
961719
755061
37001
763850
506704
156515
975047
679777
880941
504719
432189
970003
843601
444307
928033
15158
947644
182700
352479
391145
937280
65012
141072
614426
144588
861623
573380
869051
59738
915854
732514
452745
24400
456266
958864
351687
560791
631944
470696
152769
337855
230695
835097
509891
71634
172763
412165
600380
505334
377049
966522
950575
534283
839843
512746
923596
112023
682180
603176
785063
771451
26745
807974
582328
202513
944057
111556
50159
823601
980232
953866
325432
405289
914549
40160
961819
343862
637044
625865
810211
318215
227287
510220
256055
817773
214984
10846
882715
979137
42108
903089
500124
149724
779213
489103
598157
875782
593043
349700
620675
300906
576815
719093
39840
43393
308604
959753
418158
355479
619564
788595
617959
91692
949282
920175
651199
726293
588066
226145
706248
761376
397368
164037
266383
967312
102002
256499
104959
155369
985672
997469
519222
825865
147435
859094
99081
729693
779956
350007
908074
278068
910074
672778
680955
284483
952099
385467
220523
773384
600
783079
363017
521796
203436
410107
508134
715812
901699
906935
511401
429707
92364
445159
59021
994079
7257
941622
757562
436386
272320
934426
340347
728093
593780
8155
562616
382829
698212
372916
758107
306531
924868
589588
578587
966523
497472
994936
28158
966347
365605
430568
52563
673042
527561
303256
155329
799758
819817
245314
680560
175711
230456
942116
268222
348936
331712
727525
445575
916696
372907
722417
766890
188332
229315
293160
549977
920294
166059
759511
191888
171262
287732
27343
154915
367500
492070
742530
888731
650021
868959
127767
190924
752311
12176
429075
121275
461827
695085
324955
214906
517577
141937
136373
834920
655356
494628
716261
390540
623683
970406
222269
755210
693164
777909
186522
769297
977925
813134
875052
232050
636863
167246
100277
880615
617642
198076
600739
587798
814149
67690
705668
914598
542006
331531
561274
929738
48022
395779
332656
826618
65726
428908
193989
245126
637698
552066
615372
225139
426920
543566
165908
34135
953048
547080
467476
368420
509309
571023
164781
379430
656149
903538
116878
353052
696846
725669
874168
14052
532538
477619
544854
537702
350821
709750
261731
736372
36570
364988
652573
650695
931147
901960
591465
875936
850691
220450
821831
528488
912993
360407
267861
697403
614451
442391
979077
807904
286446
893753
882199
586482
841510
917484
798895
780521
953320
34422
751869
412047
822118
461582
318792
784465
231390
836241
965095
912031
359791
747388
375135
660751
990514
175026
58300
565028
41803
140315
694512
926720
647154
963063
923463
978744
63080
131222
792314
722746
172110
581759
497702
372898
371223
712760
402227
287756
542699
759410
465514
433776
659256
384848
837743
466584
467647
811697
655200
189875
734751
980703
562833
805869
425901
871633
323503
36460
583606
274592
118833
180513
157021
395799
722031
41904
837828
852620
459143
452115
924525
755915
653397
539346
904438
268864
216264
669730
896519
452275
540968
870096
580641
479067
606648
412999
811126
920676
108867
798952
425333
654753
792354
511023
406849
977666
658728
505449
6794
381598
767814
561120
819845
148890
121894
773656
76089
578044
765993
979135
941862
408797
458851
401308
975113
499044
610597
643263
691786
839927
752505
872706
173322
382945
420168
55356
277372
163252
768535
754950
729947
227701
890187
114552
718789
356640
281904
743477
283368
947072
549218
422694
677102
535199
254451
27609
380772
819652
908778
402440
23211
846567
952079
249152
399872
716384
116108
24259
734754
253548
575593
388677
630029
698037
105739
127809
128553
344219
106073
576337
919755
156252
340132
756273
51868
824675
395972
415051
81805
191986
406036
913608
191486
215984
437075
680450
671817
842809
628450
109955
908394
688240
740098
216372
232491
181513
960887
913232
800015
973666
752677
463275
249384
419585
65979
368500
582128
617195
603746
134464
159997
515278
850392
130244
63915
383127
349276
279399
309018
470931
746783
34357
64173
805351
751504
814799
145689
642831
576012
467928
448877
303198
339224
460669
701002
250031
846594
252201
827913
594255
310149
506224
46804
121727
992853
309682
268090
702406
916371
380312
855964
880558
388322
773576
628793
275241
795505
900001
739715
172533
93456
109717
617175
788669
135812
858259
187725
31868
798769
68452
823617
529408
92284
741640
904291
65523
775651
17211
957486
784201
359488
434189
597886
954981
421837
394563
824585
196651
672403
417854
501751
329536
267602
900204
356506
912923
411617
603490
517085
799300
470606
225177
179370
87346
86654
237077
275946
499825
17856
690780
611433
630534
596332
577145
574499
99777
829777
195870
882317
164153
93155
255337
379522
150489
97758
615822
710563
6017
403694
304320
119428
593794
794773
423934
430541
559969
463837
820256
740107
632373
744895
950634
930790
902023
79620
35855
528208
335301
647825
583316
835177
515083
340140
150441
218630
68343
346548
858864
501976
873074
511803
956270
661149
368969
512219
97214
95901
65194
758222
565487
384348
842904
191762
279338
192708
737870
31190
920720
908829
758438
26211
94348
321526
80425
385406
204472
807357
216552
9611
925710
432386
431377
440965
801156
881013
422040
841141
266679
63456
479254
115869
190423
51159
85675
487030
672387
855489
816126
847866
838518
165539
767699
524652
502211
727811
431993
428492
260455
59512
309277
191946
653013
672566
950674
233783
527321
591959
916626
852309
902559
377073
468574
716933
696007
311749
976195
944860
230291
692997
173457
424945
146908
952089
837550
294854
273199
341326
125118
600207
220471
929993
585408
609833
414915
923331
42167
111071
261281
401150
827102
541259
685788
663686
543136
640116
791776
130596
185783
740552
51253
84274
589983
98134
579092
180935
589612
13976
606595
154454
585712
493315
988570
353688
156026
874960
238425
559547
404628
120500
5075
464041
341088
625241
367698
107563
340810
32822
784044
762538
878765
476711
229888
284928
49269
999603
499401
691583
557566
482275
831686
579213
397044
992366
722778
796961
479359
439966
345040
331264
831298
205058
268133
633757
889296
196188
243113
973880
491859
293130
450138
84843
47551
36818
85000
368577
268251
490287
985829
247819
622098
497015
543317
780187
815378
680092
600042
763536
963626
945977
813482
246784
13331
59039
430976
904678
594796
172761
354926
347058
248826
857037
716621
103880
797586
760587
743258
485631
863817
469842
427407
48940
621291
763115
654677
388335
842123
428247
696470
254962
709131
350371
853624
858328
12115
412751
126606
438165
919425
49343
295830
184907
518044
234759
958603
807530
340636
780637
278036
797621
832127
131709
641586
498169
417835
347072
33889
961359
349748
824116
880872
328328
661053
437968
396593
887395
469698
385374
10982
821335
357677
69455
75520
995465
193213
731996
17189
312445
197385
373364
205233
737540
608301
327982
199249
653317
867234
191250
191679
18251
134707
522056
351852
229697
338852
621763
110459
798253
74652
996238
496054
648252
221317
812511
189242
261120
176896
682658
741180
880137
511201
875806
533510
641814
112610
510629
529994
879421
170072
608299
47350
30748
203996
760761
356596
304787
340939
323976
238409
943562
416103
924838
477955
258389
542955
819183
32567
79150
576196
736981
58685
693961
462025
863318
151396
812866
254658
638699
246698
946414
932563
887165
110836
57153
551862
829204
927835
437420
813900
217678
394032
638159
347190
441187
757446
8483
819168
642036
963816
75023
929071
877864
666300
71756
86492
890191
265496
350736
293508
306022
943038
431304
671926
823824
765495
168203
450335
790203
489235
140991
855664
814425
412596
364165
608654
68968
210128
93610
655538
397239
541672
755650
48225
118365
483111
700737
921448
764260
652000
185030
167640
874936
766732
919262
154531
311805
882344
484264
432422
197204
260042
493720
175509
177788
786509
478442
576104
970213
680789
314306
519168
106372
144250
638592
435188
497307
485180
629348
616724
946966
860135
221257
179739
187275
488900
918296
308217
625615
198035
596192
523164
199599
203289
503681
543970
183430
921537
73564
68037
693863
239191
899902
532703
305131
864774
857880
447277
101471
626791
6709
747578
937239
343642
571553
970085
866759
935460
111918
778518
205355
578116
223458
838909
354143
161981
587940
528681
533759
201794
275786
827285
3334
654079
702658
451308
520224
554502
542432
934039
916569
894008
579246
43104
241515
63896
420986
179923
976252
56969
832764
149862
781681
653921
712812
465517
337288
281552
253175
992072
29165
593500
449897
678044
257041
946750
266627
271373
299152
564199
56094
73553
757844
344093
307638
820091
629775
982956
645098
690272
596370
917393
650733
463514
532004
712359
531061
493216
294610
563314
963624
374511
678
140647
248824
711382
940090
534677
896148
677799
849452
583076
353000
947059
729806
256905
154396
251694
283711
893058
147909
265713
315843
101528
381651
411514
806746
504382
311176
414167
639441
154870
170192
756920
325053
846988
151449
359733
321710
378122
152606
565927
29112
73340
786101
122662
714806
551038
382187
414610
526490
715366
96541
297166
349197
990218
784979
731750
201273
131122
812932
888830
919781
160039
478205
336435
485846
930723
884660
803695
204323
216967
774343
973547
919804
634357
201088
138355
534499
142471
95999
602669
905864
285818
297691
723752
907967
419490
531517
703626
236675
739673
972021
603593
525111
318277
590684
54549
888768
333801
621020
634180
547240
702770
872302
800983
210772
892156
443633
312675
861930
969047
951530
594294
499495
580854
138790
500555
451040
913709
68356
900366
178219
62388
346101
336070
15201
471336
947326
987728
131874
751854
113090
412884
516813
562966
296923
961105
137290
383291
355224
492087
157507
717769
814924
995371
527727
634348
71022
647943
493259
585467
553990
939827
672688
4644
107758
630338
176916
717284
560237
454564
327805
888207
255855
242899
7913
533322
381510
81739
250779
819867
257106
593463
851950
832020
325196
8605
824471
686636
842708
643424
922740
362687
878144
795385
697669
642147
687176
630877
94428
526884
128394
173694
667686
61217
227762
335663
137061
114633
654047
113015
425710
735628
38903
687221
783603
602812
5466
278522
700538
405277
699866
209180
266948
982634
414191
592479
531951
482709
636554
308929
901680
52898
432787
371610
435547
665881
118505
701689
747582
163775
698052
428682
914496
501751
876015
334189
430763
501073
436490
692864
690076
598637
607102
682760
809301
197277
706012
31916
638063
668714
88055
204848
526311
917744
423774
617177
899579
644503
324839
152354
842859
227994
794340
566884
344945
287555
23350
175954
135518
678514
476011
292437
676822
315518
398098
936730
414852
168602
820302
684554
336790
509601
182010
407102
46177
424260
347513
182328
375167
290698
230916
426329
920726
233130
27544
901970
113815
143359
903658
913416
835297
631017
214997
189667
750346
711112
838933
326443
714810
379674
103113
28092
242663
829559
809642
917794
611375
606931
262294
519696
452596
845113
830259
378201
511165
806686
928970
948226
207409
907911
736703
84885
626728
316744
62360
397380
653026
614603
604157
385744
645981
36790
281791
56937
425735
387197
559878
654631
309490
36520
377346
185780
25436
746825
589822
378155
238011
339175
153133
984676
62432
588849
55325
335374
274457
169333
553990
396254
503752
924127
482556
436994
542908
460929
1420
233736
20377
418811
286171
86387
348227
938420
804619
991924
806315
992579
492959
273229
57091
566763
930639
796954
991361
44265
563380
368410
669110
243673
828134
139594
297531
74797
460741
583281
45533
132373
325704
706071
979039
985298
321397
416381
387128
172720
81138
81414
1241
280235
838057
14776
342883
287733
298896
627207
849273
226211
712944
336990
187084
568799
745782
658273
453922
736896
930008
7223
101189
680339
970828
775730
700327
525552
511011
697316
973384
837594
177854
715531
301913
747392
687961
761400
628708
337665
856187
808300
122540
771324
64518
18205
388551
806296
324562
945325
777450
463559
963275
843358
966266
806882
16535
904206
769940
183574
963245
119546
109169
225904
905043
160230
165353
735908
549109
217311
795729
356588
825464
799959
429701
734648
716053
701323
256498
354211
750190
375663
72627
301499
130512
585605
552590
70230
631450
717766
407241
195894
917950
919811
193936
340528
673703
660831
909979
528320
584414
576665
716174
623413
516127
749607
378893
282924
481549
955201
299571
718332
32581
512149
768470
375505
533843
596917
784929
889403
330372
778729
989005
714550
623803
447069
707352
231939
686181
812328
495965
899690
58758
46768
223787
668582
521686
301500
686988
930277
826890
159511
728719
607885
371814
264130
404537
905611
125870
882353
143855
358697
619518
886624
597363
837634
872231
449449
335588
570979
525276
363883
284101
400053
484470
115388
708827
378461
563796
334842
373878
960734
105366
566722
404795
97787
652915
439453
118121
726391
208407
310488
86640
252929
842123
213997
207418
854934
629176
734004
483072
175040
26488
412325
844351
840744
431022
913390
301651
989398
672571
453875
438680
659492
939424
413678
443070
193041
959673
58722
587470
874266
202798
708610
806042
445221
758478
673800
791053
741156
777617
513542
435864
497712
459265
226497
180194
710136
517914
508731
586005
190958
31579
225749
720047
661086
923975
494456
899059
356615
542926
608241
175797
465214
268806
791545
43457
198467
287824
256119
673503
430269
70398
658791
710322
876688
175795
71899
94301
767981
301057
972854
431291
279719
533556
556966
72725
878160
25049
329643
571194
944164
967778
237943
112157
488058
51454
250049
753057
307400
481140
960310
287647
682065
807654
558477
181106
871610
913719
283902
65523
118722
27838
249084
149760
981735
34692
264438
110726
816435
107830
719631
501669
862203
189262
787029
576815
60918
736141
9837
382006
96823
261946
665569
169310
890859
740556
370005
868510
637962
794886
273239
555126
966735
456079
240496
872489
384449
30656
896250
282788
363266
823443
116734
688869
284955
62640
71522
847908
806718
411341
749434
593051
412229
546191
383673
330468
735130
799994
358410
939191
234272
860294
861386
94696
666462
121549
946655
488777
429491
970946
955559
121342
376450
384111
109738
788105
883560
570905
882583
508208
292104
715429
900186
623123
820290
193141
760585
937217
573228
902499
53283
294830
891533
9249
6936
757202
940972
673019
765152
654807
782787
786966
202149
238561
809139
780590
548035
716931
737707
940816
870876
378747
180946
569823
378312
992349
784332
712612
342774
539311
549892
926682
87733
144019
281722
451625
699998
56084
473384
30649
997751
839473
432012
225113
797594
721020
356900
711731
460055
493669
600944
701085
524768
112866
632272
401731
823792
206597
639726
440820
112852
149470
244645
531667
32171
568431
934123
895707
609278
648053
28418
128433
180344
808129
840414
868680
283167
59797
279544
187913
469473
684659
226426
347677
592018
856943
27025
851061
413691
840081
891999
604819
138125
166683
124261
620782
400663
366137
215018
253856
21068
462560
869937
583190
8208
670879
909374
702655
422007
162863
998881
