662450
199085
695580
222059
52125
87033
474095
861246
8084
285309
522010
239978
93322
682352
241670
644824
108901
380752
92973
582565
645296
910441
502436
244523
41399
214677
678751
720381
613580
631492
203868
72799
846722
155736
413776
797315
439957
785607
867686
778104
250646
785783
762084
472809
71606
77870
776834
505267
205482
600015
933401
436264
59489
77973
9697
212666
309595
859323
33020
576708
5359
739448
33340
834498
629726
989141
548798
552148
260984
430043
964978
317514
276271
551491
132526
826306
557375
57034
268203
639575
66685
675280
862601
288032
309202
187915
670032
615409
556515
469225
208944
234895
312512
750436
119017
647285
510282
784933
558877
271912
558343
182417
604374
418827
575479
410984
232905
258269
49216
273933
135316
332619
617060
569004
965364
331007
289694
149282
252274
294075
138651
178807
327247
97053
84805
190213
56639
826873
567541
664357
131203
409217
657686
321584
600269
943578
864858
260727
598065
505266
218544
247759
388748
729616
477598
935613
777542
587388
854609
862811
993436
652374
251706
269379
776583
536379
774210
883403
321326
108369
862787
704809
847657
933245
645888
275692
510910
305450
923608
85143
550595
656094
56867
626600
582206
501866
924174
843204
132318
157101
40089
143611
739853
859527
978063
636432
645144
965752
113637
829157
486046
608691
254441
338648
468908
995640
490636
372681
211312
918381
18422
130739
529499
879513
891336
116423
612454
840148
47027
370976
33951
92236
82631
667010
291649
295935
163573
907000
54531
34427
392879
905246
264494
39128
91909
558492
509384
484470
533467
488154
843269
681993
35866
66711
803670
207047
619124
552355
371288
403001
431404
309780
141553
344217
595392
454039
256619
932956
141672
374967
713661
349480
973414
275058
174065
400814
200514
265389
131900
921060
768480
752543
461517
106422
295802
522439
385380
940485
370229
345920
886418
808371
143637
160749
10761
502107
319822
335213
990
138093
649452
390755
121200
444206
343575
406954
460208
946858
118114
319728
817105
355358
670457
620564
505413
742974
132773
914814
794460
230694
565864
803124
589359
301582
378231
338156
874586
169961
781646
710613
159743
447385
420188
925863
994820
591
977795
58545
416665
12989
62923
982130
233117
248802
409199
134707
395043
72316
973667
21466
258752
991620
733708
890975
961870
141151
466633
974730
871074
525828
421939
201821
364929
82103
88450
125985
793916
656944
383964
653121
759214
725445
47140
758945
704183
734016
868234
898175
912545
410721
153253
857304
113876
327221
916629
426393
824650
668259
822890
523260
557824
566961
336982
454286
866737
91124
342306
59084
997938
972127
652488
445952
739593
821637
285565
934514
991774
145420
851316
834526
884048
300805
155267
796712
545548
541521
262090
354775
49976
40196
326499
438561
594007
57985
445933
504304
2284
54583
264
737032
412432
388539
534310
616950
940418
976182
802441
529132
435535
316598
5612
674674
684455
458666
9833
560143
51541
519238
282392
442702
277765
84546
965420
283667
849532
802990
752036
308168
58696
718857
22579
544714
833021
851465
583807
947885
310066
841578
463166
636495
434059
969972
642582
669286
105712
491557
47505
622100
968616
724973
6329
696070
977063
386036
834481
517878
807966
680915
620483
529164
892581
278936
2734
971232
269059
98438
445125
712178
202430
107223
346879
890166
725175
59851
956482
871758
511678
59353
879967
860435
407085
735423
976013
403769
185920
376519
399570
553885
515593
270576
575598
178807
414090
300778
993233
118558
46801
933312
494356
301980
351940
26483
70282
933
912893
83749
10740
846052
620598
62878
892372
525517
205428
922171
761575
67275
640334
871536
320335
225214
193335
534675
976205
567434
220950
188115
692414
702347
689916
983977
779640
664295
123590
283870
119291
302522
207613
33385
646578
917019
722832
236741
842180
18749
261638
394126
231456
427951
604694
501954
860158
562522
590503
606704
621801
148379
190042
916122
158510
603357
518594
80249
684119
841306
106025
290249
295773
395372
403127
652602
65497
71641
663726
193455
779782
394959
923111
945037
881364
568558
421992
661922
455394
540389
932488
646235
849370
656681
377735
283347
832472
510227
763088
164550
371323
178034
279437
27860
94382
41722
997827
724826
905625
418154
747357
50476
633241
499105
765551
272520
352429
246717
875321
25763
384575
268885
643376
626528
669467
964690
13938
374889
668394
391429
209198
675221
135342
202416
856296
339781
685002
881364
215884
968155
843253
717841
65169
747985
28454
656773
75849
431460
832360
792952
191528
867339
100662
535750
541400
890951
479427
863068
85552
315628
419545
191648
975251
935745
688737
769722
360053
797333
36058
850254
843321
874018
124588
190987
429797
549250
794985
549392
400656
614648
422456
570313
810748
394523
352116
569069
997935
349782
153834
835967
123621
35086
901922
728006
301756
903810
63503
184715
739675
955391
197415
103955
180561
127914
465569
747581
455543
292310
542634
501539
90212
248505
168426
624397
765830
920240
122109
235538
750879
773192
788903
184598
920202
84387
71306
589086
345637
515764
244175
614761
995595
890642
968702
901177
844988
421347
385886
830983
252241
777199
694505
562913
647110
73526
504231
889835
378227
163952
601471
452782
409726
509399
694361
242415
860099
807296
474236
940016
886588
864313
414597
450010
659706
298144
860137
304365
838137
229229
940568
222064
460102
21516
764473
167643
395833
455456
521611
578591
432849
288911
712347
523982
865448
703539
660274
189057
659048
116669
261803
804702
416772
260093
856862
273603
719137
50287
912161
614833
877858
865249
479078
545185
606882
893378
879722
920137
717409
700529
166703
121796
251507
394267
609645
657200
409054
496307
889689
986628
947338
795175
860105
892511
868810
477381
940613
711146
370119
1097
520983
760564
824935
583073
979114
81444
986203
185176
421859
607190
761551
209058
267580
524774
642591
988834
985023
835342
818948
735397
548786
778355
503045
425311
537107
79433
643279
731974
399387
575596
427893
953300
485003
822561
756973
631953
496915
416135
691418
185436
264424
484903
250577
852050
744150
697546
608264
629898
440918
515508
248387
785894
199352
209155
665628
685482
587173
953454
411034
247303
487935
325924
908075
288722
56282
97006
409907
697325
459094
972666
830504
176871
89127
313685
470642
279844
457911
862961
998975
425737
224704
715909
248627
852679
445618
344389
637092
999591
510247
353713
158350
10889
786524
580985
247736
136049
527402
701160
779555
873909
370246
482867
825718
181650
138583
109929
676610
747835
496015
250073
263681
570632
309994
64688
748898
999569
444790
157737
214192
622066
14020
741180
30435
379363
163319
365597
14385
234097
473899
288550
97916
956787
552357
229891
465288
338567
189371
482490
603417
148615
554109
501118
58382
165068
663334
58320
618936
629223
817247
54390
110127
35759
633336
411362
454475
492348
818832
63544
240629
494352
683825
681628
863904
266747
336095
813954
181316
208906
585263
617502
203098
488605
340323
803289
521129
501328
495383
91508
920120
333070
402075
520364
796183
578467
769820
217344
544000
893207
700419
111185
466523
467446
368147
685158
491426
751785
603121
864188
975178
227295
727010
105317
364539
232790
622394
652755
682591
645047
92223
964878
446307
460193
669378
98976
530834
56806
112368
976564
987707
126622
750677
522258
282265
178021
211092
67693
278557
595676
770118
189853
431887
25991
778424
914684
918879
453551
990198
275572
182781
360359
710800
941592
973404
519182
249240
513666
839048
965515
338874
855246
363788
288395
803540
924259
230273
831656
326658
958244
534167
544820
770249
270351
8231
395496
890732
718602
823817
607292
851119
755977
120012
910395
873539
138581
65313
463843
194645
527242
654572
563417
72307
521203
159690
824022
628684
96898
47399
628109
813540
821873
36952
181977
924454
937047
417370
396171
303208
352418
981972
261123
132844
874459
508348
270199
366126
869853
45624
205366
935040
132053
248739
462397
200426
797213
278704
697200
605013
118387
34447
813662
776439
80723
259596
103854
432294
607390
337493
750160
519998
17333
63526
91338
911104
496290
407200
359515
610038
408782
128734
956221
468339
327791
718166
503082
285081
501771
795085
179580
478879
156360
527469
412216
708686
590180
824661
989409
309008
442201
974351
850413
583842
817071
911889
37234
67244
433740
250150
561637
32970
798936
562077
280013
137300
173
974347
81941
674244
724253
719394
303463
177916
318217
979742
595747
634543
998258
910282
49860
745855
97572
26542
996353
112073
914992
189453
634671
460276
440049
348136
529863
160304
876272
798579
331954
591823
566596
685369
25654
715874
313832
695416
372324
930796
258707
42293
109540
975423
560444
528346
929010
252409
80337
19586
838194
495491
688426
625682
490452
687854
955859
252082
544587
930446
552181
187366
434927
394090
253657
209485
238282
492310
445170
122570
727688
173264
223992
87319
25015
923822
961404
539052
569993
91964
788626
660632
553116
164983
696781
598172
902074
963987
438749
94668
707759
190059
760312
295276
717900
682237
270330
140895
461807
840578
186615
268084
298803
683819
166935
905811
433426
895628
99479
441390
618510
805273
978408
572876
208890
367507
709984
577695
285110
314381
843769
259631
929455
930971
541847
420803
966145
920866
615236
642643
907291
597549
901934
205950
57805
484473
536055
700437
342131
46405
703493
544873
841542
902064
491254
211619
155843
527987
268380
621236
143882
742357
733039
368308
637001
671899
920584
35322
254506
595874
649415
207535
680597
960039
550928
999833
117038
393446
422904
119637
86603
706419
49425
193945
395124
160097
893405
987458
110936
911391
408588
817709
953101
292292
251067
862143
47852
137847
672684
127396
442595
445975
810118
610309
194018
52725
906277
462527
569137
940554
42296
478935
394103
972685
844942
165231
539249
552253
548932
204798
540190
58382
117401
414149
767658
579027
946021
124148
395727
571234
374177
287395
114139
408789
840461
125773
548282
129649
74068
748760
810531
939899
643670
86598
211611
707801
622803
753188
629778
404705
640212
671829
170461
998349
29031
433338
446780
46966
759200
977203
922680
795868
466018
52136
325703
744748
2995
498910
47956
163536
126802
401075
48711
811310
809247
824450
769438
423871
94990
964448
854514
235563
497463
495240
388841
181706
941578
400721
51060
438592
102472
730384
789009
4968
5834
69277
387797
861092
547354
829023
185117
582653
391867
519346
809342
598134
148180
442374
146812
862746
133886
604951
564513
620867
17745
766592
301197
901028
40341
348604
359345
97377
590355
304051
640464
105123
841815
595638
438129
238429
126252
462097
182281
18313
682112
5026
843013
446006
457645
925391
788906
406101
621842
693221
292033
37167
579243
315109
537191
479184
320056
666859
857907
43197
955711
313433
819252
412229
152052
251135
231611
28386
249064
667980
806186
15145
756937
620723
520849
920963
183839
244112
166357
437671
490703
368389
85158
596367
305222
678277
403220
153561
643444
376642
792889
548055
288845
725175
778948
882800
514827
411103
276624
332449
32929
839042
861099
348291
242098
356778
91245
841980
627337
749980
611079
739829
928321
289133
242196
76978
132234
330157
992411
433710
129503
87972
280463
330134
735868
90284
636372
408502
288386
252621
501432
210362
80214
892565
228005
167855
960313
622849
850644
921203
720658
890038
340270
949222
658324
684897
856272
819199
450292
626532
408165
932146
557037
227644
8771
324380
26072
648349
949722
1522
487094
816547
642890
881000
540182
904512
40016
292650
482563
995554
673285
287690
701701
53548
533013
933923
500336
988970
998721
156132
942894
926116
102276
689490
482517
336887
98050
62010
852942
232170
143823
200142
961247
93848
101461
532024
888798
949682
554711
847287
608519
791587
568915
305641
655867
692820
39457
728484
721795
937008
962048
791301
823250
64750
768842
544066
118832
436348
34784
639391
901034
812283
585006
823565
269906
923367
311446
257016
258082
552874
657570
336525
315930
757287
727552
720707
967286
45564
64530
244267
219601
115827
944218
757877
144872
485599
803159
484202
664551
947140
826355
461229
623334
183950
289086
430478
429263
748043
336988
367194
959843
412640
261349
425586
212619
516439
947480
225643
678435
108523
965716
15239
854181
128153
388407
387172
293108
685863
904323
145712
240087
559019
998860
811922
984755
407835
160598
724032
282289
437295
63374
790239
449126
511664
587715
179724
935141
736599
132605
187805
37722
671855
757067
887258
745904
466153
388566
632824
12642
727434
534284
924892
332248
166268
871468
187780
595126
184426
119487
174205
945876
391937
438256
730987
286330
481447
290563
966888
890205
161395
191332
829495
494239
53797
818816
514063
125013
267042
745620
151875
587600
185240
471738
365232
626156
606740
817793
976948
189875
315366
571061
399787
490848
42866
648842
478285
254672
730116
980311
422304
591311
213129
331593
347538
997029
341350
340114
664867
180424
389552
373444
448009
506585
120669
790138
426431
807938
143811
757679
902054
977794
598801
19086
75781
335670
612381
191709
530056
747227
409468
250487
273758
110851
864800
648223
91980
758825
196616
385854
923026
466330
199944
754660
964199
380109
233722
128017
607032
964620
866108
244428
968834
7082
711130
723710
86802
850562
159753
347609
321683
819805
386005
158539
952352
668362
348919
835808
106847
987118
397196
541909
434669
504531
416813
570539
672686
99437
255451
897855
706831
597859
790669
558313
455722
623643
13143
663679
498522
105575
146451
94228
749583
389525
961877
588658
632086
253356
490093
718958
876556
219067
530671
980621
154598
977886
993362
943139
968242
918624
102262
253489
92104
795397
792201
430257
567453
313392
441433
332212
292156
206844
813433
611751
243206
213292
810252
397757
355737
995866
492551
434415
23288
202223
896360
459524
434880
583584
6802
53413
502980
624863
283895
114356
105156
815674
265629
52279
805138
571640
550047
666705
665432
140394
856521
716886
285896
842184
46669
534284
959843
250699
578377
528861
96974
884757
726201
402466
60252
163483
259806
801873
626389
831213
880077
239211
415172
363114
148136
862238
72265
45066
725579
433211
60673
586564
942345
326617
944468
96527
191476
397835
513196
969530
833694
453269
951207
853679
61599
328355
773071
716206
847778
24092
375457
75153
921454
603255
265446
526478
356616
759289
808096
266745
347633
363466
683051
450576
718218
405542
411047
716294
980845
834225
409689
867937
587716
260714
63904
727763
248280
504777
870756
293020
86931
370416
64824
927147
680544
273127
385559
822875
612833
733419
385212
445509
938824
193415
713768
626107
772989
16637
665858
340738
561574
136315
944729
768467
922140
8642
153956
500627
948099
71015
526684
265661
321679
699326
598780
116601
989509
870135
86246
780608
596550
683257
935161
591628
234315
862540
830100
282883
270833
948704
848801
31077
58222
932460
409170
484167
74198
872500
256340
847006
32316
675197
743497
390943
696206
544404
73853
363277
706613
410705
388303
423403
544299
132032
477583
806404
77963
807384
534450
317060
556475
273934
583060
795779
628812
458570
426630
921138
536526
315604
886916
388450
471826
283951
675729
957486
492421
35675
145886
971743
662459
874311
84117
844828
45811
687116
7618
905940
73933
873912
425737
555018
20450
237199
175132
16116
667096
571680
400599
623875
440707
496038
10517
677669
912728
354272
313604
932258
539273
662566
646493
479038
237054
967151
413769
823384
26985
672507
323733
366245
941147
922046
885294
491665
446907
277568
331342
343417
444732
922178
100240
281903
753927
839016
544478
643652
392712
725170
235093
411940
939765
924387
481112
789812
30691
504535
355480
104272
370441
802383
175931
951271
125064
74127
486579
176899
883468
980948
555453
222545
62625
933707
887047
175307
918587
694604
994301
711146
838766
506945
100648
472354
845466
50232
453772
850847
228253
134422
419922
106858
536628
502247
707119
375192
650963
655776
102765
323488
379750
82460
635058
556038
517316
835155
242210
394922
280093
240937
460809
738722
71296
827869
821185
645377
402805
961634
342642
984846
785865
868188
408774
923437
210123
848084
131288
183864
848876
224650
315099
403562
723365
570301
241686
692340
968059
329105
40
647881
554954
949064
662051
927704
101542
557829
962900
995380
302974
22982
916928
178327
49230
944192
94206
567405
108152
408583
891148
185280
326553
524899
799573
847040
294110
237685
315342
182461
185301
853730
889677
580298
639290
953081
385315
672675
418875
273032
226762
42986
242514
380439
87383
398843
756390
551150
95465
18159
190863
990930
696032
699651
843602
750943
293622
676613
543177
172014
1413
891736
756193
158860
951555
162803
571476
451884
298529
157357
53259
204825
580686
910598
838847
498611
81989
543128
592
540239
271779
944958
922814
435281
681545
75677
838023
304553
655691
518552
955195
534399
119095
384422
742622
94721
19986
15804
672722
775025
986628
848547
72636
644463
291535
770848
147520
817197
218698
361778
546053
458640
550893
835774
278149
841238
469057
130324
15254
747640
826222
943733
787649
397461
496541
634992
136228
152555
685911
819117
950863
226689
612568
307461
858323
795695
539311
421478
476775
480095
226180
827321
676174
407068
422222
974048
152252
834825
83913
501230
392326
232097
572952
584559
775936
454632
357825
844166
999787
213697
284329
222059
121278
912456
396662
418342
618827
360803
527473
661719
767016
498909
972473
153718
602441
490302
388063
911320
14256
630172
645682
737906
226535
371446
972051
104793
707312
835873
908345
884189
497261
913748
41402
920845
612529
366953
387271
845219
530567
463651
361239
542441
102465
120464
924039
282878
489103
605332
661498
384986
289428
600444
61372
387296
162713
365430
290390
194521
861290
817491
465942
212177
636672
563373
657683
9765
205560
277472
291563
372401
897143
878779
316349
875329
253349
411313
487061
415126
806043
224840
551739
722405
719124
902587
529166
896591
450900
297615
653764
839552
692898
450341
419809
262654
718660
75110
544047
76684
822618
963220
44898
217143
944502
912308
488034
371194
579975
610642
322918
64065
962753
667337
805780
872239
928855
471097
689880
810588
191884
716224
763317
885078
777159
871589
201359
678516
834964
877371
928940
608413
647273
265012
646404
444509
639668
136513
276162
118313
630245
563592
543573
30377
620799
597759
424073
38020
31163
484909
888279
331184
46012
684684
545874
265689
184254
295960
502168
464951
430071
563018
42293
297009
450396
321685
274579
786643
682071
438453
256155
960551
24706
80187
544145
30989
710336
915794
8468
621705
980592
727060
657926
356225
459052
261803
253396
414913
561379
40472
532759
831743
437485
793596
382414
352311
656894
815319
86470
249186
81652
472301
965000
625793
456489
462244
505734
918627
561521
292125
348352
267885
877922
522420
664993
877092
282254
31511
276714
968316
611499
857453
151784
898053
909140
635845
534395
395094
630027
563124
61479
142907
844119
845953
160102
463465
934086
981377
338028
463192
5966
313853
596536
892977
432593
897695
123148
601471
310710
865710
741638
751232
738479
951224
847761
286645
897476
152649
273413
54352
27818
875299
476614
173114
4268
51739
506656
644795
93375
399776
818113
548119
680399
76100
292662
655505
372683
963549
922442
834938
235293
359979
194857
927707
784324
444202
378815
30130
487892
6068
139118
252559
225752
106206
836087
442910
907822
476674
353003
177824
707843
958749
756367
245885
918483
862457
170234
889877
968190
605518
728878
980393
53797
546740
373331
734750
304489
666189
922008
979852
977570
429486
374323
456503
633822
934204
898196
468286
4821
227699
909188
279097
244783
84231
490585
858604
572486
426400
301259
34479
554876
842
65746
359720
959864
327630
585365
240563
729097
726417
345150
415104
970199
620847
114268
488667
608361
653923
416886
685625
377066
785998
23637
904780
617541
401762
991218
449097
976812
712787
506403
776943
158436
116107
904366
238880
962983
171290
322157
277580
930487
449087
888807
272615
846721
599607
275163
611474
930241
619693
844794
98153
238460
178552
44191
858009
908879
406813
670641
449144
563813
518276
869805
965007
855208
389355
38262
167433
330106
851498
166864
497192
192729
711592
196178
531370
46633
966559
705655
527628
465364
513266
289441
306874
572734
870756
325665
111782
932762
470214
170713
255984
859459
299484
482286
508053
873010
124308
935718
954651
384644
734091
119401
267158
551529
981725
726465
747461
928257
310679
505735
703750
887655
871567
771738
209612
97921
562855
581745
84257
838366
943509
735157
112743
756
711638
108102
769517
145973
381290
196138
621243
373446
115137
751841
811413
725170
391822
853314
941334
655888
868190
542323
133162
831718
351174
842698
452688
283802
186701
119500
554229
865497
322473
392444
892200
148802
385238
290027
709231
751815
714708
444636
697694
442368
308291
118291
951036
606997
697025
439355
373792
629278
539458
73122
458405
707080
242979
115629
436579
580137
948902
817933
721089
301072
919608
681771
926083
82562
901176
560228
414746
516895
412286
169387
920963
276858
460601
937084
572856
375614
828936
422914
75070
137552
896905
534993
509436
461126
329217
687302
438090
633702
95390
929989
999450
19773
409468
469076
494486
275491
239693
150202
261589
638505
506368
25472
493874
651692
972591
621004
868964
514147
166015
421755
412591
334173
778221
931489
235181
985002
633972
141988
835181
320454
591530
484974
742032
425673
229433
615495
308094
239092
581649
73232
230891
362547
131592
205442
231420
624387
659578
304224
451088
475855
126696
800398
725179
621421
667872
515539
629504
762850
128090
665006
741215
926152
196098
63756
256445
510268
252426
925857
404817
425512
845377
569451
441336
623642
574428
828900
454367
26699
244035
770179
441128
429579
47203
242556
21383
117623
704871
674437
998015
139282
347508
918806
879746
523194
457349
424388
187418
868005
446224
150944
783392
656523
236323
121506
151717
800169
525239
388399
471932
37344
673307
561195
797167
225288
196723
797551
973455
774332
413075
836583
973407
283863
494497
989326
131542
929871
770534
321871
472099
862123
805610
205632
241571
886658
605097
715966
118421
756812
342609
920004
584616
504424
896976
716697
596217
563150
998643
644735
949900
356638
951178
549921
587752
472918
347610
990001
566163
822283
846280
616894
508707
837137
370429
884048
915416
228435
790621
327232
338664
870325
33533
688378
685875
612027
668332
372853
321612
293273
515537
927923
450990
535006
906666
812387
368514
116500
211713
74322
531034
541904
123638
425004
671680
233344
770881
361777
577771
300578
971424
198123
662515
166186
701733
203925
321518
621818
168121
665308
141289
956226
866251
486836
713449
504883
279151
84928
251989
184624
381882
208077
145952
181615
7282
12615
998229
506113
886114
864123
101216
123708
572375
197776
617165
41633
782001
875051
607387
909377
681183
271643
464955
786831
269133
12925
384877
641643
904028
698074
727728
935244
465602
172683
121195
60217
60715
707031
751510
348577
195357
876024
36004
537483
562330
209407
940694
780316
134029
457715
197854
314328
353117
638267
587486
628061
633757
282085
954831
594605
668013
976664
4822
808184
937274
138462
760957
982112
858180
117470
420954
795461
926281
526100
705759
381356
849966
877884
823649
889149
435327
291745
443863
801763
374594
803557
363726
70297
821543
538061
105265
732055
588200
594272
186940
249149
952726
846252
659576
514358
551549
950994
165210
354688
320794
155636
736982
189325
606824
149235
522912
276509
216896
513471
323197
375292
939524
795253
691075
142447
621885
490801
470174
160873
594135
264424
981984
807891
937523
639493
179093
477039
714910
950443
83441
980383
336063
615291
960664
593804
668466
542180
422621
491693
141624
177774
29997
381567
203566
32831
539966
238460
181484
304771
846339
336051
671431
813057
402524
464113
645454
946021
57986
179844
379113
159148
281693
538133
661524
464976
188403
225529
330266
87604
332272
5782
624898
26422
346234
467428
161991
174103
263313
560889
112292
936939
697729
154007
444957
240438
740164
934946
916079
189156
361511
24142
750486
555162
805147
600435
766725
600712
455043
133669
521237
428534
954010
572843
622947
727305
915598
657673
945410
749003
703012
964430
213961
772550
28237
368955
121243
694358
317087
553037
832043
144501
589200
299615
345445
314499
744996
81841
929425
423424
918597
490972
331219
528103
450447
36884
467528
324659
292246
68024
988286
195228
89104
16192
455959
102493
761585
449621
357805
351676
878962
659395
821165
523318
727571
313834
692411
772338
830760
987076
972776
759330
636601
721335
449115
450706
24493
275196
421851
404274
33762
977825
572467
420915
155770
634661
330058
725923
443958
885473
554184
253861
406866
461968
515749
952726
394671
789773
602861
530294
983637
796235
39273
729459
830747
627775
864428
106282
220120
125653
349043
951864
323081
832867
399931
822471
360577
34916
199852
243912
430882
429015
712166
75590
338647
822580
387130
784689
771862
564545
401829
458539
702958
48762
790181
854122
392216
524881
729078
81287
894177
433794
127391
416514
257819
995753
803562
588423
184174
829048
601192
544102
366266
437665
570403
471162
99439
811360
305559
394186
238863
987413
326765
985400
647137
32951
593449
595436
413521
579902
16857
809918
311630
387325
86859
653223
369151
81832
981219
75199
453177
407714
41528
185669
446913
335421
795765
913862
668821
333301
673930
83567
828479
439683
322997
510445
540254
844625
75108
389306
465181
878839
976867
602055
883688
452564
255142
765732
868331
570091
832020
295175
642414
249180
370283
888119
303931
366550
61941
529400
852037
540054
528330
609906
946805
942122
515334
272563
326648
849908
841311
438885
257241
186238
998836
193614
961718
871740
876676
956316
27090
370764
481677
364141
175785
831810
953152
13498
967828
804431
785135
122944
509209
622888
194396
355183
295775
538665
242071
111537
979316
699789
120334
243241
468236
601884
913711
259225
991008
19258
716337
23273
200841
463176
814974
60534
20201
349590
327958
293083
671972
268636
915416
822028
538681
112360
321951
737146
981547
229373
902290
371333
379725
905470
862761
253715
908564
177297
297189
288562
303165
143830
976073
204398
330397
386346
28260
416394
806206
231255
943504
451164
893921
946266
22561
416650
251076
887459
837318
383437
998819
812885
687267
445610
528669
600581
504330
28662
267806
661597
815608
110347
818524
353696
155091
427195
480006
775398
745836
729711
80756
653586
733717
346544
529237
133618
332060
96461
781139
826056
401618
884654
972549
160634
690430
376737
319854
2193
748750
787812
583389
366337
275661
66616
395288
945454
974038
22445
736064
662522
872259
242811
301040
379602
733105
421391
897724
179050
452738
170647
249525
139999
92446
775123
424546
199197
474850
231040
191050
996679
180347
229529
844973
611933
526742
520443
362202
93720
111873
590342
843308
480834
391926
274468
982911
923339
631221
879281
982273
794295
923090
359870
44015
612474
357514
787842
296360
337863
103512
36051
219847
824904
575350
256763
222644
696855
724670
667194
146835
2525
638809
909012
672615
386618
527729
710915
44071
605068
889512
620791
806006
498968
479817
828204
677462
618587
82758
755405
671364
535517
738315
964352
830009
331789
813509
360996
152965
354184
168386
743079
458681
553926
508357
400315
641551
303990
368126
597971
601816
158611
664088
182052
360540
659103
40180
548035
637431
966064
530166
117401
24322
408206
187419
875336
8609
798081
30613
791342
834838
303777
513243
208343
503919
184616
280683
360852
414786
693733
94419
470301
610486
221484
298777
520415
493676
839963
737758
335744
374158
502172
857940
524968
628455
538176
23991
936750
267811
922171
883816
443191
566
383150
195570
635244
894212
245085
384938
995970
306198
355408
487299
805143
162739
90615
864070
318240
810827
592991
317771
515594
409568
370011
168816
683366
959898
376109
56656
628785
404628
250127
230852
911906
162360
195187
128726
177596
868462
897078
999097
801411
771188
926658
511428
84309
182700
24595
493132
916600
420701
596115
852816
687616
854627
266757
553149
309971
423651
871897
313769
980949
671114
848563
206866
833651
62632
893661
121333
222426
478184
389775
409899
151815
713136
25866
957347
563992
248295
405704
887435
9010
807934
775776
755203
517419
891828
553675
190414
889673
250924
667763
962374
752268
373016
6198
791019
853185
704167
159680
860031
804152
792343
153754
197840
86593
822535
316863
406214
269221
938854
127388
163258
819187
793526
412736
470694
356414
712778
403040
551057
119676
27501
344691
238308
671498
691299
953586
637620
77960
748823
493821
590199
516161
396100
370651
549262
434059
444512
658635
997579
732830
765541
338680
236844
351366
528199
769580
926715
827906
361318
600373
650374
117411
73845
216621
330963
570732
997207
687815
289865
96356
839909
716998
151037
259041
344233
562626
541859
561651
923805
35643
875533
985052
546814
155426
169800
31244
298183
242129
233756
172408
290885
924623
328765
215246
378175
746937
92836
932796
95131
28923
31906
620030
485819
360024
463695
542943
874301
17320
772570
159753
479819
199023
401985
920467
195975
450012
45510
778208
487654
430957
386831
668494
730423
730088
808593
94812
579235
883198
197567
499465
393599
388923
578549
627599
464450
489309
348991
91396
70930
246387
768398
863716
396673
633712
369628
808896
852171
249163
983834
572927
520988
299528
117748
940887
822470
997838
956377
558902
219026
533595
883831
146461
643845
119149
83231
709452
265527
627180
229751
251550
875323
578468
302293
260997
866011
283990
336188
775052
859059
836243
169962
349637
930080
922182
592350
584062
908178
330864
607290
913218
123771
125502
668336
606768
559260
211035
304139
475869
467508
731323
414662
297747
639009
126496
859925
567162
479225
874917
322301
528388
474663
325594
829553
219987
742238
826700
690675
994968
526200
605189
317757
59925
307606
995150
908428
758223
898632
87309
118315
210595
378022
828445
74862
804348
989711
262831
899112
707568
225448
15710
591823
343612
359182
874580
577679
573394
78786
721571
467805
538225
284050
5300
205164
782162
96729
645151
403423
610867
912085
159082
490433
722841
995443
148204
192158
459129
342204
801126
622406
364206
762155
58195
895145
562733
37375
744814
749215
853657
973711
529231
580868
180444
940550
345864
312931
184970
654188
410238
112059
281798
569829
357228
459926
180514
415978
774248
604375
250308
417959
306576
347371
53506
992418
461065
29887
776926
12330
653774
12425
260381
310666
687618
733972
604592
383772
145129
612767
496607
974083
880418
581283
531915
857384
849035
331724
115325
340030
104098
829679
564042
18699
149539
67086
122831
626066
9360
233761
258710
646678
427949
837204
880814
561741
729390
465931
300422
686190
383417
461077
627062
945205
685490
176938
942764
725811
262876
356582
907167
27901
237303
309484
636439
658375
780543
134382
481357
756261
950966
467971
110164
205055
228854
436063
449699
174035
33778
300612
819881
937607
297413
469717
974691
159927
901972
737786
575874
894646
349530
258782
295624
760555
812296
530803
252070
606216
549402
879663
159007
394059
750089
405341
706242
270019
716301
249391
947604
614804
437829
237457
323901
703599
380868
271392
371749
956388
769978
73315
714862
533002
877766
455213
995391
813163
815219
666031
780011
307309
235917
512533
533325
401355
319628
802890
471437
199199
933421
896472
160619
349412
409330
535679
315293
435086
291144
462279
884189
698436
228043
349563
574365
981417
800443
455809
233659
470730
539170
637468
708977
417867
621736
875017
333199
81262
107720
88696
364713
738185
980235
940532
418017
321918
629045
229865
792756
588030
430987
731196
130600
888744
289654
799435
7093
270298
926640
553918
327244
645007
378348
27587
804012
724151
649434
255174
298985
956877
76543
664878
471145
31213
889833
699591
163826
181603
796848
9705
361542
249749
566238
699102
491159
219161
31022
680338
12185
453953
123910
272566
276883
739223
227420
135937
343247
560250
464363
175411
92008
410274
56487
476203
313945
844925
435320
927600
844619
402910
935885
859827
253120
662674
260760
328094
864858
366084
474735
121710
133803
784916
612595
176801
435271
127570
601325
387022
399652
610600
603687
525641
326433
61806
614361
407994
229293
991831
245939
229469
319529
436119
864805
457492
320871
280420
808624
545518
958700
381531
