304709
766411
512061
128515
904114
254982
569341
7176
564280
979135
516323
595323
782333
577825
475626
512797
902527
642153
122290
441097
187235
330875
268998
385528
734373
944610
804493
637595
415824
267172
291091
526416
558707
736682
640018
928259
252956
953636
349425
85550
499113
905426
546723
957206
740055
421199
697911
779064
453791
691099
237183
639
247866
717153
296280
953827
542423
381845
914710
927314
374175
379473
386304
749313
993035
383281
321522
86915
234963
305936
916613
449792
904409
978962
738906
373478
635117
427905
384522
787220
915703
78204
569753
449003
512644
828044
765226
208961
86912
391636
691176
3618
697602
75674
955428
290479
467055
171040
297020
11202
619060
233720
262851
547264
392023
846705
325173
902805
309986
584686
223026
366161
426801
701023
345666
753199
211176
670793
794119
79178
276510
235281
578863
940133
715391
177504
726235
618867
758584
299483
923086
930931
445129
506356
193558
419788
852374
591948
451381
137961
495600
447480
609640
88621
500543
140638
380649
940071
80810
425745
450373
736072
692943
317292
723280
633432
280834
119460
719072
827635
396080
255890
23537
167985
241050
289567
164832
835714
78552
236113
861330
987919
837566
810304
176194
146211
653255
462978
370974
48449
23015
421085
816949
643956
596348
135033
255041
409209
104924
672621
417349
972794
764628
873267
353768
973909
125348
8044
962697
359215
559909
886783
450784
800881
676591
411178
941822
348765
223517
961890
362767
756127
326365
847455
933169
634515
568165
114736
439859
495980
828055
874609
871049
431834
771747
668793
652283
804501
189377
946652
969943
828751
297280
596474
764259
713628
329488
749177
806540
261387
17348
261274
945018
92162
738021
888892
417285
341906
979605
608505
434589
607663
633363
159907
976120
204648
130203
328181
403285
710574
550952
2722
365654
14830
607439
648847
195791
244525
502199
37930
49820
593235
762177
507650
933178
557499
502398
272782
270684
2201
132775
579346
184783
384936
758016
823236
564206
68399
912877
936875
48591
300336
777724
850019
793050
189997
644897
576119
227867
315105
767719
266608
888898
269531
746732
800013
127828
748328
95095
926855
745804
939732
821614
392670
49164
842374
761207
476219
322536
878831
72962
48545
974517
923145
376619
938924
843144
754201
33081
695271
314401
654178
561722
708253
547350
916618
221229
856305
429911
803795
473682
414401
771251
425935
378490
528066
3926
235686
965179
671363
362165
427762
885360
148354
841191
719360
913967
760240
916870
682858
94003
610859
336360
134643
588199
206654
207389
590794
775572
819280
909300
695088
909328
840447
834729
46273
127610
997619
553557
348285
895268
621072
374761
68689
328808
14629
783712
367423
372639
140617
165184
349057
373801
411614
94923
595296
44507
936071
526527
182567
244537
452062
579501
334808
555374
420477
838042
610582
445893
296825
496108
403724
985362
283552
965218
429954
544883
662536
607265
841353
142566
817979
152554
606525
419133
929285
559517
994606
883738
71102
12014
536753
584308
316873
862105
613061
886210
293123
97552
519226
761936
577227
474622
649781
50350
918235
88676
140208
395067
370307
113037
252133
820654
99263
274226
250688
168207
583252
755309
967498
927135
541927
39909
260180
709456
371336
809881
459654
129610
830216
668062
602953
136931
281716
349934
235746
281045
525428
649443
308676
923889
61135
357208
67760
441038
72201
435729
651511
377331
602263
27752
288183
60282
136242
291220
243799
567155
943009
367912
864770
398061
205055
546076
673369
948323
615542
533363
49647
760101
23232
103427
736144
978687
976704
333550
329662
143057
450050
801735
473370
947103
983415
235900
490000
799692
557287
492410
149249
487554
625289
591253
464370
150078
706794
134491
176822
113974
145886
152116
277719
454631
426242
821195
80537
964512
816905
120330
442842
184815
376372
513846
860868
651341
414837
432682
516936
467187
148076
935657
871113
919582
309434
171281
656684
187909
355712
30286
728854
647341
693249
609018
475051
434693
982362
469672
879913
919623
787327
990356
238645
847901
66278
733758
733979
805075
719809
967890
363041
753392
724550
430368
724497
702257
493232
615408
716238
592098
996391
988662
36886
634314
73957
547674
914288
804689
969705
132863
52082
331946
936128
226175
661696
407514
953823
502398
299186
743959
579266
959825
419724
198734
708211
459825
572827
521365
666606
207723
900838
975439
615234
877463
785558
581631
98372
561559
698733
707053
158007
264155
341991
980239
221016
696933
125624
479045
640530
262777
485995
855243
807026
416997
1792
412075
614967
537672
966712
587722
839435
321993
862513
314252
817770
931560
165428
699995
274343
685531
46543
200357
163752
81463
540310
966065
867400
649047
632331
325336
948815
439155
346975
474461
97206
246753
748604
674287
661746
796363
924428
874017
572043
360870
702676
16667
796335
513834
23181
100612
348277
15467
455797
274724
332926
933506
910099
908195
337289
283883
997665
581206
135328
302677
949655
750649
455123
19193
129166
527774
457519
759003
121007
676429
649951
47366
96920
385864
529447
326345
396134
358339
162674
724851
506884
391820
126901
520751
911947
325675
684170
429059
391628
545965
215490
343880
880227
526160
124291
182987
21216
60220
651031
878330
634191
822463
189087
196635
641869
166711
973074
855757
645121
199873
870137
608321
751919
626026
901935
293691
448700
733629
932271
941474
331150
819844
935325
109560
413752
431594
744999
352096
456416
381107
938027
722071
605360
398843
891486
402885
827664
848039
186594
152029
660233
986748
178301
374171
537153
435729
263602
58658
687040
256929
101359
557155
376242
597381
966487
101069
788418
443531
181322
6834
102813
593915
562019
432627
384818
597190
797861
536483
224606
796662
431178
934012
78459
392323
395052
99787
329787
281289
161797
818475
985205
217879
494812
450688
503439
304556
235781
137147
213886
867183
469809
849327
774081
518683
57100
617916
991714
377764
584604
463883
345027
291550
299398
430329
449586
554686
77426
545871
627817
508121
835757
262431
734518
419730
309021
736221
975387
142174
165329
339419
523656
699387
851548
637769
112614
484058
250253
468226
137126
585884
770139
571252
583970
392852
924728
106143
732803
82706
262835
864941
725356
777555
959067
796672
525506
165885
957397
17503
848108
90770
866824
617183
336027
995328
256135
569291
108388
323591
897960
412769
618080
496983
34811
833983
857139
532939
702572
984108
264869
293315
580335
687726
498439
297656
632358
630484
156616
633967
824174
903471
986546
119592
731193
430105
46336
375939
61229
967847
336537
765337
538659
35545
651755
221054
103396
428750
828548
34167
210827
458261
497451
186003
367219
722347
871467
461118
567339
285693
14714
292688
878525
454505
166396
264643
824381
806381
323967
144773
482089
74789
710144
828488
651104
213180
862105
287338
148895
980466
631362
36980
108571
952188
959024
575866
724798
868932
100744
742710
742441
725542
739610
139668
687330
639634
83581
303157
905447
152874
333886
238205
782538
820962
204095
353209
129731
594242
122443
684573
894086
20459
502523
311770
655646
344270
378514
642627
415871
506128
549146
13410
864897
603138
987161
