649317
424035
716867
448551
523865
146086
33480
661427
5504
380929
378462
171417
542666
647219
833821
690627
419885
593876
776822
626765
215358
861291
594160
490105
438006
878455
814131
87945
107848
798745
40178
985641
796460
499251
68101
494386
540493
946818
943255
311653
47632
745296
350742
832178
345187
239161
431667
547822
133585
812239
224146
257645
243707
769276
217876
336068
505737
858758
122640
508334
814799
681047
134761
954690
784644
413160
143915
839782
821046
504433
150147
756761
109724
403029
648016
880218
609902
537241
180390
667264
466946
533896
88425
291584
102222
45573
889757
86082
89448
478240
745207
183226
665787
436077
93057
244587
910563
978774
589462
818655
275395
511429
570304
815061
958604
791206
968631
167330
139355
840368
364210
370462
702132
753224
686736
753491
44241
801565
289497
868385
948037
144421
774439
762193
142080
513171
168474
958612
762183
235372
658106
381826
608677
246412
455481
105792
337454
27092
554311
595692
188202
917044
16118
906284
93729
143735
30619
142309
434231
291319
600980
18335
158255
436099
140848
47514
918291
321610
586488
931740
864370
693249
404844
663004
542590
224403
789621
230581
998326
626798
649165
761583
55460
182786
73969
949895
724632
37174
916159
382586
272450
693470
649517
279878
765360
399526
119595
801460
169013
789138
907523
670927
198284
383944
995452
250669
197776
219804
621970
907846
587088
852359
339519
225194
887225
648692
957434
409055
663287
178550
483782
25542
671470
823204
226517
28057
372360
955846
218480
207064
867892
630899
807995
372727
729003
94166
281940
636721
657605
718356
238843
915501
657967
715788
408202
30656
370534
573113
620522
247973
633185
317114
211461
210323
338420
453132
255121
181923
488258
902307
858138
999742
586401
911892
84271
16343
488629
580854
992570
238256
504838
31900
992156
301864
922691
403337
667291
129678
314442
131938
436289
72906
987178
942879
702075
334204
999878
232623
49806
735728
127325
381545
432258
669331
24571
913180
755825
760308
626120
244181
356932
131190
222071
377944
95978
850207
552737
797670
863550
564969
819834
765339
84065
693535
792324
888843
790254
100002
198697
349614
810810
203255
395801
965413
405001
381334
478425
439936
815523
970956
23609
172137
686059
190956
850878
620922
150528
913035
4610
454179
954269
643690
417188
129431
835989
778165
257669
360562
117832
24181
918035
377921
723905
679833
854306
268704
737365
244628
643424
991844
937608
775626
615698
246719
438253
64256
428583
572049
567929
398658
961772
275748
73621
391374
980319
313870
188706
825897
111031
493524
130508
993787
134304
168551
658372
534151
637356
966801
573725
111631
897563
265563
630458
348969
664336
135505
43585
44780
859632
262642
948850
621879
990976
38142
514873
927268
830130
212732
535817
800900
297718
220778
962371
102644
160832
546584
426031
649070
930569
829360
902501
297539
902803
376871
933470
514347
473307
467350
648117
425168
944239
570749
585513
264828
949492
138593
339528
70147
611716
737604
885998
240049
280365
203892
610998
404529
533618
315496
636329
935750
838335
693523
888454
240946
914381
753530
642985
132593
674496
750670
433911
897616
641089
777668
44045
619631
177826
227398
848763
808977
126258
443220
266102
682820
695455
933525
976944
278458
336372
311073
650045
654106
967925
194612
616798
560271
466250
274214
317086
175457
192107
490251
63861
41150
920248
203794
394169
693119
465891
635818
337306
642710
237313
117710
179531
720209
61048
381332
828617
541841
235751
966196
776112
765702
116177
492418
731247
165845
113784
625825
157293
600148
832329
863967
267974
944387
435736
296372
957746
866175
573030
367358
766593
749962
90804
818339
938145
636793
375226
652122
818126
27846
383888
933249
194579
158604
316788
919020
327216
910805
681755
417169
992404
220091
54955
509729
166937
607587
624407
176727
664788
475438
599250
128562
169517
668245
297592
621973
647691
327394
557543
519364
51095
493904
887876
783792
802756
225433
397800
634032
679539
82665
746745
917690
675991
373520
786421
316146
115759
229335
434412
136096
347664
963193
748155
111748
801417
349036
68103
416494
31142
939694
770943
700204
932604
75276
187561
334187
809389
716477
233828
196563
562125
614743
436155
91041
688732
746657
788004
902599
404910
384694
860962
597335
301964
460637
663994
269153
54105
874009
186520
588468
368046
317305
506927
956096
152879
32247
266620
868719
468597
533041
531921
954576
790848
70237
188974
928144
918271
456963
431700
643432
4045
632495
693266
217628
625150
306729
215364
53589
66422
978705
886238
319160
573295
217282
105421
999995
388570
583193
488736
227840
244439
61905
446796
927685
241162
89214
196676
167706
57984
782088
230047
579082
272813
476483
949093
885954
326900
239654
455433
362661
24624
658305
776592
111387
304726
726818
565013
117092
268899
264685
984437
941434
362647
613929
301857
789954
410386
295137
894116
863272
930283
171582
199928
198434
298730
846060
809077
690115
273527
75763
2012
839211
978297
881400
728105
856539
662100
961440
646780
438739
750290
37855
47650
756970
86481
47853
470453
605573
941379
324587
947972
368548
15830
356596
898127
800161
703156
14104
441321
205328
435132
994516
93210
652501
190760
536889
103181
219318
267730
718180
355131
841936
105008
833738
756735
37735
512210
396387
765456
147771
442116
851514
829634
837820
292557
167315
38590
372842
920651
654253
531209
461721
896550
581204
568419
349212
205559
522633
385596
547024
878635
575841
713917
450463
864512
804120
760670
163403
886203
7265
417803
663239
78672
662701
540909
703539
720575
658795
130899
484486
925865
243726
186726
331062
540720
608041
628534
239818
785962
263351
33965
171173
346833
776747
9956
69745
14688
3966
551019
451318
555877
985279
819895
831230
136046
591226
459401
966329
374329
227081
598848
259232
69846
711316
858472
500418
994996
307955
736035
832337
559698
283462
218431
245745
272660
277769
632566
523099
184490
653136
712134
570922
853050
295960
525402
706178
470268
24986
245285
424511
343105
337538
802688
735504
403889
772562
774550
702237
243892
334041
943809
831298
689102
757041
87397
156574
30780
955851
936560
47533
349652
847790
556267
478369
351286
722333
292781
144598
624501
164382
977278
532582
159090
206542
442164
912075
920492
719845
824318
121949
564844
259429
591557
15874
345526
326359
295490
987003
40171
15601
54469
582627
748979
403650
571467
592242
572331
875298
911138
378799
495208
907587
113936
548508
429318
933964
453032
252009
30034
162463
813295
345835
694524
421738
703396
519301
112169
874855
435273
563132
141446
771374
329022
866985
101263
67203
383812
563779
839006
380524
245656
983569
491422
238488
878715
153139
182924
234840
324664
778799
56800
437322
970489
12061
375282
756039
572065
109321
174846
376942
938836
933983
33380
936979
849590
190178
154044
902885
545628
151186
724104
351129
4002
369642
887656
801814
85716
773596
905907
998197
713282
571186
149135
807665
252075
789722
418826
952841
57362
185420
184733
862890
602477
928737
965359
35386
840379
425041
314051
833059
691471
524535
938065
215557
194431
754553
70008
516511
242246
99872
483846
771020
984535
867241
220007
550742
954741
800717
535636
947259
680066
367402
484620
695324
823877
313964
832682
406547
197224
43625
241610
72073
426830
444251
552390
632506
761361
907978
376398
385359
793786
969248
527726
102274
311642
523194
559332
791842
306090
442861
400014
936668
30499
396863
227895
127574
561177
407146
132489
884656
487097
976122
809006
751245
396107
459143
798130
745650
861913
631445
776474
574571
59228
696064
898732
967378
866960
951158
876800
194579
248884
515694
444313
787984
887464
140372
49096
190924
719489
910270
577735
213510
364270
422316
199841
631983
774265
7978
324270
785088
750216
551101
484660
563358
961435
882192
89779
470737
905284
546246
799139
474183
127231
33757
410842
307484
806941
656525
304686
335025
232429
640318
584620
702271
207757
636476
920332
497244
735480
640197
690825
674103
182991
129024
185179
503851
955187
396351
725148
818346
683237
472617
100312
915089
3119
17552
614818
220855
7351
692318
206556
128857
355841
994724
802758
87446
266754
296710
619459
134045
309536
923140
147394
609973
463754
232798
605650
36416
238360
572186
757046
371474
127797
530865
862679
547815
624377
147858
261773
125755
848406
652442
297861
700372
641897
46260
260584
860165
492813
806044
146570
449160
284139
861360
367422
642870
466152
371415
710282
688655
916827
704231
943739
793657
705336
914297
525879
582803
161278
210656
153623
693270
477185
112385
502477
485860
119116
209087
777715
844540
549872
985612
251639
924572
517140
703544
915529
312832
391504
818838
572781
119591
53452
535867
181567
220084
747164
68204
736324
480238
895091
250684
278975
898588
577947
471543
433950
222300
637085
961839
745581
985490
610808
545431
820947
221979
34662
434331
736923
939173
363949
780714
32393
214422
660298
911062
583799
605015
888871
493569
581863
157716
627118
670341
897735
793503
229500
541366
810471
100678
752399
59855
123410
497436
210638
279127
847592
979290
58589
25775
490176
699802
344221
285090
174448
357471
405450
20771
452126
442850
17918
452568
856453
684168
748912
428809
828752
479358
966144
951888
930348
50410
707228
475882
574840
770212
61222
70092
824518
226367
816352
502641
394882
471455
126298
132608
709462
787874
39651
106747
380359
281582
652225
819425
748178
375619
299983
131179
192031
734094
515831
7725
800034
885138
355736
478107
899326
314049
831835
367505
522521
468577
792613
507329
622158
121569
658618
537281
884535
576236
185705
869504
445418
290938
810203
277415
318999
375777
35523
445027
998724
777571
89284
171383
203160
412196
379078
912501
828325
938433
806148
611003
771041
597193
747834
410457
909810
364217
24912
913272
404948
154856
98965
974326
81955
599688
654355
991218
524487
944870
615153
192502
398885
875128
125989
649848
852533
869921
900863
870836
340789
413734
36891
217638
373072
60657
952380
777881
972369
858116
739393
138873
763592
722333
918176
654391
255310
999187
360261
552854
25515
663980
902617
256965
601751
515975
5619
843735
738952
198604
230187
587138
868324
683728
902390
53831
949511
762004
754577
171791
782258
910021
901552
913578
428466
403732
525568
59503
579034
299921
760150
193554
116169
449417
828145
603517
762403
254980
308202
778236
658270
719634
703476
104348
375373
87626
12947
166075
581196
685000
673588
855489
700624
263437
735195
600070
642933
396601
413586
379654
491927
307074
52579
837821
797173
7133
728308
959985
742202
17392
773248
867351
404941
354025
961133
267749
697484
260485
66509
186066
577184
845677
202470
200465
618898
935442
972857
747113
175291
726163
273271
757381
434830
605512
432126
89866
814377
520436
566040
503782
461508
823570
649259
102035
344006
478826
208155
276678
340494
336202
155018
964335
853832
406979
156246
552942
538898
190561
32526
986869
78810
206441
428444
720420
637334
245159
532921
462625
258850
918960
266193
241807
887259
173868
165404
937737
230427
571324
193036
256251
630478
162235
70183
611516
440835
78245
388795
725282
569121
311163
673209
449018
969936
878320
699765
40070
369043
752424
950495
814697
785091
644897
802546
715333
725037
446733
832827
419065
865315
269517
35190
20594
95553
18159
207068
846822
252990
891872
526884
451458
641628
161345
865611
958618
593411
898736
730711
317267
304331
157182
941991
439389
576307
389217
304411
797109
166818
397434
534503
392711
987546
909678
741191
345710
71334
878587
80934
290665
990386
992397
122792
411734
872048
646352
245005
969886
404439
746121
864645
942790
663714
605836
933542
175782
76054
998529
950837
743709
995806
986580
905746
123327
99906
813405
44646
895262
937373
909243
704876
72696
517864
872602
704968
311007
848829
175725
570005
283944
929846
531221
693830
54394
591841
12662
72933
637937
944379
989460
918724
384072
744369
602591
546483
476318
820250
188056
828242
130223
26618
817332
843230
800391
584763
716286
732759
680694
332598
286614
224276
74237
871709
291337
502431
603487
494760
460661
994225
319030
332661
827188
251250
141877
267166
89065
959092
868510
637157
848212
151447
382770
128028
668013
783371
667910
624926
806390
71290
53695
545176
893057
424595
205366
883498
544272
840600
648200
154696
424159
667023
498838
45436
625733
452740
638329
12806
381858
317082
978416
223219
38808
445697
906330
852797
555615
354159
960763
435624
941554
872650
331538
794882
547450
665861
754490
499810
425590
269462
359137
318703
770236
836621
163612
30439
981542
127128
139351
517712
557799
122918
30989
501680
793507
801123
929484
383554
806628
507853
208129
651081
492655
210628
922776
271758
363239
792254
957548
10546
353760
814199
66076
290352
919135
248998
815056
344258
248547
8715
27460
170164
352123
348629
401076
244564
65437
74979
810971
699051
587160
227713
742705
255848
517437
186814
842938
542342
397688
378203
150727
260210
320072
618833
808293
756134
567134
848384
393277
198727
735254
178303
52911
964418
545403
602838
351843
77424
913678
108513
846131
598773
763091
296442
561398
143253
477404
186260
107270
256007
828997
633142
30741
745812
111834
122981
257319
738149
494826
648055
569169
519217
581166
500819
811279
825268
936311
944251
77078
121104
645686
788904
667491
494913
209929
646807
347799
322325
888865
386413
949844
52642
223378
143328
244900
511662
58846
562369
990116
699051
381586
489227
57436
548144
874276
119450
320724
407665
168461
995015
716781
609211
638523
143488
39379
718968
824591
310717
629228
467054
446635
140435
174262
817132
11150
31152
272402
937253
135360
523084
126533
214183
929693
804871
733546
642223
897376
729861
754834
11536
872619
822965
980891
172888
958310
603107
511580
862405
500227
478293
553366
386668
835532
714300
503638
327727
114801
530760
680784
471098
690325
464432
183701
373600
17757
688676
562043
129157
707707
937405
845063
990527
43477
263116
768568
120370
558800
244788
744508
693754
954550
633406
296123
697996
853227
241829
76124
775909
80510
219853
579236
308452
379553
157240
155185
123523
660325
367960
843352
855893
341760
593152
106572
578693
333503
672331
610025
272272
888760
633333
964891
290816
916187
115995
971765
373803
75628
22694
829945
402068
822492
522553
457378
377307
775296
452620
3247
208874
565908
728132
555508
250278
418748
768544
855838
847292
792508
500110
720198
926998
650474
405042
479627
195039
427925
675376
847409
245846
376295
926344
273974
262267
325323
735528
870107
764720
622955
364249
331762
521612
14573
853968
407234
828469
164515
936062
909895
574995
425549
38291
933496
375035
457958
466987
532438
4688
163094
899769
226513
620026
211156
187464
683245
888293
22236
68110
292986
975113
662319
417778
36947
117142
895568
661065
116982
299478
223506
870640
357396
701323
829775
170849
283878
707828
113358
644183
676221
761588
591339
327719
599208
730738
849652
830444
633094
283037
493861
44580
167556
236589
405570
431661
652798
737894
356400
752879
24196
90457
670734
290372
17965
311298
912991
318683
118302
334419
519796
928355
291963
876500
986676
409361
891897
532814
753201
290174
242873
860907
802882
280735
357531
230615
607048
671742
540451
308842
279449
302801
407843
562655
287641
220708
147262
973153
732149
998289
473281
448105
195301
971116
937249
204856
979551
386619
971929
964984
988690
805145
287101
104757
251529
963094
816821
694914
247480
417453
693645
652903
142203
551310
130615
199048
747984
696093
201460
652103
332246
177445
210234
131955
621169
96560
947025
676790
964718
821719
947865
766663
746528
216604
447557
833827
767921
667665
680417
226228
203647
265343
587126
318726
260691
27917
745601
206887
561581
953117
238442
595093
887004
407848
88508
36461
388163
404275
280112
599250
435595
22756
337744
454266
677124
333573
268694
974029
49384
425566
956677
858196
453245
684297
685325
344652
805343
553176
534454
28167
564381
561456
367
699815
193421
869999
695197
612241
216529
751260
651993
142011
71295
999524
827393
841342
56075
331020
715758
102108
390331
357089
422357
883641
362074
505722
787311
727852
498405
60842
544749
595093
885423
620970
383284
309745
970489
211020
539660
743202
359958
50792
797103
294418
738573
411778
868783
141392
254555
533839
662299
392716
647280
466801
586369
144882
27115
458922
937718
360485
440425
929033
435932
23692
685866
308172
17458
350226
112878
450684
201381
294566
108393
72261
548932
890728
566920
452201
638656
843944
747032
940793
800938
288503
378769
216978
600302
760693
795316
821271
866410
1556
664183
589907
743679
914242
174318
301689
635530
695609
315317
868065
468316
214992
249854
893855
285652
825402
595251
930937
200447
348740
767432
918937
558424
272802
834351
372993
452106
903118
46666
728983
89142
789722
479578
317168
626891
894927
342180
292144
449235
500685
809899
460189
74527
197846
242303
801394
506491
423968
863547
768051
221704
444885
964025
604921
762794
984040
29869
573644
935899
823274
43981
310259
671649
460218
37168
578084
883340
776023
333012
63624
922936
768297
710743
648452
186394
822358
588413
522166
2134
277463
749084
792495
705329
57755
882921
14127
996311
385665
130406
798197
280457
600680
818780
96752
363189
483775
945443
675424
632012
494621
989441
806245
600379
376707
255318
299577
168734
709796
819322
388203
436092
230948
297242
918227
16569
692379
609968
15206
781678
414599
467449
559065
190339
833139
289470
726807
384728
248501
295252
233000
950450
498040
155237
449243
950369
744486
844191
914182
944008
384167
675081
471168
314065
504718
559627
334827
301769
842670
927693
956033
710190
930698
281164
965232
397211
568493
975518
813330
913240
418735
483393
716977
519326
639692
285197
784096
580485
598862
590529
987721
740610
5664
384034
739427
287003
777662
411791
158118
537640
4526
995645
305220
383209
739090
278035
745028
269744
163651
136551
241504
227850
565341
29369
596098
611779
776541
415689
652001
915259
800365
399316
887365
345027
759136
600362
181895
858415
281591
351945
641057
831370
946938
738521
860888
903886
131433
545485
577906
124809
593353
403817
504740
298835
76035
365728
710425
965410
970065
539571
632549
363481
256307
871125
692088
222926
186005
585197
12605
99694
378066
554263
544158
144484
822526
907864
354423
380917
793158
254230
603668
349047
27100
147963
466834
309568
231553
66659
13453
449773
137425
706075
714799
18598
619120
184451
12542
807542
452305
208863
313856
914436
338836
799973
880924
884115
335709
363718
968275
830289
544602
602641
49610
396697
684
698089
204375
750418
947238
961813
238856
303875
737559
407183
757631
373401
890439
486345
44927
715971
418596
197039
140641
884946
654927
563037
550742
993812
158985
398839
619870
546891
974599
988274
144106
597945
435503
154091
74681
43035
353921
19500
805603
674892
825752
423572
883904
768702
203274
390752
907459
759817
973048
911651
206878
369347
336083
37550
842541
455807
413573
325580
556442
360843
151289
195177
897235
499661
316496
276771
955874
942974
587519
916121
987308
169598
777235
271240
192858
272680
873645
955613
821172
509085
369998
213931
610393
195332
195702
433344
821434
874763
106239
346281
50915
899962
394910
164553
13294
586760
713313
331042
426988
563153
760227
719814
701561
537127
797266
557339
648312
181765
751276
123245
675968
355045
227996
517942
998650
839479
975829
391663
813757
69021
958556
431756
418768
178034
55161
909830
423005
223019
638894
149227
402330
873315
693882
957623
317105
509700
134255
783167
759919
218749
48504
249603
60284
75785
76957
974817
487462
80361
660931
13786
939182
411367
299633
226548
354230
354191
665586
26055
330199
792356
31219
688862
271935
20092
904118
65667
499578
569841
475806
578285
523156
515493
79127
187512
556370
656318
659478
92902
410000
841552
683375
118538
422961
577878
180805
361235
835750
337501
887547
637694
90538
756912
929855
580252
65180
683591
179844
151735
933926
457250
341540
821168
656083
849495
87793
2567
757678
477849
924737
952772
960630
159496
265580
601059
808113
707586
948734
599244
425549
629583
496087
121294
960315
858109
496228
658817
423486
360974
976299
289106
391652
234084
467022
766764
271660
3275
276672
554971
168603
507041
399943
29168
901898
857232
906771
612838
95423
760723
36212
395928
306130
41580
302532
418232
619169
811328
918347
452275
852329
311273
661155
206798
514888
597263
353287
708102
651183
411058
173302
344148
922141
813935
557548
288851
465604
945337
837583
936755
749983
121688
814715
262358
596202
243051
738098
432383
550901
294434
769134
948349
112338
162422
387090
356736
678502
354089
600315
835382
737684
930903
263500
215173
472624
983448
383841
336749
900983
406926
302623
650750
774640
380799
511245
792951
187429
406634
280893
956704
803430
78117
771967
225687
755467
722751
445760
622353
439251
752519
24558
938183
411899
725386
506636
970038
190541
575335
235457
745511
654586
866546
184261
576197
173151
228884
682215
650315
638173
412014
475361
527933
993037
300593
389944
728977
307807
225981
263117
368191
156019
432462
405266
613517
538164
598257
889312
513185
510363
953743
352330
150937
404219
910436
780833
376965
361572
71545
745035
100263
172656
815964
589607
6290
127902
263213
438631
208793
576834
290848
652665
886823
992532
689236
849540
185285
557533
377949
835947
561563
599823
698768
91416
495670
218146
214034
697590
209084
495848
92505
675129
94497
850921
369202
994622
144185
320007
37346
68216
696335
926216
403687
614323
39379
417568
350105
180557
449981
128832
537623
322532
246800
354065
695586
519836
848497
796515
846017
881607
256687
444485
220636
180347
31176
740992
897354
881104
738396
60645
536378
235762
489533
339800
321267
430157
599095
608444
135450
815539
307961
767955
111306
639501
514581
249103
947169
469695
660654
600251
298776
368611
709140
733932
65505
643564
871196
512743
143208
403299
415426
257240
277263
497792
181959
404620
53215
85595
282706
925123
914483
347601
729856
772498
480084
795417
922190
657831
466099
436185
323180
266714
338948
641687
501622
185559
997810
480448
441085
384891
422729
579494
405563
591568
340997
359787
866232
287370
672651
360081
321338
944371
778607
445844
438689
256147
925858
171733
771624
659837
394878
564983
840397
950288
593584
90590
556586
61970
851359
995918
696555
953834
242437
905384
491773
76557
302014
644044
602969
883980
607045
817905
185654
277840
768218
567866
846472
207009
829937
612903
967046
91206
210442
758918
623482
905878
386335
238085
393152
446660
868007
247688
346336
475533
289304
250703
916928
695719
732988
568446
292563
315289
723168
451818
277009
109810
379349
442216
700722
15684
530920
134075
698394
958406
979907
638343
340789
115601
134594
535699
298009
180918
996337
347267
877837
82159
343449
370216
810348
841374
736179
422399
537787
442527
664929
221475
343239
696430
360808
152668
916974
749094
156918
885804
440664
430941
377842
242559
517351
698164
295676
252931
217425
127400
796934
422226
601224
43928
819216
438209
751387
794356
484582
312435
704319
685217
994392
578343
822728
461348
922840
532134
444533
967948
552390
861794
601677
466077
986426
844391
624647
219471
724898
854675
308122
14022
178712
270783
967353
940614
886157
871404
789684
409444
700440
734237
323666
148201
70171
926243
736325
221106
347059
958728
652651
199500
553954
108523
280425
674086
675518
447614
336749
520511
737344
931685
539861
464090
855212
886129
533878
174589
20
142703
82650
539931
975956
418098
354753
891785
35894
568685
529340
101752
456178
515051
496947
601256
472187
514607
886974
592516
529320
104487
517393
314313
501680
107379
854534
965306
140395
665800
583173
245165
649796
716841
747708
412899
141912
30727
310885
179692
699884
557970
424798
802976
600895
543831
965200
941080
476104
286818
465548
613066
65497
145858
828039
215882
112772
355325
482264
231729
102509
432631
172791
620513
617986
71406
498587
97333
561691
379350
386095
362658
465521
345294
1603
150836
965447
961426
771785
770635
346589
278526
701483
234601
306459
717198
666777
36928
149219
343156
265370
418146
847095
847348
224335
453870
507490
745877
122557
363863
788380
338577
196273
809776
105232
15662
751160
471050
842243
121748
224348
93964
975988
241914
503593
163010
659722
295901
80464
213681
694878
245684
994089
400738
535415
690581
39900
327807
389626
119161
857387
978358
363013
635386
161944
601935
619451
958444
74462
751255
815782
984001
688151
746885
555303
999357
793232
137655
197504
384231
338144
457772
303701
790366
777392
325851
903634
58964
462488
664199
762227
518581
623204
399939
458765
287142
87003
283869
462890
108789
952444
842388
782972
982253
476167
343674
808246
179240
313022
334473
852175
321475
177609
490759
300777
293442
256321
127797
193436
315708
809692
4072
10791
755915
944635
768528
7561
644408
684678
339616
120413
40702
601083
872016
355661
276395
901451
198079
153595
183846
780629
921110
184842
171129
844990
419392
933269
176160
489123
662937
926975
36345
362142
670232
744151
567929
422365
618621
714453
140640
690926
738406
686387
414290
645031
107625
955724
240149
980651
981273
949955
308321
317561
372734
388554
723090
915299
962125
925570
299866
115008
197107
349996
996991
8254
888993
42167
541870
492637
235123
677237
704302
159445
97268
183281
124556
854920
761515
414954
709417
407066
482721
964466
387108
885225
968137
749756
521333
366338
350331
368149
439210
178452
785243
849363
895376
46139
464498
221903
369558
891874
723836
753318
587647
984397
512798
315580
879389
45856
703419
426319
916676
453803
988814
371925
843093
588864
251739
660717
137836
986531
217144
57204
920756
293611
710247
442892
319018
152861
28465
189686
258235
233554
338699
535401
301903
118625
520402
737635
994322
762172
826519
152374
64257
954255
634582
380803
481522
774867
560983
805855
515030
218247
34236
838610
62250
16369
645548
169198
102397
861037
754608
295846
429200
541774
166291
433153
206207
672667
456524
971419
692682
428844
58316
980482
503601
296155
787244
862528
389938
696627
770721
724716
733404
780291
773286
695199
351872
967324
544177
288329
954245
4321
937042
280547
76805
895047
975869
584257
747003
841681
186194
798823
125549
888116
728197
250388
353250
188473
966156
879696
856770
936329
681253
687879
436103
991698
351304
183479
873174
186199
941974
115652
551876
38671
275059
189168
794716
850195
642343
179534
381449
39223
895791
810810
562952
893957
107502
850402
938838
62017
394572
444447
857161
700150
518001
982055
861855
852602
285346
98590
561339
684317
812604
931588
364505
937535
698218
740083
544839
651140
468165
804074
253595
586228
273583
14610
386626
904508
372004
419841
120748
142716
557917
166357
920146
449317
945969
91080
695358
203760
46350
428839
128016
386039
944748
63716
397110
133602
272620
60838
570718
944692
750068
413740
13469
180375
468347
916338
984074
926116
611728
919511
804912
377270
760738
222691
955421
645913
702027
790604
970721
970487
656187
8018
406
441153
135460
222661
775408
181089
788995
80239
289779
754646
773503
153186
557330
983215
182981
697215
365142
563397
812306
315185
820220
66053
459124
734032
587365
794926
801701
34784
73043
600004
665656
584836
997168
461533
881915
607815
457611
819854
61575
120491
99471
105129
733230
517368
937310
704350
602138
14098
188127
894742
611245
679379
304657
254091
875026
892403
259105
570272
26055
771576
749847
919147
232095
711076
656196
367795
460886
374447
754172
200781
817972
903156
961982
231462
152618
683252
215248
425420
777528
158644
242896
941294
640544
515831
799857
887156
226202
398354
735693
899381
847191
741250
877666
155297
662885
753290
604454
451237
288936
48226
50034
464772
91474
173537
831042
4927
483599
839420
119406
314746
530264
654872
280040
451928
604057
968736
35322
964152
587449
349125
853257
964724
935956
545428
295761
782051
29573
996888
476522
170347
477145
106225
588275
762211
351118
887930
403831
274343
751885
15828
520739
19760
725351
188759
570730
479834
368345
48681
588267
988527
276726
494218
671499
373846
604285
897669
720369
115073
410701
447320
582887
287844
447565
205312
876798
248774
125287
825884
321047
954071
857556
960606
669066
460821
404553
295170
860031
327443
318646
580944
429197
562002
251739
171666
719941
142257
861934
664507
518967
404069
30918
116328
321961
877366
440952
671527
925085
149109
153053
356695
816145
168268
842634
84131
716755
991966
978053
412787
696538
425130
992926
876170
777775
964217
236529
642650
173223
702466
530730
144687
414678
439685
374721
900836
125829
953508
816323
640828
763741
893043
171747
198670
490174
74686
104362
589419
522057
935198
644681
487706
392230
123327
471349
673853
931560
290386
184815
317881
245561
92927
30056
416566
339583
985801
611403
118188
102354
808760
158562
681884
204603
383
804534
185986
497982
345846
831678
69438
910796
930536
781784
651825
640026
456089
878216
425719
774538
392744
201229
982795
65506
629389
362455
919225
413781
453468
325523
885743
736323
918238
79884
747551
852429
761816
235453
323722
388656
134559
380403
397594
251733
87006
945335
672860
183281
659180
966289
587124
825456
695074
9419
399423
204262
41163
915647
649588
342258
242515
447186
736327
994378
717798
913751
971262
21074
695676
861172
599575
392010
340464
852458
265520
924305
271102
340286
346150
694054
507666
306701
314742
57160
767874
106331
620193
342687
825457
508276
516898
652853
666085
669309
51834
362155
715113
23532
235656
869869
969973
94319
683110
868836
448407
117014
55810
191013
327412
99502
151799
358380
77487
592882
825773
766548
151713
854556
626400
284258
957526
438811
510685
510102
433925
428218
603069
669859
278106
571310
275703
901046
649026
977188
610139
669868
455995
639538
546035
687650
846574
881061
875271
985740
942206
585269
550910
288116
473581
226955
984397
432679
245445
420497
268701
827376
527211
327978
670251
233300
476982
408313
361954
59477
892115
404248
930298
963080
193720
783032
148531
646352
765002
313646
198114
55804
97880
328632
386654
338010
968507
700479
128377
424502
442998
614791
860063
273662
535737
776806
5075
256744
100678
817108
992541
289093
568241
959692
520606
628898
494272
592307
359570
837981
805294
172755
733666
56621
412804
97892
258935
433500
539776
445216
935237
989781
263740
249081
583517
200758
649385
960053
494945
329096
44415
955482
889306
852673
472471
557281
590031
456466
939994
742486
211424
919177
359860
759804
168919
496405
716859
587357
481990
413360
145797
212562
291644
503812
132068
230670
753318
264628
793925
584479
678242
551101
772881
968236
687052
504520
294623
224784
57853
834960
223055
447965
741455
574961
328298
779285
310012
18415
243836
449135
159489
440876
373089
494373
284582
596067
658676
289736
241503
163812
413706
523715
701985
11491
470925
712991
986782
690184
322144
905961
266895
928336
578333
454495
281628
940306
143562
283672
618097
516719
590370
506420
342326
708969
694287
399753
83607
309296
843643
183453
516238
319853
236045
204054
935885
157057
341668
90158
767879
250447
248951
617715
2480
532486
156991
702503
419823
736628
991760
745733
216184
647334
777622
168556
510505
861521
734842
800123
973179
145898
376292
81651
646538
87822
14110
450673
954816
522589
482924
988165
464521
935104
117873
171666
499196
740355
668827
726401
805394
80103
298203
922939
788849
45700
590820
541287
705275
234938
151801
398260
918522
986950
494720
225622
755053
454985
821799
874403
67124
153926
145758
748085
533755
700204
745280
455918
598120
623917
800386
393541
806817
869784
618065
609896
344748
832443
21241
636056
24404
104603
763143
492889
25098
676964
168747
690705
304572
259224
884402
811710
328657
873143
58546
388955
987094
85184
654550
217718
103020
238486
710135
761425
101921
61773
925004
592986
583250
959093
296510
87329
992343
561040
542918
786874
62904
323624
69701
576889
161221
424212
752713
175909
401783
790137
496231
589289
440466
941004
314185
938793
858768
759423
760676
16424
128597
855830
62213
526762
163900
651970
402151
509804
674523
317568
671603
708461
53746
526246
524730
372660
636795
418488
734321
81574
10616
958465
892941
815787
832169
407503
231022
547105
292765
589532
41398
600199
947822
660297
944925
315685
896501
664919
701982
399650
391585
328401
871473
999417
13565
585746
182052
321433
705795
283824
896870
300061
591437
268310
365854
703983
76837
438315
508185
684378
799328
148330
5089
129057
64790
476382
500115
431341
15205
983063
660982
889636
417762
768581
752108
239397
607082
397569
828463
557669
314911
522762
16586
762722
433794
264115
818277
327412
838548
849428
608500
117446
819884
715534
908665
160780
257469
148748
675741
26881
460667
490912
810310
112983
575935
582054
279285
620343
930453
45734
501242
132685
372120
947978
220200
6410
316821
139600
431088
978791
760720
570728
172089
580329
390771
292411
463630
753333
307501
660245
507932
645091
743387
153892
808693
31532
49013
955651
137061
495047
949713
443972
498522
24912
836830
657825
571152
407465
894827
13119
359831
916391
588900
671784
284280
90377
291685
813938
524168
418794
290292
117520
343692
515763
756013
146529
150431
858764
868376
397850
830871
562166
334599
277794
106731
802149
132505
793006
220724
17898
311991
321212
51145
490948
579384
643565
353828
629176
546674
240115
702254
539617
320678
569864
69940
172752
3198
569579
699980
753224
907440
667306
107495
429221
715565
7160
28093
614229
197468
375476
814760
880305
315073
345761
128334
738462
653641
53495
135569
784696
535396
731448
519124
137506
198848
418129
441325
836606
322601
962069
651896
668459
997147
245653
748148
192277
725061
243652
462941
107526
995916
761118
744598
315793
923328
28253
407059
640256
402987
316060
526018
867347
261710
878735
552854
629395
762157
868637
399508
323291
245176
709778
386137
351256
585837
921660
919075
699666
510237
518857
176094
109910
548707
796826
28926
127067
668700
904482
508394
646232
953483
543510
219932
541659
627413
898164
803074
343087
444191
839698
595250
524675
588528
567736
150346
197415
743666
807606
67725
7377
146542
90280
464626
612306
646840
676848
706694
296934
522788
841930
465774
200867
755052
342957
883145
206012
618290
940992
822400
583157
362596
433675
68439
221959
968794
328899
344329
431694
584838
773641
15758
329167
446580
624111
547339
203488
473990
53116
69802
859716
806438
72213
504207
431351
575499
441388
97873
84825
538691
719973
736683
477746
846385
782353
210507
181537
977540
741387
805993
150099
790669
305404
288168
552283
285431
975525
972017
660592
328379
37629
206227
519166
878819
707186
369208
698128
571898
259641
645753
949502
853383
554472
956329
100170
88560
220737
139238
112981
263758
979192
982838
219476
75856
892106
922698
463169
5024
665059
376901
558549
195199
684804
655064
865080
838643
112737
378250
954760
61507
275320
415824
703861
303542
240095
75321
51173
174423
763584
13707
254046
452779
950201
654424
142161
236321
333803
76101
6044
123905
141032
514180
85132
841490
530580
457089
857935
307768
336332
41422
392253
752344
687293
879463
805627
478547
124114
750957
958486
458759
491504
272997
648569
131400
339452
731478
862572
315711
335584
333727
239797
825856
719594
831673
653881
748989
761563
779752
891809
622080
163470
803824
309788
663464
429410
518196
203092
708754
374983
779274
164001
942555
833827
927283
850249
529673
472669
712510
747950
164089
77534
552596
796693
701936
549319
219566
242759
830309
672915
411291
171051
661998
328778
196877
792037
660947
202395
844637
214325
786116
357723
94688
198340
616124
891651
380769
713393
913018
666652
896475
229204
440924
916814
638896
352017
160316
471844
859786
732267
672773
424805
860618
349374
390915
423584
126768
728360
395001
22849
664529
471190
194200
266532
939712
590237
207784
648832
161536
822121
852416
430413
811237
341770
26231
248054
183643
808297
253144
859913
172893
515952
288735
614398
91414
705051
430206
937990
963763
223938
583958
152374
167330
371579
894793
632584
436436
263212
439182
204953
653398
121865
924792
604419
769386
741224
152954
51110
770967
251010
135188
353266
339014
482922
293486
428849
331845
203361
991912
570103
949369
237386
751176
49535
22078
356532
106174
235729
324969
787689
430318
963822
106617
829620
862543
622786
844368
876433
668434
324936
915643
126449
536093
77202
655582
324149
163334
174448
97136
583078
112112
528595
240224
192491
333967
295156
962234
429326
777261
10667
122750
337923
768257
140286
165627
768329
182989
238105
562832
555824
136044
988900
408539
260106
467874
996781
76306
231642
830078
852573
699033
539937
479845
950450
988608
345184
296924
259251
375885
323239
238962
819563
475536
613593
106767
332323
303840
388470
845361
126852
209817
976766
909424
909971
723911
237869
236064
724715
11191
669016
165312
278525
123039
442440
192721
159913
471682
49953
2370
777360
267190
395216
336734
925608
124285
137883
509070
440220
629528
180757
307317
689792
71295
506605
399462
392342
492140
850942
772098
819140
485154
928995
391986
210805
163014
258168
455661
930073
686402
863015
304837
324239
975727
392334
531230
493468
915344
168913
33894
233961
248564
14260
340885
376495
683246
550087
144784
940766
80752
962227
219373
414500
339125
370002
703742
363894
498158
441943
756940
916980
860515
623065
775816
235352
947868
976260
477540
237729
892337
247432
723469
422426
338371
283749
274238
469910
648574
531785
275005
895856
566940
837916
73478
26485
35536
772502
259055
815650
388980
319418
865633
557777
352017
949533
580329
683291
263833
269322
525966
205730
537418
98128
925094
962147
411458
581802
889316
541672
540077
983518
114336
191763
740447
995856
265346
843828
878965
428297
530590
823609
901068
88318
542800
435924
680949
738843
274363
884205
786013
624740
515450
438216
15865
820947
129413
140981
999693
468917
534147
52013
254509
642149
216962
947710
482045
170653
168144
783686
937783
691927
552029
421008
948758
198555
512615
593709
274664
416084
378250
47444
855414
728228
202531
794329
606281
73687
710448
77962
54956
949663
656569
452250
606415
431697
731293
490034
80067
324031
958596
294824
472435
596387
34798
127079
236290
943828
865486
975164
424529
748705
629951
588483
805333
45842
283047
167178
545422
819127
795910
69534
233405
617629
116768
69865
274906
43925
928945
545738
172405
610386
71273
762295
336935
977312
381776
718314
149061
495381
291878
385817
991736
530017
77887
682368
399727
873940
300983
326618
236970
291011
251700
320534
731012
975200
61424
239788
189799
635606
471026
93089
624527
472077
26990
89654
365857
901174
759750
856105
57615
999592
316649
312735
655359
532383
352279
328469
275311
841792
9732
356852
172283
600985
896657
473347
693210
496931
716914
126479
16250
36185
302759
253696
155650
288600
711305
234318
907770
844814
918243
793941
209448
319844
554010
762419
626978
696086
51568
838136
754476
162839
900277
934393
646067
498987
589874
989445
215913
415361
782118
649074
346374
85736
202900
388884
680530
307332
973563
786156
215563
561304
351923
23536
607707
395668
965340
839105
379281
65931
29748
581117
246954
889475
660975
308614
219069
874712
498555
310841
264449
751381
283082
112601
749205
604119
919521
639058
672507
434077
518992
403376
102626
756950
545217
705349
671071
931189
550405
57282
944459
650136
937405
625568
111780
251167
353427
473100
478390
886539
395066
354598
628849
169823
667570
651255
72784
758451
22054
609110
176258
354990
856583
715340
790623
709000
661423
500873
183283
171342
836111
11993
906186
143288
141206
496913
308493
680566
197608
424212
399625
351610
370418
167332
801482
572668
962702
426438
201642
447812
728453
54904
796088
975692
826687
785724
98582
669690
176977
714225
516891
153402
645165
5781
734671
15037
623442
743412
153513
313870
520729
935112
746888
292563
767292
102022
497690
203000
159286
402005
222490
329533
332392
501538
103506
120983
532837
331755
479728
534433
750722
714416
406577
160944
686194
229413
445036
770905
535375
448583
774200
370935
733211
519685
389283
90376
346406
626094
321881
690292
548114
701984
429572
627229
531421
652018
966121
163359
919079
787652
892325
642274
59925
535698
850578
363146
507831
209420
878940
187512
119910
267507
36812
984453
527543
143661
229053
708414
973628
740500
861147
569278
8099
200068
973819
680521
308295
553285
608816
908883
413329
562466
289585
424257
955618
541713
388187
239092
407363
543855
338745
283313
414103
778535
672649
176425
782492
948723
449183
107952
517907
750838
719003
925874
434479
813345
750837
909483
557781
651994
64281
77131
874716
298773
552022
891417
434151
798217
728101
71446
312549
969583
634630
935613
576866
871839
581999
708333
369677
886773
218017
166909
378918
602355
105331
57105
680964
88040
435164
194551
173792
295188
652303
458128
452423
752515
264253
254681
880178
442596
212922
465709
636580
862741
200507
433808
504760
974997
817666
907873
447160
124877
535948
462332
177602
757694
44945
876169
501398
182014
396729
605762
454475
357833
201074
350337
651334
552725
895937
688921
953832
16763
751373
398196
920441
121800
159118
981463
420442
1106
271335
474152
858979
651161
387943
174332
259207
369388
919060
375925
899589
41664
527311
11675
505367
488925
452076
799114
100832
316921
189322
47201
334499
969861
551342
753709
666296
650181
291663
364930
170006
69898
636261
283551
327561
74732
170823
958283
55927
740213
897109
714097
119072
766114
811655
192024
24661
270790
335733
57793
448929
416020
469489
373444
72027
354242
725565
106572
768038
143881
969751
21725
733797
152071
554192
484426
392692
244840
284387
194344
904411
81043
849890
821168
49197
481910
23279
792344
873581
389523
699974
802049
20407
951275
610104
625842
952406
4620
118754
483715
255212
924901
97864
532621
16560
116449
522180
890766
139357
843841
214083
503710
960433
272187
64105
6521
477105
791566
110542
134835
248699
71339
801377
297424
149218
907112
329867
395076
25975
927774
407996
488413
960775
976691
835830
785395
252026
636149
515118
650754
359834
388267
81221
400817
317287
155833
933359
323560
77076
816299
113835
578909
154009
708103
355217
666084
473528
397398
468428
868728
546128
508517
197608
753890
118820
334057
570754
435469
23438
123380
353212
636059
262787
511116
842705
123743
192795
317164
831964
749033
662852
952076
87938
514790
832081
221824
317666
303542
456530
966433
37653
190927
977263
961935
353828
251014
1051
467134
461802
202449
974399
211286
546246
824608
539991
761846
189524
330869
68222
586228
608904
200585
920925
942792
333567
346618
123400
203191
963168
239271
92668
131766
687371
906786
307569
496228
420294
261477
237578
526738
75830
303533
300942
454375
743028
133240
716788
139153
903217
354113
273657
850642
646027
395123
381562
635780
756398
824347
204166
307583
948316
869065
773657
135286
729863
29867
524386
706109
375351
800060
714662
681256
963294
881469
461658
579788
151716
456125
774976
365466
554883
623103
994847
432983
930711
732892
324209
285922
190653
989023
276819
861195
505171
834318
223280
381404
218296
983188
481211
566123
289551
672413
318703
560354
347527
777091
190847
758140
877995
18230
330986
202500
863384
834228
324376
192207
163484
388266
938331
402313
821985
721638
77490
217262
890667
191724
134430
489348
35851
17633
933553
795330
477110
982925
746361
441211
829135
836418
523985
87495
176039
914705
981162
541541
169406
20926
239866
717892
215271
50460
713901
811025
70238
447120
915669
825241
782744
688597
923200
539415
165587
468765
297258
281557
902352
34773
776312
390402
552365
860268
220348
813860
552175
260397
559766
463858
703877
339609
661310
711341
167812
632164
198267
942104
327891
959843
169382
546465
405965
166660
778052
455698
254511
826271
457991
653252
880069
479950
981206
317243
83265
754172
99915
189387
991920
37135
531609
612455
569214
567944
759531
21475
938986
960298
92198
517053
470865
836159
829020
137936
147364
585269
136835
41625
715028
408715
332233
847932
544348
536563
332536
732646
440551
903202
185916
694003
471784
41369
992046
275742
937198
794247
286743
297077
789174
459692
389469
255104
997522
1809
857960
958102
474943
894283
706633
49032
658350
475022
259373
421482
394602
621690
198691
177992
377042
27104
21216
956279
483956
503865
667221
831628
51508
489747
97140
356596
890590
927216
337423
415248
778491
543868
419299
443172
594321
740968
252685
450394
714813
320408
351568
849197
912637
844963
308654
961077
791818
428846
17028
737981
532236
666170
640628
114566
623228
180538
801469
286287
618652
125740
731935
800559
370214
638967
933236
412471
114457
469518
578170
850260
199037
467135
954557
819205
659055
232496
988007
169565
555105
693509
77360
489488
944974
228011
713704
187635
624193
320907
251866
63123
593803
37039
862389
444775
605035
365722
73930
500164
326995
105963
689804
649510
503952
756007
508668
995514
351905
396231
808921
605227
177484
49422
314633
698715
708571
432667
61521
742378
645699
852333
489785
416183
138235
565879
726493
516636
240141
979558
548612
749962
647846
344245
920594
608747
120908
149835
599561
717280
163111
83424
951379
703414
762828
748313
647753
115488
230300
377371
812980
471562
805476
273527
189481
221667
5812
813535
378342
825424
379133
882749
63354
691892
287429
507382
5099
8068
509229
479952
878872
68759
83549
470394
436215
528317
536737
755161
24158
324183
511139
615580
593336
188654
713307
554740
217212
104266
53666
17698
76726
394930
655119
559425
787247
973470
388198
810275
630497
154648
890230
875464
204792
213355
362699
770879
885568
419841
120415
504481
393770
317382
459081
407775
417120
202013
227362
636247
522471
860763
129816
512634
654072
394949
635106
856842
405082
656325
433259
726968
156865
514288
113011
878208
304101
338564
993526
716839
970349
159582
271265
368270
735447
805702
703759
477750
978301
509784
360970
526258
594866
556198
349237
279617
595924
255415
478624
170519
754302
252994
327726
203252
473441
476096
820896
490597
43326
387409
800594
816480
469589
796933
457372
457968
112303
670725
340286
757322
737022
930360
635014
660325
504249
689523
333411
426265
668765
789514
495117
140939
31196
385961
469941
614681
75860
706015
339954
423048
818393
826334
465684
269915
740657
906402
304214
999106
87271
408018
22407
90713
716951
574095
791246
628681
398525
284397
633950
174965
373089
944821
622588
627313
195296
522564
903303
6074
515056
773166
634107
190773
856513
366274
988375
107879
657173
691128
793115
216365
54758
984814
318388
295337
571243
813099
642378
494570
615657
816567
283211
36488
816009
199263
183998
323251
712721
881507
136361
994691
822310
82647
405716
763135
295345
329490
613529
127716
130327
73063
558078
792285
628451
143728
357186
249738
582573
265493
460126
105243
943378
445551
182871
123025
291763
184016
727992
86590
781233
171946
598879
992343
176035
859179
980946
974978
320567
813580
767229
858154
632910
622957
132889
53927
185279
719777
310581
147982
329619
697009
707098
963422
642365
982315
537744
935460
637983
78681
239613
624078
683500
551550
290789
235618
582652
700557
991609
846907
715555
669982
703590
899434
235327
815626
864342
220212
3411
633306
638319
187416
283469
285152
665121
536530
826806
57983
737065
16842
138667
619829
932051
569909
550406
271023
316141
127713
814482
965535
590145
198595
214304
12528
20563
516958
179339
297671
277802
575326
183081
893153
552744
264848
480848
667724
20193
377318
57635
117365
732517
389878
715256
478600
119201
217021
215565
59978
307981
215738
668937
742561
507783
108881
846025
977614
979642
19156
340394
900516
457314
43801
801743
540217
274061
40593
583159
155826
148920
858728
851587
399343
117209
925988
453653
516289
401406
51623
767188
518697
581018
866840
652126
145315
950278
703438
128447
545131
779562
66295
843603
479449
338398
634840
970280
999349
793161
922943
810511
359426
484000
398537
616071
710955
911759
275005
965936
674252
295025
136142
226458
154801
572005
323600
604860
929835
398821
434036
530863
958369
243528
742601
661510
908816
644586
878966
438333
227979
567643
827559
781395
316700
952909
569535
847236
111226
488929
357887
582856
227800
793837
452850
297173
992786
215043
26925
642192
80481
406773
447987
342193
444493
706330
168874
119113
512471
113066
136977
591725
972401
875395
670650
885327
304955
416895
35960
618094
474611
548255
768012
759441
181037
574183
847419
921452
237234
742069
269323
119903
849961
625418
646443
786275
56459
23295
787712
432393
869730
214140
104642
702307
681667
662517
235983
948589
346194
331952
508394
91762
825332
953480
342791
246961
380297
968086
902095
627069
404752
640758
311436
220118
905382
598201
826041
622138
912420
266278
170164
834938
751978
157312
464399
702749
387721
714299
497038
892910
690812
57115
863999
865641
497208
195382
958215
849112
772775
344268
362642
741193
650098
71701
626814
489549
183523
595835
794251
309538
540234
974365
860696
922840
743396
637262
396275
829929
620537
487330
439354
404564
620265
793843
346606
347182
699409
557127
397068
592886
448340
786716
932754
657830
421946
98879
589619
893896
84014
968275
528239
473625
714220
527172
30677
367067
425503
85589
133069
164220
848030
445886
593669
326619
391203
417527
781675
323759
945824
572582
285139
418472
802149
371252
135790
536968
166184
142783
65290
221006
341173
224555
616794
248603
616697
83261
149729
675431
873843
61517
778343
103221
631614
430413
828684
662036
892041
181484
898032
726580
713759
898799
139837
713853
394556
916838
790056
306128
980732
225305
890746
936940
994538
717210
534782
304045
968788
625570
907079
863427
217201
306475
171122
50038
404786
580086
710890
170276
528101
82659
792009
95958
412967
644779
818692
480736
341128
758998
13867
729595
876650
760533
789661
327433
613789
244698
904443
304514
834771
608591
819100
383340
561306
835224
499026
243465
50630
664521
897715
926286
486995
238389
679437
932491
6514
379566
54311
555387
969867
33198
685447
719496
455557
980479
664932
384658
292692
857019
65078
207717
538594
279901
901121
575291
744619
29517
94458
608041
483587
166506
525138
309342
780943
74725
105040
216126
890467
755487
589073
439100
204580
681753
233233
105890
816371
707898
594969
41517
133881
415384
836918
262757
20452
305967
110392
117380
399295
663074
459575
392041
329578
68650
910059
659440
954861
911573
754985
169860
506977
545619
141580
754663
575590
708683
92659
382293
167973
924265
485457
485650
732135
833526
709546
53053
84617
711295
293307
673576
163921
226167
372798
982517
768364
745384
859545
76500
799114
168060
485169
404885
732571
103233
699674
372158
679736
85962
74556
831962
107378
650569
135534
234725
592477
506337
374430
67172
742192
903886
145811
607411
46785
645646
987455
59663
816579
588447
463064
364040
912817
77157
422137
362633
170043
825481
825533
952395
54742
821111
782020
643167
967065
627317
713952
362536
820864
144603
461755
762530
763290
45647
488203
885688
457797
364019
982647
199776
165728
64888
748372
573775
887080
920212
37448
177275
44357
591053
292272
587557
615438
529945
549032
564398
293527
747240
924310
778479
469372
875753
788946
968352
855533
421953
237582
142824
969819
866361
225628
438806
486779
312787
269553
417771
166815
605486
570942
686950
87166
740574
44938
22842
990602
101369
16847
280649
160454
314828
430159
493120
931610
827093
586723
990150
198509
312323
101774
338693
666495
732415
914754
199301
378348
277122
166926
412196
169713
950115
778198
98715
358066
252522
367869
288486
8397
399636
751489
287886
425196
974632
861795
620445
472137
873451
719916
17176
273178
900764
190438
795048
24915
403122
422586
466694
99870
773959
772666
481852
963103
666726
161809
36715
952717
286456
318397
16010
34864
665358
197554
936161
890154
640143
15798
205045
916145
75830
239058
424322
178620
735749
909847
393201
771094
399943
561153
904552
450710
201290
299666
317458
372590
987788
223965
812365
958079
482244
867441
366421
197553
960284
272489
835856
882568
708474
152216
428970
384320
131017
102222
99470
611405
350305
823078
507461
900473
848333
421265
328007
146604
941079
272219
754310
836902
324636
966629
737385
321504
664011
113104
758242
214984
926325
371966
921322
879650
708878
679523
167705
776493
785674
410014
544953
604101
554446
998494
89274
426385
565378
691885
84177
133767
358046
698060
506093
238346
787630
999493
414362
956167
933598
496466
432086
597140
720967
591571
366325
373507
696729
100074
539603
447186
664227
652253
878301
98002
330395
595789
128787
218937
837039
55181
605725
538112
878056
383399
919078
551507
174494
663031
697880
41747
2115
324176
402102
324151
855676
393634
469048
971450
533760
755124
652562
136970
724556
853398
695840
273781
767364
518026
720393
606687
701564
934834
167352
605579
449168
510956
580937
299899
549319
84402
734141
854211
818299
642785
621038
226046
238014
386285
377318
30814
610820
307898
250231
537444
915619
953206
446974
722148
625319
720997
678839
335950
208299
280563
220117
150448
121475
929220
409289
448409
225369
805471
431661
194238
271411
504791
369497
357073
280197
18615
481598
863219
708845
94409
449065
22923
936627
129673
859716
910004
819103
633043
240535
249747
87262
324183
566093
554890
207523
152589
251199
122382
840807
755195
492027
462305
822589
10202
454329
438128
663330
233636
744897
589462
193849
441883
182220
710831
380627
628954
486408
723342
352518
804202
762868
583869
107437
43585
953357
796314
178835
757916
558932
500406
16668
747637
620354
782835
963137
817020
367522
390727
689862
962566
450097
93090
851782
634786
629401
461460
797284
359901
203237
823443
455269
368932
345820
178508
545440
885998
671374
789871
927985
531901
802005
171259
766962
828386
422581
669211
358852
45820
178018
987766
1310
412612
697536
491896
837706
544568
416404
824287
506413
516849
664928
1620
105987
221815
199474
894880
183765
871378
667864
687293
773854
11981
148141
769930
846462
955155
479800
639191
565693
964781
756347
358876
485920
144435
436610
487362
530025
380378
766806
671420
572656
123887
608820
289431
65078
618283
762529
960475
925064
396772
413132
613884
990341
333607
121220
15601
345867
848580
740528
314315
29298
213710
395994
470357
177323
858435
160023
84008
969912
13919
361852
912684
655987
555653
647825
623707
845612
644952
236112
255101
3871
71030
749790
237476
680754
262370
67318
876170
717139
631455
988893
8107
454099
54862
586238
571098
147825
844731
595845
31412
88636
755658
317903
390430
702929
725433
984143
463330
829707
997220
832520
332279
574570
642086
748145
489573
802124
930881
314229
890928
70705
774583
888190
826464
997233
173221
706199
843491
392001
277147
514047
244893
691345
963277
624076
608152
214339
219202
166258
818696
144296
615776
817408
592638
705932
346559
504859
710025
251076
744990
812157
301642
541553
666221
604804
988741
809814
763441
167750
873204
620908
229814
938720
999857
725319
493045
735636
220908
14386
581032
459607
264366
51648
778371
255662
963168
306590
5643
530715
395867
771557
399766
353800
542702
411417
948396
356704
892930
298501
410588
555577
226291
707590
928170
299152
346065
756415
413605
643250
419625
971093
607422
294163
864932
972976
878031
709501
247857
94316
926384
133509
88758
745249
748387
469485
290136
46191
354328
915281
443633
89528
252594
840690
614338
584107
204147
846545
85963
54233
938168
407058
560940
31752
673071
346059
581331
362861
605386
587919
628686
84819
514611
92636
790366
178976
253064
93051
41032
575390
802663
558768
177495
337642
640902
200924
689207
759946
436544
384069
688915
425832
367381
57368
789485
91996
831388
15881
979834
437342
390634
465406
889631
941923
595645
627024
267377
615926
192363
3615
878355
23871
463598
388674
845696
366729
250550
2433
784763
575265
28375
507138
151857
694215
344752
180942
628912
641677
443869
672396
11183
180332
252488
250175
419692
344364
102939
566039
180484
608904
36973
688457
78858
953136
738869
55582
69989
423361
27917
558424
803092
786951
121710
110968
867884
748094
424779
141557
204352
324461
448098
391018
495785
339375
298773
487512
409546
496211
282365
450352
795142
260113
368812
652521
672935
233416
148655
9474
809483
74159
406941
159642
706823
277038
218926
202523
106255
691169
583320
536489
767629
218119
961355
942241
214045
748313
908328
701595
797042
114130
504277
280920
178784
863161
130751
444746
630277
665475
902033
732795
945073
728367
991934
285842
529504
853417
426645
434439
506034
134691
815526
925345
941550
104894
806001
247467
817065
897609
968503
990549
337071
73342
245158
112049
248457
279849
610773
713099
972084
133346
31575
408846
371959
89639
88655
756671
493796
438564
904814
766416
8583
425276
299960
797023
25124
519113
927643
68249
634783
534119
630982
853937
419578
971409
855990
153804
851114
983831
1768
520262
365172
57821
764918
640920
341728
696208
668069
517338
232159
785815
473084
200292
479044
508700
571935
371489
116588
143856
616858
518353
261207
31300
771973
51549
894498
83985
630961
96639
590311
153165
258092
577390
182613
844805
5752
524632
969871
757083
986188
943300
985332
533826
134912
410430
998590
722767
810051
281515
629843
88698
919656
229118
383074
429037
961771
848660
912180
977929
164914
23378
532741
294915
991236
636177
957636
805946
276464
74749
631040
97392
171723
892857
85574
476307
412939
533387
366447
527283
940010
101118
727248
175479
824958
356986
913320
795524
752152
235614
525727
833874
173765
168797
840798
801845
530756
559604
862215
268333
153123
2147
206313
979054
625712
56774
977386
881706
33927
70706
477664
113916
233695
985327
360773
168423
627434
234962
162090
297766
722135
635130
795232
802929
653597
478456
738499
766050
652115
252253
191915
148637
360963
758720
31104
247310
28428
358122
397671
655947
223602
979991
194462
58838
302931
270679
442751
714842
705508
711457
435398
127265
772577
361618
22742
167257
536380
328952
205563
958773
762339
557255
128842
368857
794485
766627
762168
397224
708339
254929
661974
286487
519274
696169
217080
654959
751385
389532
996372
414362
646075
203097
436096
682831
243668
429298
907728
807805
447641
893412
295246
954337
631880
288240
154798
925780
613477
671368
655148
407518
747669
491988
669603
909318
452966
61629
709772
979494
852876
659462
332725
898242
841604
793870
351957
660895
755737
987699
394742
220653
43715
891030
242192
836338
8819
481849
50802
931533
8015
854032
982326
220044
529677
317596
45942
438001
428221
876640
754849
298616
77529
737005
167681
556890
830458
173458
325004
281813
498151
969106
748205
629643
498530
323057
167928
546935
373855
793854
837135
357957
737132
309603
662022
507020
364949
585131
377441
979815
752108
33572
702859
79116
838435
871556
134725
50794
779016
927985
880337
693751
63281
186064
922364
495005
976260
900926
146508
925523
597739
757869
784843
118535
165264
977136
69360
185975
574975
348223
829129
618353
998889
106655
165337
269837
448183
839872
824030
59992
201260
866796
469132
260863
426152
505184
542154
813974
984471
645178
193919
188289
636419
783614
945387
67856
26692
263788
966583
909626
389911
414864
227465
598114
64665
509341
297665
940855
699969
416308
961831
888996
374025
116786
526343
848244
803767
251552
351854
219365
28660
42878
610717
909551
389545
702405
991017
216070
794922
358884
264567
186416
341908
838470
371709
465636
850120
661915
407067
378491
50467
731503
618610
723542
670832
342193
946159
143947
316692
42426
494807
500517
801527
105890
284770
303982
791871
418882
380949
576993
555368
565414
909465
553620
854014
479885
334257
628724
156667
359546
275203
730406
821705
516357
547677
197337
74036
420638
157380
931423
933254
112843
217213
690670
608535
420055
898893
613210
568412
487973
761471
941500
860289
893373
65048
510839
247936
338016
777039
696600
282807
272526
606039
451827
562847
624846
723564
277190
449421
591999
143883
513292
4990
343656
244877
449286
615974
621196
758927
524964
336152
230474
93612
148121
526502
502945
762710
952684
995442
607934
597067
842115
395138
594125
363360
790023
810083
116151
199779
723648
753613
910184
69710
400570
572672
527758
130053
109698
450049
398054
673555
105607
229613
92449
40751
541126
96921
890993
653529
219250
510573
926944
230016
698774
48661
855214
844431
588179
209420
443997
310920
715145
655030
531690
740120
290
183681
261856
962461
255512
696714
539993
139373
716680
374045
164972
54926
624619
692071
605043
773213
738487
387374
723919
407584
424779
474054
107941
445306
537022
87250
684172
944219
618951
158741
790960
21907
566252
723377
430819
3593
252520
962831
487937
582056
665679
117886
551504
548119
518034
674586
506991
996098
713067
198196
40459
310249
827811
908667
447983
689301
448824
853300
562867
508215
569381
664680
1886
711969
905743
419539
475093
673267
30508
321073
604962
866137
976174
401029
913369
771800
871577
852959
853443
514490
36927
2597
826640
193932
936292
883406
55254
22526
956809
626827
197319
658118
727967
897082
844586
187709
248118
689436
521671
350528
14143
681531
717453
832046
841150
974191
690939
179439
439121
622555
563065
486497
306360
400987
766238
148000
62167
170171
757274
110284
486176
415808
718283
477566
65796
800125
790721
747563
543819
271807
615529
439045
590660
377068
616655
494597
97234
48209
788785
822744
55997
657210
455596
785634
315737
713927
782520
829634
622324
692379
715167
233732
899691
944614
635854
387309
185183
982379
278054
250278
222130
731251
288488
518892
979149
958789
91820
438377
709392
734289
100124
242074
788452
335786
691706
969309
529157
253000
924198
537829
703543
324134
126902
106552
68309
907789
144791
912588
872665
949877
816889
278165
54691
901424
516003
85164
339342
798262
75077
898605
365869
843745
81825
164949
537847
264003
339532
841614
533059
340731
554717
798178
816551
754809
273903
76355
272951
140809
113960
573787
778514
504944
549943
299662
756111
632936
480542
279062
31177
169491
735559
942821
315041
941806
332868
872855
392321
336914
357071
232811
762137
168749
716675
344948
703052
410362
715116
957846
749757
674983
916230
447860
819596
235702
223310
423947
358877
401712
526231
969649
960296
417832
591090
844880
233146
478676
747000
794567
879462
9791
755379
398744
682892
844619
119108
757300
525753
642752
196254
401547
920680
487442
36075
538965
920523
952011
176471
549662
550856
818342
61427
968419
278153
471050
126675
784072
756632
936778
229172
512750
403131
555502
833925
809200
906375
779295
247888
1756
473472
442566
99274
3294
181639
285261
203547
440066
188032
904099
308382
177308
202607
110285
608611
146758
215009
772105
928533
774134
716143
159245
721817
59637
371896
348703
824668
312288
29308
807648
740113
600971
587666
714504
383311
325626
735198
64613
105433
464844
325523
791976
835303
224318
528655
13403
98582
577260
227530
170589
688883
508679
481780
568726
677488
15605
158149
399390
16294
92730
355023
925064
721430
190163
264741
505505
523111
808706
118242
289721
116198
623635
832394
449294
724310
880578
740212
882378
797969
616510
117717
531492
298838
354835
993151
513466
490503
597573
810745
827190
398385
569181
940951
630033
530196
935976
941152
135404
532410
608741
559209
23041
917546
218806
674123
203988
943409
363157
657033
417242
154141
665259
724619
461196
455234
261306
108799
963994
251420
361436
23265
248764
908312
121191
739770
168401
248137
534428
741111
45798
126946
654428
387780
429112
393196
360826
272390
832928
421361
844086
854364
916860
612731
438303
134415
36087
584479
627505
955668
27718
638716
873870
164873
986065
45717
214420
342217
761649
106520
688259
615983
434852
170134
31226
156307
857566
30316
916238
872709
747707
712267
403871
376516
545034
472021
806575
757915
157501
944652
782426
215640
40351
396363
984555
603010
80161
444890
396093
578198
668649
643132
427844
242228
194049
856580
86857
28043
788382
670678
326437
886427
307314
658916
538965
183831
385857
968063
215044
980631
694642
216536
143599
298446
123432
280493
252514
531326
312683
839087
929858
161072
531560
534031
462566
26086
532893
580661
511541
115839
902902
340088
398558
142283
396108
333440
408560
362873
963221
844410
509326
117261
377095
377293
622588
884400
976512
472270
364523
981227
249341
66674
135428
49556
226262
767292
4955
969672
100682
349519
392135
901441
410205
456282
171503
772139
571096
108502
281137
169257
663249
603528
178633
127067
250873
876169
633941
654895
982883
521280
693726
319073
286054
956004
776914
439241
447147
841814
489320
355821
906847
822784
915628
952914
140029
851490
551433
702956
4795
822197
321926
539104
539289
68636
146814
430323
740015
588090
206198
180289
881927
269175
42156
622678
524754
999481
168913
127328
414732
892752
325250
153790
593406
899892
645280
644372
481043
77478
751825
370556
4032
473309
455300
505481
697869
620509
904568
636409
964490
256560
277435
573109
306602
389289
331050
299590
209354
135056
245896
926447
703245
957575
771580
191282
2216
314125
615050
386165
406496
730438
584108
461703
98630
772263
724028
931163
616791
545106
378436
460357
214898
119116
992705
119200
321343
557562
102783
462455
590914
601550
484771
958153
53907
797430
51933
916637
596059
931742
417710
717076
68134
932614
844488
639609
113121
732290
500083
100887
324512
735660
438188
864443
695860
437547
866752
539082
999206
151237
965195
665636
23206
855288
889818
952586
285290
354068
72991
579775
96055
965140
238416
733134
102869
725147
646625
25752
693662
744099
622700
103800
133489
730123
911798
978319
681552
305674
847505
3820
60115
285740
37944
924042
670530
178943
183435
170690
261483
669826
383176
316689
18886
184673
414932
555121
546928
113349
188096
356361
37268
360629
549416
56791
848599
180324
448848
113560
822223
855916
651191
29107
261378
155900
32321
261649
80858
320492
378250
447276
594015
656511
129950
387923
861329
363949
232191
684080
842488
417851
526618
23170
511339
294451
739671
989331
80250
17295
691621
784526
357028
688349
680501
458778
239520
98615
534383
864107
500373
953060
138219
231451
626256
303876
614405
647985
839794
324465
457160
834947
147008
654788
280516
968873
575137
661595
814122
577887
68771
962950
896250
696687
706647
50776
811435
617013
779274
346639
927462
357967
19570
38914
915606
145243
504193
56977
581171
69620
777475
617978
932006
897351
911298
512675
129239
903171
804574
94285
991734
189724
136891
827696
911174
494697
293116
11152
378462
209809
612788
594349
215514
198726
388008
207480
823145
665786
82190
429598
713149
863496
505999
153866
337233
598135
139055
896203
4923
285207
159719
609741
64038
533296
388971
998169
490274
333844
970663
591628
244298
13573
527556
979427
397832
479723
347533
926563
67942
28186
829183
78610
575744
193120
557028
515028
916218
752371
88839
47490
799996
415896
347033
845363
935178
443420
350254
90735
454890
801485
488772
217941
762986
775901
871982
252839
123877
397658
549968
210458
353764
612894
473783
173381
626098
419882
207087
172525
386554
75186
40373
15357
453086
516011
413673
661986
582092
944368
610949
803896
535891
580920
364657
774008
349320
791705
753103
346888
886421
821953
94912
155137
307800
191243
968412
733072
915827
638070
798061
642769
981945
947621
109994
663193
875430
18677
432674
887546
808306
988739
292300
887981
791586
295004
594205
41541
452638
400855
490605
583704
367793
885496
835731
351255
658440
26482
854405
615872
752956
984870
286156
701031
837858
997524
463306
861020
866002
635892
52368
564435
64897
720159
912525
368971
46365
639131
687147
501601
295149
81006
329945
710618
33223
301012
13648
599797
134741
432921
710760
426881
855755
232149
661104
832179
593884
83588
1757
684638
446197
114666
911706
898699
118290
828839
911204
424488
37766
532192
608460
201320
856179
618499
748856
483962
410935
748252
410365
197651
748694
305192
485204
122716
24911
940661
259380
570782
41453
90748
702638
324322
350267
735976
186764
804470
540131
570690
61019
817708
742750
451842
443199
697892
925917
330118
696054
46525
915802
114479
272849
750364
58817
132702
719396
769096
45399
477752
13883
89443
228791
362039
55678
472315
155708
126604
234868
40123
161782
52402
667851
454064
624038
689236
920118
535482
258820
5829
630114
126614
863823
340253
182809
548415
624040
614538
590708
726824
238486
505163
97840
514596
637971
121588
301570
465860
26779
997946
904958
955970
995519
639379
804771
564608
74927
328423
499579
841614
333153
837176
736256
513224
856382
685620
263009
681348
812470
528572
965856
508714
788764
809137
640394
970854
199555
422913
68833
514975
119688
500004
146596
825572
633341
956384
513782
788211
572735
258475
501516
759010
292169
917569
904898
629335
228884
432086
386350
756551
138432
708756
40171
899792
417989
155129
818373
266224
597892
260517
422804
175447
86360
826204
62804
464652
448165
853508
467583
522064
55862
314869
537141
715858
777292
163921
3224
443192
331945
401825
521017
87207
648002
307014
168599
273944
588262
124798
256474
573190
899922
199938
840446
141275
866521
28598
946767
944284
798094
975123
29678
189472
539217
160889
166051
763547
994028
975788
147907
755008
382469
961906
604119
265726
991134
846881
253455
793874
36605
552202
350413
273009
447147
783796
668618
210038
782295
686503
373583
668848
624588
552179
806282
316027
772881
167248
638304
651748
913411
864755
560876
759857
588431
389117
129340
547566
883650
939949
135137
464046
223928
308866
132461
412147
296999
947560
200897
18931
370173
695197
490825
214299
787754
471354
995409
606857
269313
841510
668394
427859
612498
548841
942067
631302
913258
381069
42684
705226
205249
478952
772736
100208
606025
651208
182592
709556
169699
430838
320427
51091
177646
385743
750527
760825
586643
469642
870012
33470
72707
524797
835415
902708
357325
323162
106423
29244
701850
72056
826265
377656
780397
877021
650729
760638
565322
394283
71962
632792
124218
632554
531672
817907
517011
337615
293418
569879
528913
188835
879513
899830
245498
253929
577852
298386
250488
513757
578061
994256
171156
874132
701497
618075
307839
305262
272518
74178
990488
544414
985017
518729
71091
237785
128054
695364
287966
716477
54521
535044
528410
904156
868327
546603
786328
671216
39168
555813
835436
67020
52805
102144
595031
857235
401541
112920
371638
635991
751432
652854
768304
98896
4336
681337
742486
40838
757067
528065
215953
184815
345755
416124
819598
51556
331751
293957
425894
793969
232800
959668
621508
345106
127793
377980
912930
719569
649923
570528
869587
36556
352341
633927
899052
730146
335984
982999
673402
837964
431862
363579
991392
527218
487963
251639
341540
735412
455669
138204
894574
935476
678483
681509
202524
640482
545663
404641
404337
968418
413630
34946
96046
386246
228343
315204
479036
804657
943828
136324
189125
838694
16100
935951
338604
396932
323875
43686
955363
79892
20186
120052
713726
669978
636593
850828
746124
922906
570239
426244
126503
416837
871928
68841
228855
173516
723284
554130
879040
878445
914526
674592
461526
553
80874
354855
381684
73039
222769
227149
598734
799875
100881
62506
6966
988399
560087
222938
449537
825961
196721
195409
199743
566269
427078
152935
273330
440254
273698
958800
87296
904788
764792
152259
711604
925563
508605
192263
325594
546539
972340
481699
221603
152935
66017
51524
820211
183884
248556
26317
509901
784244
287758
48477
975007
883409
895154
757631
475443
35597
599431
89170
49754
383133
490646
832649
834892
751281
428954
976454
864342
198458
244291
33112
774228
762585
862006
348588
826156
307320
480205
341434
810357
800057
497188
888836
920904
561510
633325
17821
983942
894599
677518
68852
336003
62147
809483
154372
482744
723642
534853
706509
416284
491810
979090
239656
230509
331874
619504
962546
78233
576715
103203
564325
135044
345306
765788
493398
793844
313430
538276
579324
763313
223094
896945
504274
507014
445723
470992
94206
573754
420552
11394
222206
478263
852242
123396
309617
116560
273122
6533
220044
403940
611866
8008
585233
998088
550181
279004
41697
72722
573561
113195
774590
762680
99868
601929
875980
631561
961480
614157
580230
684830
745837
685375
435402
383719
413164
105079
291448
145837
942879
120957
846303
415830
250747
615956
244806
698007
50423
565589
74183
949669
462410
606090
978070
713122
416577
515126
538433
72472
388600
992895
282545
723530
734481
299920
635221
338156
668056
902293
324996
99484
987456
902202
558101
818188
279561
143501
229916
965726
713743
27575
811960
698293
541826
628913
602486
346868
244093
813022
962891
386709
49177
188558
947857
348779
840914
950571
951438
397607
59038
242657
465521
776676
408517
197964
143146
874855
45759
823316
728925
671888
513428
585787
574512
153501
798051
512692
668013
121537
886948
635726
105839
585649
746943
913413
334078
14954
720748
785473
686517
701650
810746
21609
566641
199414
461244
856208
188111
707561
157925
148399
813209
64312
711961
120885
106673
370141
383588
365576
342091
74198
761635
678033
560260
507325
566570
159392
649506
946237
203933
438370
575903
48505
584801
384816
635148
310540
759370
872813
344750
221133
9083
456725
314364
9625
786293
978203
720843
237557
164369
168935
945292
800091
256829
844183
175848
34734
63979
342697
73215
845501
57441
285163
71301
705784
696600
868427
703648
490581
690629
780061
228980
632726
878169
345949
272882
39788
782280
453209
119533
470
408027
376000
497986
701760
843869
410144
543202
150937
447614
145943
86993
831727
83834
293806
72782
128652
962655
902137
164382
180846
580086
897398
802991
756958
631234
857314
679626
333979
133847
285193
467739
439761
980999
766925
611926
614848
550315
736715
882565
861949
322436
258917
68515
260939
6417
431661
857363
777092
310409
970517
269787
530567
608427
889834
830749
243174
426933
917928
554836
975922
365697
960235
11838
154535
185674
561339
310590
743426
618401
186985
176076
930480
118915
701863
88642
442267
759482
589131
696516
715625
60657
291774
30119
995463
291882
396204
232852
763176
894395
808095
802756
145954
192276
609704
702125
687729
126428
444149
855215
688681
16090
242201
315528
823916
45185
793481
69067
63952
608129
629958
182317
77891
982061
264376
516310
274469
204338
374957
118072
465195
586628
31222
407642
379111
343742
137749
521502
415530
195387
719000
825450
939087
891442
215079
958317
400583
159505
696586
590358
32278
990243
551063
744996
268794
261344
158485
611171
759668
635443
874585
758567
472295
914069
744501
84223
43700
959308
454648
450352
781476
456693
889636
39339
516617
111347
291779
476664
297522
880497
996705
994200
614950
466357
330085
227260
812933
556434
874578
674150
652052
956778
727871
191652
619553
459701
32811
824297
730199
677325
59466
306128
148326
120567
379538
187173
508744
839217
52752
18276
449105
681058
178960
578656
9111
90456
424261
691183
135056
941813
62316
106036
32631
751214
43518
728615
52151
146130
55160
108196
584174
794448
268910
755138
933239
680631
502019
414250
697571
653551
706667
207317
429221
425501
926850
41572
868453
289277
719396
845067
112164
167227
947824
319246
704726
77081
697678
871394
719917
661065
450564
625509
8727
625811
38089
261810
734928
894529
221784
773415
896915
346617
477120
1566
985126
869817
631319
110841
542882
22483
380735
912039
296682
818500
48159
229471
564479
348878
914801
728162
715252
479407
938496
199202
804085
201209
866317
296080
246871
769041
363971
29306
584043
260608
586620
293911
569645
690300
696416
366851
236752
577251
454438
263460
332835
334809
541197
457727
239220
51001
438938
685750
896845
554546
835035
209820
880
336826
449537
572128
162454
27333
101163
983221
746460
824245
249815
999108
283831
854912
163854
389036
862836
470103
19079
695750
919704
667969
984539
743504
764857
74620
610082
950894
960172
724368
434867
974943
206123
516174
861559
119540
861758
142731
686395
834290
529406
518372
689912
524499
933296
926059
360155
911939
421750
560729
570521
857913
306919
294377
343054
522696
492394
899227
672312
879697
169131
336517
400140
629870
369651
850717
762418
844983
867898
379419
151863
650318
357736
658646
142088
754178
895002
217519
901333
806159
499911
456680
858258
818786
802899
244810
731404
726274
644015
614648
569008
244863
74901
989031
197053
513039
17601
890659
653026
758853
423554
983480
83836
541494
566947
322883
576619
111571
566861
776024
442384
177550
185318
423975
844689
450364
510046
868091
44965
546636
534588
534657
228297
22953
608026
532695
185517
147262
238203
829277
408455
969465
107661
727559
942519
599294
29541
660550
636114
606914
157370
913851
444734
106966
823401
374752
352591
904189
960763
275588
362252
511172
490746
401512
52181
351112
726487
133431
241055
213194
749377
366851
37764
362786
373114
142219
361102
656075
383980
369369
901803
18117
705817
79007
27340
325611
660888
687613
31501
200081
783819
727393
829094
146664
541863
830381
431585
840028
467872
326852
726716
980468
665449
516992
601803
143993
281685
506583
399547
31219
968883
656835
57936
635176
536986
680879
620181
943613
913319
791978
264766
638329
177339
658916
355242
225120
156367
988078
172660
643536
50554
527103
934675
879101
973467
915491
306530
562639
532432
114572
523125
373736
638304
75041
708895
516659
705302
67624
345598
377876
971618
563529
164339
872753
253008
789812
967807
611450
978755
295788
539888
822109
953708
412541
75731
326437
975442
586985
278006
495250
836740
909754
369094
399206
441076
869382
595499
87240
133446
840158
324912
625520
229949
876751
840636
390452
409316
615962
141939
25223
163682
592041
853381
227599
501862
342403
541958
121643
614321
307049
403699
399895
180372
227770
747873
412084
130569
60735
475146
296085
277906
171391
575255
631313
121174
346005
551973
434466
296059
968753
7238
780604
484464
487458
812487
295197
194861
876576
321812
12863
918885
759566
372190
660201
577922
268909
70421
442353
325028
174634
262029
130846
480165
783207
472904
382411
479077
625134
927548
8322
904156
458956
380618
981073
427021
493754
634936
34511
641021
309746
306543
30241
994542
267613
595113
620967
917040
213211
582972
730403
490612
668870
202581
205071
607140
830486
694044
719103
117706
128585
836936
818747
352132
535937
759735
514582
45680
341205
514208
786384
313248
85804
815342
178911
631690
314918
527013
271733
875189
462975
648820
515473
707845
72668
729884
380090
114231
690775
691524
704941
412184
384146
618863
601439
57457
340329
567989
91343
206576
557459
587683
127184
362349
317041
835100
912945
69351
241880
259502
274526
104138
572133
660427
255384
941923
38647
866088
817145
49367
897868
62393
643934
461591
511874
313568
711685
341312
938200
391085
538274
961354
458427
928647
680876
46913
682692
724544
25932
956121
598898
594506
542678
24874
646234
493353
454781
86255
745011
73454
307535
637240
214001
580861
291448
679972
584918
445511
438611
282630
556908
633707
627002
54764
609593
336005
298041
895613
124770
110491
297962
120635
575667
416336
31842
804310
282367
481082
605845
179574
176141
965820
850532
886016
400327
594465
309805
385066
107266
94625
734491
973846
174238
28483
485450
176667
676123
426347
30836
253104
167665
996205
17240
226949
901705
904938
44366
569325
141089
270245
591710
328234
342889
56420
565138
946676
291114
628452
65937
643545
436838
420832
275314
338991
560129
998067
663454
417053
915435
678281
214926
879494
342890
958542
855364
592697
348939
910467
284811
327739
516572
393931
314615
535359
223262
712673
851401
814191
449198
171081
503136
665719
307877
19588
725087
214403
11664
655838
121121
629441
324461
917123
277491
463761
151789
369504
326523
249040
515948
306676
857893
715830
921196
268569
734132
126707
974253
813241
772149
32497
105391
252446
710231
601605
5184
249643
583718
256251
502646
19134
960509
426614
950939
248056
605916
270261
320252
834190
572020
88019
538859
964352
301132
213610
878770
392417
348798
302849
625366
276739
597345
77309
452075
178159
79984
520457
459325
596318
620043
564629
203536
280948
760564
382799
44495
454811
705093
481371
660133
98954
575400
50326
130737
239732
778681
364026
850481
940915
183601
127777
25831
301515
25740
11021
599357
933232
521398
295138
956259
965364
706748
422504
411031
547268
328797
889623
21565
626109
114566
929955
716013
20197
508016
296642
399175
224084
340728
519897
233351
281275
93339
970761
302524
333728
6639
115919
762760
408409
855687
37954
163068
283491
237674
777986
169949
728608
940805
138122
399525
612403
942721
616962
651288
973034
972593
63306
760867
679624
285131
825103
577637
323517
991160
792113
319263
315589
314627
366896
394298
985038
829411
905035
571212
150121
731113
190097
810989
233447
843925
302060
820464
954059
327717
121623
170322
738780
667405
130380
982886
57041
816511
608167
230802
704470
392008
314087
349579
315452
954753
106724
255989
406791
638221
22173
471137
274400
790910
353454
897945
855906
995213
251085
866243
493672
294214
91485
398224
322900
339114
298100
599259
693457
942836
385918
207910
563971
850673
250766
903382
611411
660268
723042
485786
104144
873988
796540
367280
514901
783302
962938
891776
839001
275354
77980
928842
82484
163568
642802
586948
956816
224596
886105
520313
552692
90834
275095
999488
33442
906853
971961
165436
680154
445335
745597
303646
375950
837303
816175
194476
627661
576011
89607
856140
929273
796763
648490
899247
802459
267676
204309
719460
582200
576808
436562
420786
946886
75860
667071
267071
286456
457501
414461
68023
505760
236303
573799
665323
69141
363200
142641
485802
402926
694847
235530
432209
926816
469906
320502
906966
704953
889812
93076
81660
796032
452357
988450
835826
139578
100054
97281
316577
330227
341659
948854
548474
952529
351817
351089
637547
252055
277363
530441
866037
832827
19438
836149
801057
971661
181058
68247
287084
815416
504209
732744
568416
630747
820270
472185
492499
967817
209411
26297
221050
661604
457977
395234
485489
545101
7428
250290
644427
315404
578375
134741
726835
910374
74073
369848
501680
555913
217105
455162
714351
727571
246008
608503
651282
578402
640373
823984
677057
553245
891543
324790
719347
52064
261544
896189
33661
750174
483107
421699
25038
247404
628480
229465
668533
301703
732858
917569
468837
301810
466630
346437
846901
228321
45298
599652
422665
214134
45006
245029
47036
544957
875810
411051
185979
425936
415631
645361
318269
998856
245353
193232
540961
394491
426639
891911
498666
894666
313549
687840
733876
496473
73449
313366
567122
174256
23105
191280
600477
120576
509572
764908
884842
143812
652857
809701
497691
528634
356278
272619
358389
183779
273079
410832
113171
443897
590629
943750
